0 0.220703125 0.001302083333333363 0.21260969606164384 -0.0036030251141552228 0.20772688356164384 0.010719891552511443 0.2158203125 0.01562500000000003
0 0.10386303552060736 0.09755739334779463 0.0576171875 0.06510416666666667 0.04787274606832972 0.08979008496023137 0.0941185940889371 0.12224331164135933
0 0.09179687500000003 0.13281250000000003 0.06250000000000003 0.1328125 0.06250000000000003 0.16015625 0.09179687500000003 0.16015625
0 0.30671049552828616 0.19654092138103163 0.29413380043677206 0.1160500727953411 0.25521429128535766 0.12686104755962285 0.2677909863768718 0.20735189614531338
0 0.1657596982758621 0.3982489224137931 0.14833647629310348 0.3785919540229886 0.1293709590517242 0.4084770114942529 0.14679418103448283 0.4281339798850575
0 0.201171875 0.38671875 0.20042727508907365 0.35792755344418054 0.1689453125 0.359375 0.16968991241092635 0.38816619655581946
0 0.12296794895958989 0.4897372587454765 0.10632633443908324 0.4414439460193004 0.0657477476628468 0.4663029000804182 0.08238936218335345 0.5145962128065943
0 0.09375 0.5481770833333334 0.09317241315320665 0.5258437252573238 0.06337217933491687 0.5272138509501187 0.06394976618171022 0.5495472090261283
0 0.13867187500000006 0.5507812500000001 0.11402803308823535 0.5482536764705883 0.11100643382352945 0.6006280637254904 0.13565027573529417 0.6031556372549022
0 0.189453125 0.5169270833333334 0.185546875 0.5013020833333334 0.1767578125 0.5052083333333334 0.1806640625 0.5208333333333334
0 0.03320312500000007 0.6783854166666666 0.017578125000000062 0.6783854166666666 0.017578125000000066 0.7083333333333334 0.03320312500000007 0.7083333333333334
0 0.18766837284482762 0.8542564655172415 0.17675781250000006 0.8203125000000001 0.15106411637931033 0.8349946120689656 0.16197467672413793 0.868938577586207
0 0.23507159236348132 0.9551603384527875 0.21271731015358367 0.9316295150739478 0.19466923528157004 0.9621107081911264 0.2170235174914677 0.985641531569966
0 0.320944393382353 0.731234681372549 0.31497012867647056 0.6993719362745098 0.29153262867647056 0.7071844362745098 0.297506893382353 0.739047181372549
0 0.3473690257352941 0.756280637254902 0.3284122242647058 0.7411151960784313 0.314797794117647 0.7713694852941176 0.33375459558823534 0.7865349264705884
0 0.4111328125 0.8033854166666666 0.3945312500000001 0.8033854166666666 0.3945312500000001 0.8411458333333334 0.4111328125 0.8411458333333334
0 0.47915229941677173 0.5667297183690627 0.4588944770649433 0.5332367854140396 0.4240781151481715 0.5706737337116436 0.4443359375 0.6041666666666667
0 0.44418495335110436 0.3232270642929679 0.416669393802361 0.3119962236608277 0.39792653393945165 0.3936317910637219 0.425442093488195 0.40486263169586206
0 0.5576171874999999 0.25520833333333337 0.5341796874999999 0.22395833333333337 0.5234375 0.23828125000000003 0.546875 0.26953125
0 0.5546875 0.48307291666666674 0.5458984375 0.47656250000000006 0.541015625 0.48828125000000006 0.5498046875 0.49479166666666674
0 0.619140625 0.6028645833333333 0.6182999401029342 0.5300052255876322 0.5500468639079508 0.5314052886890678 0.5508875488050167 0.6042646464347688
0 0.5859375 0.6380208333333334 0.5537109375 0.6380208333333334 0.5537109375 0.6875 0.5859375 0.6875
0 0.618620266879562 0.8577022506082724 0.6027529083029196 0.8123669403892944 0.5653298927919709 0.8356523722627736 0.5811972513686132 0.8809876824817517
0 0.732421875 0.8802083333333335 0.697265625 0.8802083333333334 0.697265625 0.9140625000000001 0.732421875 0.9140625000000002
0 0.7346622242647058 0.7875306372549019 0.7275965073529412 0.7718290441176471 0.7089269301470589 0.786764705882353 0.7159926470588236 0.8024662990196079
0 0.7160036262798635 0.5496035978384529 0.7120040529010239 0.5042750995449374 0.6574965337030716 0.5128252986348123 0.6614961070819112 0.5581537969283278
0 0.7779200819672131 0.41860911885245905 0.7755667264344261 0.384093237704918 0.7230884989754098 0.39045423497267756 0.7254418545081966 0.42497011612021857
0 0.806640625 0.4778645833333336 0.794287330316742 0.4568497831825039 0.7553423713235293 0.4975490196078433 0.7676956660067875 0.5185638197586729
0 0.9755859375000002 0.8046875 0.9495218211206898 0.7235991379310346 0.9085061961206898 0.7470366379310346 0.9345703125000002 0.828125
0 1.0000000000000004 0.4934895833333336 0.9869684938524592 0.4919100068306013 0.9859919313524592 0.506232923497268 0.9990234375000003 0.5078125000000002