0 0.830078125 0.1471354166666666 0.8212890625 0.10677083333333333 0.7819510256717851 0.12199846049264237 0.7907400881717851 0.16236304382597566
0 0.5877043856968214 0.3050408771393643 0.5562872478606357 0.2483668245721272 0.526742053789731 0.27748382742461286 0.5581591916259168 0.33415787999185004
0 0.5917968749999999 0.24348958333333334 0.5892037752784289 0.21513835971082454 0.549164712778429 0.22164877637749117 0.5517578125 0.24999999999999997
0 0.630859375 0.2174479166666667 0.6024327949108818 0.19784337867417143 0.5858055816135085 0.24070463961851166 0.6142321617026267 0.26030917761100697
0 0.31847977311643844 0.10459474885844756 0.28743043664383566 0.08577696917808225 0.27639394263698636 0.11815068493150692 0.3074432791095891 0.13696846461187223
0 0.4433593750000001 0.2591145833333333 0.43696590147453085 0.2397404211349419 0.40934462969168905 0.25594490058087577 0.4157381032171582 0.27531906277926715
0 0.35799288415605096 0.3312135084925691 0.3353366341560509 0.303088508492569 0.30591286823248404 0.34522624734607216 0.3285691182324841 0.3733512473460722
0 0.31054687500000006 0.3424479166666668 0.2524606832971801 0.2681608143528562 0.23047722342733193 0.2987193826825742 0.2885634151301519 0.3730064849963848
0 0.1259765625 0.3567708333333333 0.12000084611913357 0.3201197728640192 0.105729636732852 0.3242563552948255 0.11170535311371843 0.3609074157641396
0 0.224609375 0.3867187500000001 0.2031468115482234 0.3748532677664976 0.1865452490482234 0.4282386844331642 0.2080078125 0.4401041666666668
0 0.28124999999999994 0.43619791666666674 0.27751497492570576 0.4203523557454186 0.24333528742570582 0.4346752724120853 0.2470703125 0.45052083333333337
0 0.275390625 0.40755208333333337 0.2718486884715026 0.38960627158894656 0.2532940009715026 0.3961166882556132 0.2568359375 0.4140625
0 0.4142578125000001 0.3625000000000001 0.3814453125 0.34791666666666676 0.365625 0.4111979166666667 0.3984375000000001 0.4257812500000001
0 0.6587309966216217 0.43197494369369377 0.6142578125000001 0.34895833333333354 0.5627111486486488 0.39805039414414434 0.6071843327702704 0.48106700450450457
0 0.7208100479014599 0.43873555352798044 0.7158203125 0.4244791666666666 0.7010649520985401 0.4336602798053527 0.7060546875 0.44791666666666663
0 0.8124999999999998 0.2877604166666668 0.7975751768867924 0.27670499213836497 0.7823739681603773 0.3131878930817612 0.7972987912735847 0.324243317610063
0 0.900390625 0.60546875 0.8955078125 0.5651041666666666 0.8490230413286003 0.5751008916497633 0.8539058538286003 0.6154654749830967
0 0.9147294207317074 0.6443407012195124 0.8853610899390244 0.6399898373983741 0.8826934070121952 0.6720020325203253 0.9120617378048783 0.6763528963414634
0 0.6385014681208054 0.6909867869127517 0.6343920406879195 0.6599377796420584 0.6134451027684564 0.664866470917226 0.6175545302013423 0.6959154781879194
0 0.6204248715753427 0.6360766267123289 0.6064453125 0.6276041666666667 0.6018969392123288 0.6409460616438357 0.6158764982876713 0.6494185216894979
0 0.5390625 0.5976562500000002 0.5319983356518282 0.5737467706677267 0.4997717731518282 0.5906738540010601 0.5068359375 0.6145833333333336
0 0.4266041402284264 0.6682331324027072 0.4052734375 0.6354166666666666 0.39731717956852786 0.6446105647208122 0.4186478822969543 0.6774270304568528
0 0.4833984375000001 0.6718750000000001 0.4784655053296487 0.5784781509080142 0.4267578125000001 0.5833333333333334 0.43169074467035146 0.6767301824253191
0 0.318359375 0.63671875 0.316171875 0.6163020833333334 0.29566406249999994 0.6202083333333334 0.2978515624999999 0.640625
0 0.21996093749999995 0.7235416666666665 0.188953125 0.6638229166666666 0.15706250000000002 0.6932604166666666 0.18807031249999998 0.7529791666666665
0 0.16066099016853932 0.6934544709737828 0.1533203125 0.6510416666666666 0.10581987359550563 0.665657186329588 0.11316055126404494 0.7080699906367041
0 0.12695312499999997 0.6184895833333333 0.12056021341463412 0.6053163109756097 0.10395865091463415 0.6196392276422763 0.1103515625 0.6328124999999999
0 0.09765625000000008 0.9127604166666669 0.0756262081185568 0.8805895618556702 0.0489046391752578 0.9131201675257734 0.07093468105670109 0.94529102233677
0 0.126953125 0.95703125 0.12386298808316432 0.9314861181541582 0.08640498225152131 0.9395416032792426 0.08949511916835699 0.9650867351250845
0 0.40260875907676363 0.8132391078838174 0.378742544087137 0.8112908454356847 0.3755478475103735 0.8808642375518673 0.3994140625000001 0.8828125
0 0.5396228227459016 0.8923326502732241 0.5361328125 0.8411458333333335 0.4894659323770492 0.8468024248633881 0.4929559426229508 0.8979892418032788
0 0.57421875 0.9179687500000001 0.5585997596153847 0.9080088141025643 0.5462710336538462 0.9423798076923078 0.5618900240384616 0.9523397435897436
0 0.6953125 0.7565104166666669 0.6830078125000002 0.7510416666666669 0.6781250000000002 0.7705729166666669 0.6904296875 0.7760416666666667
0 0.8659311655405405 0.8183347409909912 0.8329339104729732 0.8113879504504506 0.8257759712837839 0.8718327702702704 0.8587732263513512 0.878779560810811
0 0.9609375 0.9231770833333336 0.9475776627218935 0.9158422707100594 0.9407417252218935 0.937977687376726 0.9541015625 0.9453125000000002
0 0.828125 0.9986979166666666 0.8276348761792454 0.9836674528301886 0.8051739386792454 0.984969536163522 0.8056640625 1
0 0.27408616560218996 0.832782086374696 0.26200387773722633 0.8252642183698297 0.25372091697080296 0.848929820559611 0.2658032048357666 0.8564476885644771
0 0.4466346153846154 0.8064703525641026 0.43407451923076934 0.8019030448717949 0.4316406250000001 0.8138020833333335 0.4442007211538462 0.8183693910256411
0 0.4089729698905111 0.17295848540145994 0.3750997947080293 0.15653512773722633 0.3641508895985402 0.1966811131386862 0.39802406478102204 0.2131044708029198
0 0.8870793269230768 0.2912059294871796 0.8708834134615382 0.2853165064102565 0.8671874999999998 0.30338541666666674 0.8833834134615385 0.3092748397435898