0 0.6618190456081081 0.27371903153153176 0.6529508023648648 0.26527308558558577 0.6454286317567568 0.27931447072072096 0.654296875 0.2877604166666669
0 0.4609375 0.009114583333333334 0.44661159690366964 -0.001170680428134574 0.44140625 0.01171874999999997 0.45573215309633025 0.022004013761467878
0 0.1373248922413794 0.7076149425287356 0.12402343750000007 0.7005208333333334 0.11924164870689662 0.7164601293103448 0.13254310344827594 0.7235542385057471
0 0.79296875 0.6080729166666667 0.775390625 0.5846354166666666 0.767578125 0.5950520833333334 0.78515625 0.6184895833333335
0 0.8925781250000002 0.44661458333333354 0.8779296875 0.4401041666666668 0.8732421875 0.4588541666666668 0.8878906250000002 0.4653645833333335
0 0.3090420081967213 0.1250640368852459 0.3076171875 0.10416666666666667 0.2792648565573771 0.10760331284153006 0.2806896772540984 0.12850068306010928
0 0.6816204202586207 0.021677442528735633 0.6806640624999999 7.401486830834377e-18 0.6522696659482758 0.0022270114942528766 0.6532260237068965 0.023904454022988502
0 0.5613731971153847 0.3349358974358975 0.5572415865384616 0.307391826923077 0.5377103365384616 0.31260016025641035 0.5418419471153847 0.34014423076923084
0 0.4874429989270386 0.5096287106580829 0.48300026824034326 0.4847494188125894 0.447265625 0.49609374999999994 0.4517083556866952 0.5209730418454934
0 0.7491406250000001 0.5275520833333335 0.7215234375000001 0.5222916666666669 0.7176562500000001 0.5583854166666669 0.7452734375000002 0.5636458333333336
0 0.9865534855769231 0.019330929487179443 0.9754356971153847 -0.0029046474358975635 0.9375751201923077 0.030749198717948664 0.9486929086538461 0.05298477564102567
0 0.3486823842005077 0.6357934115905246 0.3288338753172589 0.6339030774111676 0.3242584073604061 0.719311812605753 0.34410691624365486 0.7212021467851101
0 0.5285956711065574 0.30247609289617494 0.5126953125 0.26822916666666674 0.4881531762295081 0.2884861680327869 0.5040535348360656 0.3227330942622952
0 0.3266977163461539 0.8076923076923078 0.3030348557692307 0.8013822115384616 0.2940955528846153 0.8609775641025641 0.3177584134615385 0.8672876602564104
0 0.4189453125000001 0.7291666666666667 0.4042968750000001 0.7096354166666667 0.36230468750000006 0.7656250000000002 0.37695312500000006 0.7851562500000002
0 0.5995354259465477 0.14052930122494436 0.5711716140033406 0.12232043429844106 0.5536413383908685 0.17086581291759467 0.5820051503340756 0.18907467984409798
0 0.1125780591273187 0.528066153738055 0.0771484375 0.5052083333333333 0.0625247022554806 0.5455048482293423 0.0979543238827993 0.568362668634064
0 0.761268028846154 0.8420472756410257 0.7548828125000001 0.7994791666666666 0.7105618990384616 0.8112980769230769 0.7169471153846154 0.8538661858974359
0 0.9052734375 0.10156250000000012 0.8837890625 0.07291666666666667 0.8398437499999998 0.1315104166666668 0.861328125 0.16015625000000025
0 0.7811884631849314 0.3618507420091325 0.7432630565068492 0.3209153824200914 0.7188382919520546 0.36114440639269413 0.7567636986301368 0.4020797659817352
0 0.29492187499999994 0.022135416666666703 0.24988362208549217 0.009566601899827313 0.24218749999999994 0.05859375000000002 0.28722575291450775 0.07116256476683942
0 0.49696928879310354 0.3310434626436783 0.4408674568965517 0.2989852729885058 0.42157192887931033 0.35901580459770116 0.4776737607758622 0.39107399425287365