0 0.03033290981833911 0.003497152537485589 0.00008042279411764782 0.002435661764705882 -0.0019504217128027712 0.1053317834486736 0.02830206531141869 0.10639327422145331
0 0.2267578125 0.2625 0.19687499999999997 0.14296875 0.05800781249999999 0.2046875 0.08789062499999999 0.32421875
0 0.18282866379310342 0.1484392959770115 0.17287580818965514 0.09388290229885056 0.10499595905172412 0.11589798850574712 0.1149488146551724 0.17045438218390802
0 0.28283675280713344 0.25734292437252315 0.23943583842470278 0.13820315940114486 0.20033463713672392 0.16352584214002644 0.24373555151915455 0.2826656071114047
0 0.262255100388601 0.19207415803108818 0.23820535136010362 0.13710330310880836 0.20414204177461143 0.16359698834196898 0.22819179080310886 0.21856784326424883
0 0.2578125 0.3372395833333333 0.19433593750000003 0.3125 0.18139701673571743 0.37151963857392073 0.24487357923571743 0.39625922190725404
0 0.2181181066176471 0.2650888480392158 0.19422104779411767 0.2571231617647059 0.1870404411764706 0.2954197303921569 0.21093750000000006 0.30338541666666674
0 0.34601413216560506 0.17588906581740982 0.3078348925159236 0.14812234607218688 0.2684613853503185 0.2443686969214438 0.306640625 0.27213541666666674
0 0.4249385572275923 0.16173293790275348 0.3723226054481547 0.14685165861159938 0.35558717322056244 0.2520458040421793 0.408203125 0.26692708333333337
0 0.6200595874606034 0.2546824581644904 0.5514429909106259 0.20661207414077737 0.5320467272624944 0.2558327001725949 0.6006633238124719 0.3039030841963079
0 0.8829606681034482 0.20158943965517248 0.865625 0.18203125 0.8439924568965516 0.21611889367816098 0.861328125 0.23567708333333345
0 0.8343677247492838 0.5659025787965618 0.7972331661891119 0.5379171143744033 0.7851562500000001 0.5664062500000002 0.8222908085601721 0.5943917144221588
0 0.6584267974827139 0.4828962294727745 0.6044921875 0.45572916666666674 0.5770429316119274 0.5526088933304524 0.6309775415946414 0.5797759561365602
0 0.6586623649385409 0.40199370539254564 0.6475709072660587 0.3361171689135606 0.5602920858941316 0.3622414419772667 0.5713835435666138 0.42811797845625177
0 0.5713742659395974 0.4806784815436241 0.5271458158557047 0.4011954697986576 0.4596096371644296 0.46800545302013413 0.5038380872483221 0.5474884647651006
0 0.5541438466494846 0.5126986683848799 0.5236992590206186 0.4946574312714778 0.4948654961340207 0.5811587199312717 0.5253100837628867 0.5991999570446737
0 0.23046875 0.7643229166666665 0.22265625 0.7330729166666666 0.193359375 0.74609375 0.201171875 0.7773437499999999
0 0.23828125 0.71484375 0.2315602022058824 0.678998161764706 0.2131778492647059 0.6851256127450981 0.21989889705882354 0.7209712009803921
0 0.18782749027657744 0.87447669079516 0.14253761073898014 0.8104303964995678 0.10880104796888505 0.8528420754105445 0.15409092750648234 0.9168883697061367
0 0.01990366101165695 0.35636210276158753 0.018786427976686098 0.2833695444768249 -0.0009757493755203947 0.2839072907993339 0.00014148365945045732 0.35689984908409655