0 0.05078125 0.0013020833333333417 0.015625 0.001302083333333339 0.015625000000000003 0.044270833333333336 0.05078125 0.04427083333333334
0 0.058593749999999986 0.13411458333333337 0.0361328125 0.07291666666666669 0.002840519996347701 0.09463929723642561 0.02530145749634769 0.1558372139030923
0 0.03808593750000001 0.30989583333333337 0.03684449914383562 0.26520405251141554 0.023263591609589043 0.2658747146118722 0.02450502996575343 0.31056649543379
0 0.10624913450886264 0.31220957964057117 0.103515625 0.21744791666666669 0.052734374999999986 0.22005208333333337 0.05546788450886263 0.31481374630723785
0 0.16210937499999997 0.24348958333333337 0.15832331730769228 0.224979967948718 0.12609675480769228 0.236698717948718 0.1298828125 0.25520833333333337
0 0.29666502990150095 0.085641416510319 0.22315790630863042 0.04321939493433399 0.19920519172138837 0.11700476860537841 0.27271231531425894 0.1594267901813634
0 0.35546875000000006 0.11067708333333333 0.3517677647292994 0.09389928343949044 0.3330513535031847 0.1012390525477707 0.3367523387738854 0.1180168524416136
0 0.25229660560344824 0.35023347701149427 0.2509765625 0.3203125 0.23197063577586205 0.3218031609195402 0.23329067887931032 0.35172413793103446
0 0.23906250000000004 0.28984375000000007 0.2255859375 0.2838541666666667 0.2216796875 0.2994791666666667 0.23515625000000004 0.30546875
0 0.1420514910609613 0.5320025522665103 0.1376953125 0.48437499999999994 0.090521504982415 0.4920455378077373 0.0948776835433763 0.5396730900742476
0 0.009765625000000042 0.4401041666666667 0.0009765625000000405 0.4401041666666667 0.0009765625000000438 0.5130208333333334 0.009765625000000045 0.5130208333333334
0 0.052734375000000035 0.4388020833333333 0.04218750000000003 0.43411458333333336 0.039062500000000035 0.44661458333333326 0.04960937500000003 0.45130208333333327
0 0.17578124999999997 0.5716145833333334 0.16131140564202334 0.5545912370298314 0.1408491913910506 0.5855119163424125 0.15531903574902722 0.6025352626459143
0 0.1494741586538462 0.8139423076923078 0.06865985576923077 0.7845552884615385 0.05802283653846156 0.8365584935897437 0.138837139423077 0.8659455128205129
0 0.39849277712264164 0.7425805817610063 0.341354658018868 0.7208136792452831 0.3270931603773585 0.7873673349056606 0.38423127948113217 0.8091342374213839
0 0.42135632780083 0.686208722337483 0.39687337914937765 0.6673096040802214 0.38274361384854777 0.6998508817427388 0.4072265625000001 0.7187500000000002
0 0.46281327351485146 0.7106667698019802 0.4517616800742574 0.6926567656765676 0.4343189201732673 0.7116852310231023 0.4453705136138614 0.7296952351485149
0 0.4673828125 0.5093750000000001 0.4357421875000001 0.4953125000000001 0.4228515625000001 0.5468750000000001 0.4544921875 0.5609375000000001
0 0.3029296875 0.4302083333333334 0.3015234375 0.4170833333333334 0.2900390625 0.41927083333333337 0.2914453125 0.43239583333333337
0 0.51953125 0.25781250000000006 0.4716796875 0.25781250000000006 0.4716796875 0.2955729166666668 0.51953125 0.2955729166666668
0 0.5288152220022624 0.3409101621417799 0.5018647483031674 0.3238888103318251 0.4908883625565611 0.35478530354449483 0.5178388362556561 0.37180665535444957
0 0.6407973345588236 0.2777267156862745 0.6396484375000001 0.25781249999999994 0.6244140625000001 0.25937499999999997 0.6255629595588236 0.2792892156862745
0 0.7695312499999999 0.37630208333333337 0.74609375 0.34505208333333354 0.6982421875 0.40885416666666685 0.7216796874999999 0.44010416666666674
0 0.842394301470588 0.2737591911764707 0.8288028492647058 0.24528186274509814 0.7862132352941176 0.28141850490196085 0.7998046874999999 0.3098958333333334
0 0.9052734375 0.3489583333333333 0.8989738503886011 0.3170404253022453 0.8856106298575128 0.321729274611399 0.8919102169689118 0.35364718264248707
0 0.6884765624999999 0.67578125 0.6423828125 0.6450520833333334 0.6248046875 0.6919270833333334 0.6708984374999999 0.72265625
0 0.552734375 0.6236979166666667 0.5408480491863905 0.6171720907297832 0.5340121116863905 0.6393075073964499 0.5458984375 0.6458333333333335
0 0.8157701404816514 0.7298117354740064 0.8038901232798163 0.7212824923547403 0.795737170298165 0.741470756880734 0.8076171875 0.7500000000000001
0 0.682459332191781 0.8697452910958906 0.6666149400684932 0.8526434075342467 0.6479211258561643 0.8834332191780824 0.6637655179794522 0.9005351027397263
0 0.7402343750000002 0.9322916666666667 0.7228944359756098 0.903391768292683 0.7131288109756098 0.9138084349593497 0.7304687500000001 0.9427083333333336
0 0.41796875 0.8984375 0.3779296875000001 0.8984375 0.3779296875000001 0.9296875 0.41796875 0.9296875