0 0.896484375 1.4550653700806767e-16 0.865234375 1.4295518950984403e-16 0.865234375 0.03385416666666682 0.896484375 0.03385416666666682
0 0.619140625 0.0455729166666667 0.6162109375 0.015625000000000014 0.5987598745353161 0.01865996747211896 0.6016895620353161 0.04860788413878565
0 0.4013671875 0.028645833333333332 0.40031550480769235 -0.0008012820512820521 0.3876953125000001 -3.7007434154171884e-18 0.38874699519230776 0.02944711538461538
0 0.4697265625 7.462691432304184e-17 0.4443359375 7.255394448073511e-17 0.4443359375 0.023437500000000073 0.4697265625 0.023437500000000073
0 0.202037883254717 0.07733883647798745 0.17476783608490568 0.01189072327044025 0.14093823702830188 0.03694968553459119 0.16820828419811323 0.10239779874213838
0 0.14550781250000003 0.03906250000000001 0.13964843750000003 7.401486830834377e-18 0.09119591346153846 0.01292067307692308 0.09705528846153846 0.05198317307692309
0 0.38306292142116183 0.1625151279391425 0.3600703449170124 0.16063818291839563 0.35689023599585057 0.22989388831258653 0.3798828125 0.2317708333333334
0 0.25680301966292135 0.19512230805243444 0.25324789325842695 0.17458157771535585 0.23484682233146065 0.18024344569288392 0.23840194873595505 0.20078417602996254
0 0.08023648648648649 0.2604518581081081 0.058857685810810835 0.22054476351351354 0.028742609797297314 0.2492257882882883 0.05012141047297297 0.28913288288288286
0 0.0759765625 0.3328125 0.0654296875 0.328125 0.0625 0.33984375 0.073046875 0.34453125
0 0.107421875 0.30078125 0.10186095505617976 0.27006378745318355 0.07354064255617979 0.27917837078651686 0.0791015625 0.3098958333333333
0 0.08086720206197578 0.3841412802889096 0.0012423185577819407 0.3609173559335197 -0.006683036754426807 0.4092242835507921 0.07294184674976703 0.432448207906182
0 0.033203125 0.3528645833333333 0.027076283837579616 0.32508957006369427 0.007302448248407645 0.3328440153927813 0.013429289410828027 0.3606190286624204
0 0.03515624999999999 0.6783854166666666 0.033560403963414635 0.6592352642276423 0.007193216463414637 0.6631415142276423 0.008789062499999995 0.6822916666666666
0 0.09765625 0.93359375 0.06708277557237818 0.8958487198424422 0.04115410358197939 0.9331860075086165 0.07172757800960121 0.9709310376661743
0 0.07812499999999999 0.9986979166666666 0.0775907939189189 0.9680701013513514 0.02706397804054054 0.9696368243243243 0.02759818412162162 1.0002646396396395
0 0.5078125 0.7356770833333334 0.4629875919117647 0.7131421568627451 0.4405266544117647 0.7925692401960784 0.4853515625 0.8151041666666666
0 0.6845703125000001 0.7552083333333337 0.65234375 0.7122395833333336 0.6279296875 0.7447916666666669 0.6601562500000001 0.7877604166666671
0 0.7188570073420534 0.768319142810135 0.7032397195829221 0.7678564083580126 0.7021561497408688 0.8328705988812111 0.7177734375000001 0.8333333333333335
0 0.8075369599858357 0.8288405925401323 0.78769033286119 0.8163878068932957 0.7623716359773371 0.8881241147308785 0.782218263101983 0.9005769003777149
0 0.8425161966463417 0.21194105691056897 0.8169254954268294 0.18986280487804857 0.8044540777439024 0.21556148373983722 0.8300447789634149 0.23763973577235759
0 0.845703125 0.18359375 0.8389321713262478 0.1581513786198398 0.8086587338262478 0.17247429528650648 0.8154296875 0.19791666666666666
0 0.6777343749999999 0.11328125000000006 0.6666130514705881 0.10384497549019614 0.6621093749999999 0.11328125000000006 0.6732306985294116 0.12271752450980399
0 0.55859375 0.2695312500000001 0.5436483304794522 0.25339968607305946 0.5226803296232878 0.28793521689497736 0.5376257491438357 0.30406678082191796
0 0.5223570040832456 0.2372439739199157 0.5164719029899896 0.18904219353705656 0.469700836406744 0.19919405295047418 0.4755859375 0.24739583333333334
0 0.8110021407918151 0.3571508007117437 0.785677546708185 0.3394637826215894 0.77252696841637 0.3729379819098457 0.7978515625000001 0.390625
0 0.85 0.38567708333333334 0.8447265625 0.3645833333333334 0.8294921875 0.37135416666666676 0.834765625 0.3924479166666667
0 0.78515625 0.4010416666666668 0.7255859375 0.4010416666666668 0.7255859375 0.4739583333333334 0.78515625 0.4739583333333334
0 0.818359375 0.5664062500000002 0.7822265625 0.5664062500000002 0.7822265625 0.5963541666666669 0.818359375 0.5963541666666669
0 0.5298828125 0.93125 0.5146484375 0.9244791666666666 0.5111328125 0.9385416666666667 0.5263671875 0.9453125
0 0.7412109375 1 0.7380055147058824 0.9444393382352941 0.7130629595588235 0.9469975490196079 0.7162683823529411 1.0025582107843138
0 0.9374999999999998 0.2799479166666668 0.9257812499999998 0.2773437500000001 0.9233266469594593 0.29698057432432445 0.9350453969594593 0.29958474099099114