0 0.35380091292134824 0.44149403089887634 0.3408203125 0.4375 0.3385818995786517 0.45043305243445697 0.3515624999999999 0.4544270833333333
0 0.7958984375 0.4778645833333334 0.7821116727941175 0.4732689950980393 0.7791819852941175 0.4888939950980394 0.79296875 0.4934895833333334
0 0.608233173076923 0.8594350961538464 0.6043569711538461 0.8404847756410257 0.591796875 0.8450520833333335 0.5956730769230769 0.864002403846154
0 0.400390625 0.5872395833333334 0.3893479567307692 0.5774238782051282 0.3806340144230769 0.5948517628205129 0.39167668269230765 0.6046674679487178
0 0.982421875 0.68359375 0.9780625000000001 0.6516249999999999 0.965859375 0.6545833333333333 0.9702187500000001 0.6865520833333334
0 0.16478291495901645 0.363131830601093 0.15474513319672137 0.3619151297814208 0.15207159323770497 0.4011270491803279 0.16210937500000006 0.40234375
0 0.7487706801470588 0.5424938725490197 0.7474839154411764 0.5201899509803921 0.7262752757352942 0.5223651960784313 0.7275620404411766 0.5446691176470588
0 0.5074819711538463 0.8933493589743592 0.4954927884615385 0.8842147435897438 0.484375 0.9101562500000002 0.49636418269230786 0.9192908653846156
0 0.07658192334254144 0.3293983080110498 0.07568089606353592 0.3065722836095765 0.05230814053867404 0.3082124769797422 0.05320916781767957 0.3310385013812155
0 0.08999344206204378 0.10068810827250609 0.08126140510948905 0.07573943126520681 0.06287066605839416 0.08718255778588807 0.0716027030109489 0.11213123479318733
0 0.36328125 0.4778645833333333 0.34334374999999995 0.47303125 0.33943749999999995 0.5016770833333334 0.359375 0.5065104166666666
0 0.2519531250000001 0.6875 0.22070312500000008 0.6875 0.22070312500000008 0.7096354166666666 0.2519531250000001 0.7096354166666666
0 0.08398437500000001 0.11197916666666667 0.050781250000000014 0.11197916666666667 0.05078125000000002 0.13411458333333334 0.08398437500000003 0.13411458333333334
0 0.2801724137931035 0.028331537356321858 0.2724946120689655 0.0044450431034482795 0.24562230603448273 0.019800646551724154 0.25330010775862066 0.04368714080459773
0 0.28906250000000006 0.3763020833333334 0.26301203547297297 0.35149211711711725 0.24955130912162163 0.37661880630630645 0.2756017736486487 0.4014287725225226
0 0.1830078125 0.045312500000000026 0.1537109375 0.032291666666666684 0.14648437499999997 0.06119791666666668 0.17578125 0.07421875000000003
0 0.6141104068396226 0.22196835691823893 0.6083984375 0.1953125 0.5744767099056602 0.20823506289308177 0.5801886792452828 0.23489091981132074
0 0.6286352962427746 0.5770788174373795 0.6029793623554915 0.5519930154142582 0.5873938764450869 0.5803302625240848 0.61304981033237 0.6054160645472062
0 0.04394531250000001 0.05729166666666668 0.012790735446985457 0.05595168485793487 0.01171875000000001 0.10026041666666669 0.04287332705301456 0.10160039847539849
0 0.9308755473726114 0.5873225185774946 0.9210974820859873 0.563420581210191 0.8825077129777069 0.5914858678343949 0.8922857782643311 0.6153878052016986
0 0.4755859375000001 0.8697916666666667 0.4550781250000001 0.8424479166666667 0.4345703125 0.8697916666666669 0.455078125 0.8971354166666669
0 0.6630859375000001 0.04036458333333347 0.6231788429054055 0.03149634009009022 0.6182960304054055 0.07055884009009022 0.6582031250000001 0.07942708333333347
0 0.1098642963877339 0.5814221673596673 0.10839843750000003 0.5208333333333334 0.08102017281704783 0.5220108931046431 0.08248603170478172 0.5825997271309772
0 0.5435689786585366 0.7157139227642279 0.513967225609756 0.6974974593495936 0.49584603658536575 0.7498475609756099 0.5254477896341463 0.768064024390244
0 0.40390625 0.12526041666666662 0.3802734375 0.06223958333333336 0.34980468750000004 0.08255208333333336 0.37343750000000003 0.14557291666666664
0 0.220703125 0.10156250000000003 0.1796875 0.10156250000000003 0.1796875 0.15755208333333337 0.220703125 0.1575520833333334
0 0.7265625 0.9388020833333336 0.6943359375 0.8958333333333336 0.6679687500000001 0.9309895833333336 0.7001953125000001 0.9739583333333336
0 0.4579977448453608 0.07451406786941583 0.4553036404639175 0.037395296391752604 0.3780907699742268 0.047358247422680404 0.3807848743556701 0.08447701890034365
0 0.849609375 0.6653645833333336 0.826171875 0.6341145833333337 0.7783203125000001 0.6979166666666671 0.8017578125 0.7291666666666669
0 0.23437500000000006 0.6054687500000001 0.19356094306049826 0.5884628929418745 0.1811714579626335 0.6413246960260973 0.2219855149021353 0.6583305530842231
0 0.43584735576923084 0.8951322115384616 0.3761268028846155 0.8792067307692307 0.3650841346153847 0.952824519230769 0.4248046875 0.96875
0 0.23547945576756293 0.33116507661173755 0.18108839711621857 0.31358412836079796 0.1643589413486557 0.40559613508239367 0.21875000000000006 0.42317708333333326
0 0.42054611527552677 0.2586055679362507 0.3916015625 0.16145833333333334 0.33528666936790924 0.19128722649918964 0.36423122214343595 0.288434461102107