0 0.5235048491379309 0.55316091954023 0.5166015625 0.5494791666666667 0.5115503771551724 0.5663164511494254 0.5184536637931034 0.5699982040229886
0 0.2672679227941177 0.011550245098039221 0.2665785845588236 -0.0003982843137254906 0.25000000000000006 0.0013020833333333333 0.25068933823529416 0.013250612745098044
0 0.8359375 0.35026041666666685 0.82421875 0.3450520833333334 0.8203125 0.3606770833333334 0.83203125 0.36588541666666685
0 0.7694915926395938 0.5500409792724199 0.7509765624999998 0.5286458333333335 0.7452411167512689 0.5374695960236887 0.7637561468908629 0.5588647419627751
0 0.15287836450729939 0.8870513990267642 0.13769531250000008 0.8776041666666669 0.13325444799270086 0.8902923509732361 0.14843750000000017 0.8997395833333335
0 0.5361328125000001 9.62193288008469e-17 0.5120069159836065 -0.0029243510928960974 0.5110303534836065 0.011398565573770569 0.5351562500000001 0.014322916666666763
0 0.576171875 0.2643229166666668 0.563671875 0.25598958333333344 0.556640625 0.2747395833333334 0.569140625 0.2830729166666668
0 0.4892578125 0.3489583333333334 0.4765625 0.3320312500000001 0.4599609375 0.3541666666666668 0.47265625 0.3710937500000001
0 0.19824218750000006 0.22916666666666669 0.18311347336065578 0.21667947404371588 0.1673379866803279 0.25065744535519124 0.18246670081967215 0.2631446379781421
0 0.7124498755530974 0.4963933443952803 0.6966174640486725 0.47792219764011806 0.6781664823008848 0.5060379793510327 0.6939988938053097 0.5245091261061948
0 0.4509765625 0.5630208333333332 0.4443359375 0.5364583333333334 0.40859375 0.55234375 0.415234375 0.5789062499999998
0 0.45000952743902445 0.3308752540650406 0.42814405487804885 0.31201092479674786 0.412109375 0.34505208333333326 0.4339748475609756 0.363916412601626
0 0.03205252165841586 0.11820596122112213 0.009620590965346546 0.1152150371287129 0.004911819306930706 0.1779986592409241 0.027343750000000017 0.18098958333333334
0 0.345703125 0.8268229166666667 0.3435941083715596 0.7340261850152905 0.32739213016055047 0.7346808103975536 0.32950114678899084 0.8274775420489299
0 0.36154747596153847 0.970108173076923 0.3590594951923077 0.9103966346153846 0.33244891826923073 0.9123677884615383 0.3349368990384615 0.9720793269230767
0 0.42918756778741873 0.7976206616052061 0.41131710954446854 0.785079989154013 0.3832700650759219 0.8561325018076645 0.40114052331887207 0.8686731742588576
0 0.48995263354121477 0.1564477133044108 0.4580078124999999 0.14322916666666677 0.4456726206616051 0.19622480567606662 0.47761744170281994 0.20944335231381067
0 0.7873058431952662 0.7865661982248521 0.7747376571745561 0.74634800295858 0.733479336168639 0.7692692924063117 0.7460475221893491 0.8094874876725837
0 0.3117593854865772 0.7234776985458614 0.28698484689597314 0.676288101230425 0.2569670197147651 0.7043047399328859 0.2817415583053692 0.7514943372483223
0 0.7835937500000001 0.024479166666666607 0.7695312500000001 -0.013020833333333393 0.709375 0.027083333333333334 0.7234375 0.06458333333333334
0 0.7130891792012448 0.3112141251728909 0.6695126102178424 0.2775760719225451 0.6503906250000001 0.3216145833333334 0.6939671939834026 0.3552526365836792
0 0.17111486486486485 0.1980081644144144 0.16514463682432431 0.1475929054054054 0.1142947635135135 0.1582981418918919 0.12026499155405404 0.2087134009009009
0 0.14316406250000008 0.6924479166666667 0.09941406250000007 0.66328125 0.07128906250000008 0.73828125 0.1150390625000001 0.7674479166666667
0 0.42770749713302764 0.3920465405198778 0.37126397649082576 0.369469132262997 0.3564811496559634 0.43517058486238547 0.41292467029816526 0.4577479931192662