0 0.6158243120733788 0.10854842150170653 0.588777197098976 0.06286884954493743 0.5611034822952217 0.09199907565415248 0.5881505972696244 0.13767864761092158
0 0.6487528592572659 0.1202752175278078 0.6322091126210979 0.11873626435235031 0.628964065863832 0.1807527134912093 0.6455078125 0.1822916666666668
0 0.7318539039317508 0.1887016258654798 0.7168316487388725 0.17743493447082107 0.6907774248887241 0.2391930947082098 0.7057996800816023 0.2504597861028685
0 0.7850044527202072 0.16199131044905027 0.7558593750000001 0.13932291666666685 0.7460482108160622 0.16174843480138185 0.7751932885362695 0.18441682858376526
0 0.5957031250000001 0.26692708333333326 0.5595703125000002 0.2265625 0.5199939645922749 0.2895442149499285 0.5561267770922748 0.32990879828326175
0 0.6630859375 0.35156250000000006 0.6619851274524375 0.29138488406658747 0.6378950375297265 0.2921683016250496 0.638995847577289 0.3523459175584622
0 0.455078125 0.2773437500000001 0.45133713942307685 0.25905448717948726 0.4404296875 0.26302083333333337 0.4441706730769231 0.2813100961538462
0 0.02343750000000002 0.2434895833333334 0.0009765624999999889 0.21614583333333337 -0.018431862113402066 0.24448829467353955 0.004029075386597969 0.27183204467353955
0 0.02343750000000002 0.2434895833333334 0.0009765624999999889 0.21614583333333337 -0.018431862113402066 0.24448829467353955 0.004029075386597969 0.27183204467353955
0 0.00976562500000003 0.3046875 0.0009765625000000282 0.3046875 0.0009765625000000293 0.3333333333333333 0.009765625000000031 0.3333333333333333
0 0.3982077205882353 0.5391390931372549 0.35340073529411764 0.5032935049019609 0.3344439338235294 0.545419730392157 0.3792509191176471 0.581265318627451
0 0.255859375 0.5638020833333334 0.2470703125 0.5572916666666666 0.2421875 0.5690104166666666 0.2509765625 0.5755208333333335
0 0.16992187500000006 0.81640625 0.1520463884083045 0.8091524293540945 0.14478468317474052 0.8409656141868512 0.16266016976643607 0.8482194348327566
0 0.07812500000000008 0.7903645833333334 0.06738281250000008 0.7864583333333334 0.06458834134615392 0.8001201923076925 0.07533052884615392 0.8040264423076925
0 0.3949994648972603 0.7943421803652969 0.38831068065068486 0.7747217465753425 0.37109374999999994 0.7851562500000001 0.3777825342465754 0.8047766837899546
0 0.7958984375 0.5130208333333336 0.7812499999999999 0.4934895833333334 0.7548828124999999 0.5286458333333334 0.76953125 0.5481770833333335
0 0.9394531249999998 0.6627604166666671 0.9248046875 0.6536458333333337 0.9201143362226277 0.6670468369829687 0.9347627737226276 0.676161420316302
0 0.8783203125 0.8401041666666668 0.8548046875 0.8356250000000002 0.8514843750000001 0.8666145833333335 0.875 0.8710937500000001