0 0.6715625000000002 0.5484895833333335 0.6614453125000002 0.5465625000000002 0.6598046875000001 0.5618750000000002 0.6699218750000002 0.5638020833333336
0 0.5019531250000001 0.7929687500000001 0.4912109375 0.7890625000000001 0.48828125 0.8033854166666667 0.4990234375000001 0.8072916666666667
0 0.8613281249999998 0.24348958333333337 0.8466796874999998 0.23697916666666677 0.8433593749999998 0.25026041666666676 0.8580078124999998 0.2567708333333334
0 0.3095703125 0.1614583333333334 0.29934016047297296 0.1542370495495496 0.2904560810810811 0.17661176801801803 0.3006862331081081 0.18383305180180184
0 0.34375000000000006 0.3294270833333333 0.34082031250000006 0.3072916666666667 0.323215971057047 0.31143386465324385 0.326145658557047 0.3335692813199105
0 0.06747494103773585 0.6213148584905661 0.046580188679245314 0.6133549528301888 0.04160524764150948 0.6365713443396228 0.06250000000000003 0.6445312500000001
0 0.8212890625 0.7643229166666667 0.8052734375 0.7536458333333336 0.7953125 0.7802083333333336 0.811328125 0.7908854166666668
0 0.595703125 0.8072916666666666 0.57421875 0.8072916666666666 0.57421875 0.8424479166666666 0.595703125 0.8424479166666666
0 0.15087709107806702 0.8096973745353162 0.11597496514869894 0.8036274395910783 0.11240270678438669 0.8401438584262703 0.14730483271375472 0.8462137933705082
0 1 0.08463541666666667 0.9968141649590164 0.03790983606557378 0.9679335297131149 0.041410519125683054 0.9711193647540984 0.08813609972677594
0 0.0685019388686132 0.2661477341849149 0.020065864507299313 0.23600973236009734 0.012032390510948954 0.25896251520681274 0.06046846487226284 0.28910051703163026
0 0.4285667067307692 0.24914262820512825 0.3977944711538461 0.21243189102564106 0.37199819711538457 0.25087339743589754 0.4027704326923076 0.2875841346153847
0 0.8142968749999998 0.5883854166666668 0.8071484374999999 0.5216666666666667 0.7699609374999998 0.52875 0.7771093749999999 0.5954687500000001
0 0.41890210176991155 0.32205245206489685 0.37555309734513276 0.2714786135693216 0.35274647400442477 0.30623156342182895 0.39609547842920356 0.3568054019174042
0 0.14453125000000006 0.3606770833333334 0.08805899784482765 0.32040229885057475 0.06489910770605559 0.3781341989066443 0.121371359861228 0.418408983389403
0 0.956328385664919 0.19452305767397546 0.9168888524785508 0.15614945781696873 0.8801155490347948 0.22334018509691791 0.9195550822211629 0.2617137849539246