0 0.080078125 0.11328124999999999 0.06024639423076923 0.07361778846153846 0.027794471153846145 0.1024639423076923 0.04762620192307691 0.14212740384615383
0 0.27539062500000006 0.1341145833333334 0.2373046875 0.11979166666666671 0.22683726971680876 0.16927400527811615 0.2649232072168088 0.18359692194478283
0 0.3958984375 0.165625 0.3841796875 0.11875 0.35312499999999997 0.13255208333333332 0.36484374999999997 0.17942708333333332
0 0.4322441186797752 0.14972495318352064 0.4078520014044943 0.14221968632958806 0.40334225772471904 0.16827598314606748 0.4277343749999999 0.17578125000000006
0 0.4731041084921156 0.1603051084099869 0.4301635902595269 0.15883705650459926 0.42905356849540066 0.216558188239159 0.47199408672798937 0.21802624014454666
0 0.526904579118497 0.14950927263969188 0.4857173500722542 0.12130900770712924 0.4667765534682079 0.17048861994219672 0.5079637825144507 0.19868888487475936
0 0.5850162146226415 0.12070066823899372 0.5380859375 0.08593750000000003 0.5272147700471698 0.1120283018867925 0.5741450471698113 0.1467914701257862
0 0.5831154983108108 0.24284065315315323 0.5693359374999999 0.1848958333333334 0.5251847550675675 0.20356137387387394 0.5389643158783783 0.2615061936936938
0 0.606859375 0.2072500000000001 0.594828125 0.20433333333333342 0.58953125 0.2431770833333334 0.6015625 0.24609375000000008
0 0.6835937499999999 0.21223958333333334 0.6791015624999999 0.16432291666666668 0.6650390625 0.16666666666666666 0.66953125 0.21458333333333332
0 0.6425094713952654 0.037013166547106735 0.5922718458572452 0.006312395384983323 0.5623108523134863 0.09347164933046397 0.6125484778515065 0.12417242049258738
0 0.6279296875 9.992007221626409e-17 0.5918496236313868 -0.0013001824817517253 0.5914461678832116 0.018603634428223947 0.6275262317518248 0.019903816909975773
0 0.7267029003594249 0.123169595314164 0.7262068190894568 0.10663355298189563 0.6815907048722043 0.10901307907348243 0.6820867861421724 0.12554912140575078
0 0.7424693943298968 0.08417901632302413 0.7249315399484535 0.07518524484536086 0.7187902706185566 0.09647497852233684 0.7363281249999999 0.10546875000000012
0 0.8671558277027026 0.07709037162162176 0.8406355574324322 0.02846987612612608 0.8160156249999998 0.05234375 0.8425358952702702 0.10096424549549568
0 0.96875 0.20703124999999994 0.9384765625 0.09374999999999994 0.8535554660023446 0.13409565504103166 0.8838289035023446 0.24737690504103166
0 0.9181189903846153 0.24579326923076952 0.9050480769230766 0.23417467948717963 0.8886718749999998 0.26692708333333337 0.9017427884615385 0.2785456730769233
0 0.9517815521408842 0.24851807090239414 0.9510046184392268 0.22883575046040516 0.9273243266574587 0.23049752532228363 0.9281012603591161 0.2501798457642726
0 0.9999999999999998 0.2513020833333333 0.9970703124999998 0.21874999999999997 0.9840546135646685 0.220832511829653 0.9869843010646685 0.25338459516298634
0 0.9990234375000002 0.42968750000000017 0.9714013009049773 0.4289038932880846 0.9704247384049773 0.4901018099547513 0.9980468750000002 0.49088541666666685
0 0.9275390625000002 0.48906250000000023 0.8642578125 0.4609375000000002 0.8501953125 0.5171875000000002 0.9134765625000002 0.5453125000000002
0 0.962890625 0.6471354166666666 0.9300413140439158 0.5976848410338517 0.9070255317932296 0.6248653838822811 0.9398748427493139 0.6743159595150962
0 0.9119140624999998 0.7286458333333333 0.8386718749999998 0.69609375 0.8199218749999998 0.77109375 0.8931640624999998 0.8036458333333333
0 0.7394399578651687 0.5853405898876406 0.6782391151685394 0.5775690543071162 0.6750702247191012 0.6219335205992511 0.7362710674157305 0.6297050561797753
0 0.7105588942307691 0.39586137820512834 0.6471304086538461 0.3201923076923077 0.6322656249999998 0.3423437500000001 0.695694110576923 0.4180128205128207
0 0.7105422675543678 0.39581365570094607 0.6470117115508662 0.3203470558422411 0.6321782563122005 0.3425467847708565 0.6957088123157021 0.4180133846295614
0 0.6796875 0.3111979166666668 0.6533203125 0.2760416666666668 0.6357421875 0.2994791666666668 0.662109375 0.3346354166666668
0 0.619140625 0.6171875 0.6025390625 0.6171875 0.6025390625 0.64453125 0.619140625 0.64453125
0 0.6920195921492205 0.7251560180029696 0.6762140694599109 0.6813868782479585 0.6474391877783965 0.6998596417965852 0.663244710467706 0.7436287815515962
0 0.7189243257149047 0.6467653271230503 0.6876472459922011 0.6450277115829001 0.6855197952772963 0.7131061344598498 0.716796875 0.7148437500000001
0 0.7960957739637307 0.8380626619170987 0.7732148639896372 0.7857634391191711 0.7271899287564768 0.821560610967185 0.75007083873057 0.8738598337651123
0 0.7768252212389379 0.8762559918879057 0.7580285536504425 0.8745851769911506 0.7550038025442479 0.9350801991150444 0.7738004701327432 0.9367510140117995
0 0.32144711885838156 0.3763698217726397 0.28808593750000006 0.34375000000000006 0.27101020592485553 0.374796784682081 0.3043713872832371 0.40741660645472066
0 0.2503431165540541 0.32928631756756765 0.2319731841216217 0.32520411036036045 0.22577069256756768 0.37482404279279286 0.24414062500000008 0.37890625000000006
0 0.20996093750000006 0.3046875 0.19140625000000003 0.3033854166666667 0.19075340987569062 0.31992403314917134 0.20930809737569062 0.32122611648250465
0 0.14091981132075468 0.45710495283018865 0.13295990566037733 0.41995872641509435 0.07208136792452831 0.44315055031446543 0.08004127358490568 0.4802967767295598
0 0.14941406250000003 0.4713541666666667 0.13039428859622412 0.46420143118148605 0.11965210109622412 0.5149826811814859 0.13867187500000003 0.5221354166666666
0 0.057926829268292665 0.6261115345528455 0.05559260670731706 0.5981008638211381 0.022794397865853654 0.6029598577235773 0.025128620426829264 0.6309705284552846
0 0.16087080792682937 0.8156440548780487 0.13085937500000008 0.8111979166666665 0.12940644054878056 0.8286331300813008 0.15941787347560984 0.833079268292683
0 0.29731158088235293 0.6807444852941177 0.29394531250000006 0.6223958333333335 0.23136488970588234 0.6288143382352942 0.23473115808823528 0.6871629901960784
0 0.3563900027654867 0.5511061946902654 0.32816821073008856 0.46137536873156354 0.3008953263274337 0.47662472345132756 0.32911711836283186 0.5663555494100296
0 0.25882470346715325 0.7352208789537713 0.25488281249999994 0.7239583333333334 0.240234375 0.7330729166666666 0.24417626596715328 0.7443354622871046
0 0.31835937500000006 0.7018229166666667 0.3037109375 0.6783854166666666 0.24867123463114754 0.7395406420765026 0.2633196721311476 0.7629781420765027
0 0.2734638935810811 0.7159346846846847 0.26580975506756765 0.7016469594594597 0.25102934966216217 0.7157235360360362 0.2586834881756756 0.7300112612612613
0 0.3378906250000001 0.7109375 0.3085937500000001 0.7109375 0.3085937500000001 0.7526041666666666 0.3378906250000001 0.7526041666666666
0 0.3730468750000001 0.6445312500000001 0.3636718750000001 0.6403645833333335 0.35742187500000006 0.6653645833333335 0.366796875 0.6695312500000001
0 0.40625 0.7382812500000002 0.3564158895265423 0.7078270713773315 0.3286279927367288 0.7886645893113342 0.3784621032101866 0.8191187679340028
0 0.458984375 0.7239583333333334 0.4375 0.7239583333333334 0.4375 0.7877604166666666 0.458984375 0.7877604166666666
0 0.443359375 0.7070312500000001 0.42329056766055057 0.6990037270642202 0.41743119266055045 0.7250453937308871 0.4375 0.7330729166666667
0 0.38867187500000006 0.9466145833333335 0.3876899171270719 0.9217383172191529 0.36718750000000006 0.9231770833333334 0.3681694578729282 0.948053349447514
0 0.42667397406597785 0.9588508545310017 0.4111328125 0.90625 0.37706180445151033 0.9241458830153684 0.3926029660174881 0.97674673754637
0 0.4375 0.9127604166666666 0.42586699695121955 0.8887893800813008 0.40958936737804874 0.902832825203252 0.42122237042682925 0.926803861788618
0 0.5413015797651934 0.9642754373848987 0.5407512517265194 0.9503337937384899 0.5114327952348067 0.952391229281768 0.5119831232734807 0.9663328729281769
0 0.4734375 0.9888020833333333 0.4697265625 0.9739583333333333 0.443359375 0.9856770833333333 0.4470703125 1.0005208333333333
0 0.47144531250000005 0.99 0.4697265625 0.9739583333333334 0.45660156250000006 0.9764583333333333 0.4583203125 0.9924999999999999