0 0.8704667163774402 0.06486973517715112 0.8583984374999998 0.013020833333333334 0.8155186584869847 0.030764190166305147 0.8275869373644251 0.08261309201012293
0 0.742872694672131 0.0879141051912569 0.7161084784836065 0.030268101092896297 0.6949282786885245 0.0477501707650274 0.7216924948770491 0.10539617486338801
0 0.7435477941176469 0.26261948529411766 0.7034857536764705 0.13150735294117646 0.6607398897058822 0.15472732843137257 0.7008019301470587 0.28583946078431377
0 0.5422211745689655 0.11303879310344835 0.5157799030172414 0.08320761494252883 0.49311018318965516 0.1189295977011495 0.5195514547413793 0.148760775862069
0 0.6318600377570694 0.17400787275064278 0.6069720035347043 0.13596762532133683 0.5435401269280206 0.20974654562982012 0.5684281611503856 0.24778679305912607
0 0.5768685310509555 0.10543557590233554 0.5510673765923567 0.09531747611464976 0.5414261544585987 0.13902434978768585 0.5672273089171974 0.14914244957537162
0 0.447265625 0.23828125000000006 0.413075106862292 0.22210509088108443 0.402332919362292 0.26246967421441775 0.4365234375 0.27864583333333337
0 0.41796875 0.3346354166666668 0.40894107041855204 0.3092241704374058 0.3889590992647059 0.3218443627450981 0.39798677884615385 0.34725560897435914
0 0.453125 0.3033854166666668 0.4466575766509434 0.2985947327044027 0.4417747641509434 0.31031348270440257 0.4482421875 0.3151041666666667
0 0.22309153549789248 0.13567186951176682 0.15611828240252895 0.08016250658587992 0.12345643440463645 0.15021980374077976 0.19042968749999997 0.20572916666666669
0 0.0625 0.02213541666666668 0.04785156250000001 0.01562500000000001 0.040429687500000006 0.04531250000000001 0.055078125 0.051822916666666684
0 0.02050781250000001 0.33072916666666674 0.0073098104508196645 0.2857581967213115 -0.008817879098360671 0.29417264344262295 0.004380122950819676 0.3391436133879782
0 0.06494838756307822 0.3091489697224558 0.034761189812867965 0.2338997231567143 -0.00581830845248108 0.26284014052425003 0.02436888929772918 0.33808938708999153
0 0.08345853365384617 0.5030048076923077 0.07166466346153848 0.42437900641025644 -0.010216346153846156 0.44621394230769235 0.0015775240384615307 0.5248397435897436
0 0.0478515625 0.5859375 0.04646594929245283 0.5434453616352201 0.028751474056603776 0.544472287735849 0.03013708726415094 0.5869644261006289
0 0.11210056042161523 0.3542470803642122 0.08203125000000003 0.35286458333333337 0.08125881457838484 0.3827320863024546 0.11132812500000003 0.38411458333333337
0 0.18554687500000006 0.35546875000000006 0.16771230520557032 0.35106515251989395 0.16282949270557032 0.3862214025198939 0.18066406250000006 0.390625
0 0.15234375 0.3216145833333333 0.14904455236486486 0.3154560810810811 0.12853673986486486 0.3349873310810811 0.1318359375 0.3411458333333333
0 0.30859375 0.5091145833333334 0.3076171875 0.4635416666666667 0.270705355322186 0.464947831702012 0.271681917822186 0.5105207483686787
0 0.347918911637931 0.48381824712643673 0.34667968749999994 0.45572916666666663 0.3256128771551724 0.45738146551724135 0.32685210129310344 0.48547054597701145
0 0.48046875 0.6523437500000001 0.47649722847043696 0.6319187821336762 0.45013004097043696 0.6410333654670096 0.4541015625 0.6614583333333335
0 0.41484375 0.7700520833333332 0.410546875 0.7528645833333333 0.370703125 0.7705729166666667 0.375 0.7877604166666665
0 0.6005859375 0.5390625000000001 0.5546875 0.47786458333333354 0.537109375 0.5013020833333335 0.5830078125 0.5625000000000002
0 0.66015625 0.4635416666666668 0.642578125 0.4635416666666668 0.642578125 0.4973958333333334 0.66015625 0.4973958333333334
0 0.5240567835365855 0.9626206808943091 0.5056211890243902 0.9598894817073172 0.5039062500000001 0.9804687500000002 0.5223418445121952 0.9831999491869922