0 0.35203839594542663 0.00019115904432493263 0.29258668211952343 -0.001363134127594102 0.2919741725115296 0.04028751921598776 0.35142588633743277 0.0418418123879068
0 0.435546875 0.11067708333333331 0.4326171875 0.08593750000000001 0.4140625 0.08984375000000001 0.4169921875 0.11458333333333331
0 0.7258367278696497 0.13787897211413752 0.7126702334630349 0.11798293612191965 0.6941307453793772 0.13979409857328154 0.707297239785992 0.1596901345654994
0 0.718734375 0.08061458333333332 0.6962890625 0.059895833333333336 0.68946875 0.07303124999999995 0.7119140625 0.09374999999999994
0 0.8313450168918918 0.26534346846846846 0.7813450168918917 0.1736768018018018 0.7380859374999998 0.21562500000000007 0.7880859374999998 0.30729166666666674
0 0.9908203125 0.275 0.9646336969339624 0.251110455974843 0.9441774764150944 0.29097386006289333 0.970364091981132 0.31486340408805036
0 0.759765625 0.30598958333333354 0.7275390625 0.26302083333333354 0.6962890625 0.30468750000000017 0.728515625 0.34765625000000017
0 0.5853304476351351 0.2730855855855856 0.5265519425675674 0.23159487612612614 0.5012299408783782 0.2953688063063063 0.5600084459459459 0.3368595157657658
0 0.5509852782707909 0.37474116801893176 0.5391674854208924 0.354008198106829 0.5106431446501014 0.38291286342123054 0.5224609375 0.4036458333333333
0 0.4111328125 0.47916666666666674 0.39199334777227723 0.37558838696369634 0.3502560334158416 0.38929919554455444 0.36939549814356437 0.49287747524752484
0 0.3497629915730337 0.5655577013108616 0.34005222963483145 0.5094510767790262 0.3145189606741573 0.5173074672284644 0.3242297226123595 0.5734140917602998
0 0.2913901969178082 0.5850991723744293 0.25224743150684936 0.5613762842465754 0.23826787243150688 0.6023829908675801 0.2774106378424658 0.6261058789954338
0 0.13671875000000006 0.5182291666666666 0.11621093750000004 0.5182291666666666 0.11621093750000004 0.5390625 0.13671875000000006 0.5390625
0 0.6703725961538461 0.49649439102564114 0.6477313701923079 0.48826121794871813 0.6384915865384617 0.5334334935897438 0.6611328125 0.5416666666666667
0 0.96701513252149 0.4330788861031518 0.9484156742478509 0.41906190305635155 0.9348837079154727 0.4509834646609362 0.9534831661891117 0.46500044770773646
0 1.0000132565045248 0.6207225678733034 0.9853515625 0.6197916666666669 0.9843617434954751 0.6475065987933637 0.9990234375 0.6484375000000002
0 0.65078125 0.8309895833333333 0.6455078125 0.8098958333333333 0.6337890625 0.8151041666666665 0.6390625 0.8361979166666667