0 0.32213664504716977 0.5833824685534592 0.3115234375 0.5755208333333335 0.3071012676886793 0.5861340408805032 0.31771447523584906 0.5939956761006291
0 0.14475661057692318 0.8149038461538461 0.13499098557692316 0.8122996794871794 0.13281250000000006 0.8268229166666666 0.14257812500000008 0.8294270833333334
0 0.5175781249999999 0.2799479166666667 0.5029296874999999 0.2734375 0.4996093749999999 0.2867187500000001 0.5142578124999999 0.2932291666666667
0 0.4636806530898877 0.8209708567415731 0.4599609375 0.7994791666666666 0.43728054775280895 0.8064577481273408 0.44100026334269665 0.8279494382022473
0 0.23886718750000008 0.8369791666666668 0.2202734375000001 0.8334375000000002 0.21679687500000008 0.8658854166666666 0.23539062500000013 0.8694270833333334
0 0.94921875 0.8554687500000002 0.9257972592213115 0.8526297814207652 0.923828125 0.8815104166666669 0.9472496157786885 0.8843493852459019
0 0.8489374999999997 0.17159375000000007 0.8322031249999997 0.13936458333333335 0.8146328124999996 0.1555833333333334 0.8313671874999997 0.18781250000000013
0 0.712890625 0.20963541666666669 0.7108339559511434 0.12462642931392934 0.6945328742203742 0.12532755110880112 0.6965895432692308 0.2103365384615385
0 0.8651074571299638 0.5231742629362215 0.8521301049187725 0.49625827316486165 0.8178270250451263 0.5256609130565585 0.8308043772563176 0.5525769028279183
0 0.728515625 0.2994791666666668 0.703125 0.2994791666666668 0.703125 0.3593750000000001 0.728515625 0.3593750000000001
0 0.7983036341292136 0.19018316947565553 0.7822265625000001 0.17708333333333334 0.75238983497191 0.242181647940075 0.7684669066011237 0.2552814840823972
0 0.6765003010902635 0.11536511156186625 0.6497409039046651 0.06841880070993919 0.6216127345334684 0.09692201233941855 0.6483721317190668 0.1438683231913456
0 0.083984375 0.2669270833333333 0.05664062500000002 0.23046875000000006 0.02832031250000002 0.26822916666666674 0.0556640625 0.3046875
0 0.4723805147058823 0.5803768382352942 0.43054917279411764 0.5448835784313726 0.4073874080882353 0.5934129901960785 0.44921875 0.6289062500000001
0 0.07421875000000001 0.34244791666666674 0.033203125000000014 0.28776041666666674 0.009765625000000023 0.3190104166666667 0.05078125000000002 0.3736979166666667
0 0.6131301655682801 0.23794250576202824 0.5771484375 0.19270833333333334 0.5323320683880726 0.2560850169259579 0.5683137964563527 0.3013191893546529