0 0.9347383014896373 0.0047738557858377105 0.9191760443652848 -0.013460708117443924 0.8871579501295335 0.03511846934369593 0.9027202072538859 0.05335303324697757
0 0.855859375 0.10703125 0.84453125 0.06171874999999994 0.796484375 0.08307291666666661 0.8078125 0.12838541666666667
0 0.5517203553082192 0.0013484589041096765 0.518851669520548 -0.0002746860730592752 0.5171875 0.05963541666666675 0.5500561857876712 0.0612585616438357
0 0.7722963483146068 0.1949613764044944 0.7672489466292135 0.12429775280898878 0.7001953125000001 0.1328125 0.7052427141853934 0.20347612359550563
0 0.6899586397058822 0.09027267156862759 0.6787109375 0.08072916666666678 0.6733226102941176 0.0920189950980393 0.6845703125 0.10156250000000012
0 0.6239759582182322 0.19182780847145497 0.5990622841850829 0.17297421731123397 0.5776253884668507 0.22333390883977913 0.6025390625 0.2421875000000001
0 0.26328125 0.22890625 0.25078125 0.17890625 0.20625 0.19869791666666667 0.21875 0.24869791666666666
0 0.2881007659978308 0.12725110719450475 0.26635371475054226 0.11825232736804055 0.2565732612527115 0.16027205350686918 0.2783203125 0.1692708333333334
0 0.32359227594339623 0.09927771226415097 0.31428729363207547 0.07694575471698112 0.2865934551886793 0.09745970911949682 0.29589843750000006 0.11979166666666667
0 0.111328125 0.09244791666666669 0.1056640625 0.06979166666666667 0.0869140625 0.078125 0.092578125 0.10078125000000002
0 0.03331736438679246 0.05248624213836479 0.018145636792452836 0.051606721698113214 0.01705483490566038 0.08505797955974843 0.03222656250000001 0.08593750000000001
0 0.0682274070945946 0.05444115990990993 0.040355785472972985 0.04824746621621623 0.037558065878378386 0.070629222972973 0.0654296875 0.0768229166666667
0 0.33593750000000006 0.2330729166666667 0.3251953125 0.22916666666666669 0.322265625 0.24348958333333337 0.33300781250000006 0.2473958333333334
0 0.294921875 0.2890625 0.26953125 0.2890625 0.26953125 0.3489583333333333 0.294921875 0.3489583333333333
0 0.25 0.30338541666666674 0.24539459872840688 0.2822346849008318 0.21064696797024957 0.295685380678183 0.21525236924184266 0.31683611244401794
0 0.212890625 0.4505208333333333 0.19921875000000006 0.4505208333333333 0.19921875000000006 0.484375 0.21289062500000006 0.484375
0 0.331368468237705 0.516752049180328 0.31334848872950816 0.5018784153005466 0.29640753073770487 0.5383666325136612 0.3144275102459017 0.5532402663934428
0 0.4976111778846154 0.38798076923076935 0.47761418269230765 0.3807091346153847 0.4712139423076923 0.4119991987179488 0.4912109375 0.4192708333333334
0 0.534243841240876 0.42764408454987846 0.5136077212591241 0.41480383211678845 0.501931740419708 0.4481637773722628 0.52256786040146 0.4610040298053529
0 0.6021564640410959 0.49554437785388133 0.5869140625000001 0.49479166666666674 0.5858492080479454 0.5331264269406394 0.6010916095890412 0.533879138127854
0 0.8209365472560977 0.44316565040650413 0.7987709603658537 0.39749110772357726 0.7607898246951221 0.43025914634146345 0.782955411585366 0.47593368902439026
0 0.923828125 0.33723958333333315 0.9185546875 0.3161458333333333 0.898046875 0.3252604166666666 0.9033203125 0.34635416666666646
0 0.9386748493020305 0.42989239636209825 0.9034194559010151 0.42653473984771584 0.9017736754441623 0.45725597504230125 0.9370290688451777 0.46061363155668367
0 0.869140625 0.6028645833333335 0.8659727515243902 0.5648501016260162 0.8243854801829269 0.5710111788617885 0.8275533536585366 0.6090256605691058
0 0.8650390624999998 0.747916666666667 0.8486778846153845 0.7309495192307696 0.8295372596153845 0.7637620192307696 0.8458984374999998 0.780729166666667
0 0.682415140086207 0.6920797413793103 0.6709994612068966 0.6565642959770115 0.5972184806034483 0.6987248563218391 0.6086341594827587 0.734240301724138
0 0.5540947393558951 0.6692026018922854 0.5395230622270742 0.6543452056040758 0.5215611353711791 0.6856634370451239 0.5361328125 0.7005208333333335
0 0.6435546875000001 0.7656250000000001 0.6064453125000001 0.7161458333333335 0.5820312500000001 0.7486979166666667 0.6191406250000001 0.7981770833333335
0 0.3710937500000001 0.8268229166666669 0.3099338235294117 0.7552616421568629 0.2893823529411764 0.7864871323529413 0.3505422794117648 0.8580484068627453
0 0.41376201923076933 0.8977363782051282 0.4063251201923078 0.8481570512820513 0.3646334134615385 0.8592748397435898 0.3720703125 0.9088541666666666
0 0.41810071790540543 0.7945171734234235 0.3826277449324325 0.7866342905405406 0.3747888513513514 0.8493454391891893 0.4102618243243244 0.8572283220720721
0 0.28515625000000017 0.8736979166666667 0.26116727941176476 0.8665900735294119 0.2515854779411765 0.9240808823529412 0.27557444852941193 0.9311887254901962
0 0.34375 0.9231770833333335 0.3407752403846154 0.9086338141025643 0.3085486778846154 0.9203525641025643 0.3115234375 0.9348958333333335
0 0.33789062500000006 0.8841145833333334 0.32324218749999994 0.8776041666666666 0.318359375 0.8971354166666666 0.3330078125000001 0.9036458333333334
0 0.18749999999999994 0.8502604166666666 0.1549568112712429 0.7508812166777741 0.09638746719843387 0.7849779240253248 0.12893065592719094 0.8843571240142174
0 0.007812500000000057 0.5885416666666666 0.0009765625000000542 0.5885416666666666 0.0009765625000000583 0.6796875 0.00781250000000006 0.6796875
0 0.498046875 0.99609375 0.4892578125 0.9557291666666665 0.4560209482965451 0.968595049584133 0.4648100107965451 1.0089596329174664
0 0.7186451487874861 0.8821698946377886 0.6418134342604591 0.8547557617549056 0.6262813541281007 0.9321436697827965 0.7031130686551277 0.9595578026656795
0 0.7792968749999998 0.8893229166666666 0.7649001288659794 0.8819399699312714 0.759765625 0.8997395833333334 0.7741623711340205 0.9071225300687286
0 0.9335937499999998 0.7513020833333334 0.9329202586206895 0.7360362787356322 0.9163186961206897 0.7373383620689655 0.9169921875 0.7526041666666666