0 0.408203125 0.041666666666666734 0.3505859375 0.04166666666666673 0.3505859375 0.11328125000000006 0.408203125 0.11328125000000006
0 0.43359375 0.001302083333333363 0.411390244448424 -0.015430993314231145 0.398694931948424 0.01451692335243555 0.4208984375 0.03125000000000006
0 0.474609375 0.009114583333333409 0.45703125 0.009114583333333407 0.45703125 0.03385416666666674 0.474609375 0.03385416666666674
0 0.6983593749999999 0.1395312500000001 0.6805859374999998 0.1361458333333334 0.6764062499999999 0.1751562500000001 0.6941796874999999 0.1785416666666668
0 0.44140625 0.2057291666666667 0.4091796875 0.2057291666666667 0.4091796875 0.23437500000000006 0.44140625 0.23437500000000006
0 0.82421875 0.0013020833333334517 0.8113740808823531 -0.000015318627450848035 0.8103745404411766 0.01731004901960799 0.8232192095588236 0.018627450980392292
0 0.685546875 0.003906250000000178 0.6721107219827586 -0.003771551724137782 0.6699892241379309 0.0028286637931034995 0.6834253771551724 0.01050646551724146
0 0.7627200983502538 0.2022855858714046 0.7431640625 0.17968750000000017 0.7375575031725888 0.188312975888325 0.7571135390228426 0.21091106175972943
0 0.786534635855818 0.4353086354693648 0.7732695246627319 0.3987558846261944 0.7333984374999999 0.4244791666666667 0.7466635486930859 0.4610319175098371
0 0.4794921875 0.44791666666666674 0.458984375 0.42057291666666685 0.4433593750000001 0.44140625000000017 0.4638671875 0.46875000000000006
0 0.4294921875 0.46796875 0.4099609375 0.4549479166666667 0.3826171875 0.5278645833333333 0.4021484375 0.5408854166666667
0 0.34375 0.4088541666666667 0.328125 0.4088541666666667 0.328125 0.4739583333333333 0.34375 0.4739583333333333
0 0.3046875 0.39973958333333337 0.2840741650294695 0.3560878151604453 0.2554276921660118 0.3801367059593975 0.2760410271365422 0.4237884741322856
0 0.22321310232092367 0.5133693645931512 0.17147553899623 0.47803639451775065 0.13442230943685207 0.5744924206723218 0.18615987276154572 0.6098253907477224
0 0.08153582317073171 0.7760861280487804 0.07341368140243901 0.7593495934959349 0.05365377286585367 0.7763973577235771 0.061775914634146376 0.7931338922764227
0 0.3657107469512195 0.642435213414634 0.3604706554878049 0.5795541158536586 0.3358184070121951 0.5832063008130082 0.34105849847560976 0.6460873983739837
0 0.49719306988742956 0.7995500117260791 0.483264686913696 0.7774414673233274 0.4528959750234522 0.8114544246404004 0.46682435799718575 0.8335629690431521
0 0.6418127111486487 0.8272100225225226 0.6314083614864865 0.8010064752252253 0.6116659628378379 0.814942286036036 0.6220703125 0.8411458333333334
0 0.646484375 0.9440104166666666 0.6318359375000001 0.9322916666666666 0.6261488970588236 0.9449295343137256 0.6407973345588236 0.9566482843137256