0 0.07584934059633028 0.1016939029051988 0.0537109375 0.046875 0.017954415137614678 0.0725463493883792 0.04009281823394495 0.127365252293578
0 0.27539062500000006 0.22005208333333337 0.2595703125 0.21302083333333333 0.255859375 0.22786458333333337 0.27167968750000004 0.2348958333333334
0 0.011718750000000026 0.2786458333333333 2.6011785040483333e-17 0.2786458333333333 2.7686106836192602e-17 0.3151041666666667 0.011718750000000028 0.3151041666666667
0 0.12304687500000007 0.5794270833333334 0.09082031250000007 0.5364583333333334 0.07324218750000003 0.5598958333333335 0.10546875000000003 0.6028645833333335
0 0.18554687500000006 0.6549479166666666 0.15820312500000006 0.6549479166666666 0.15820312500000006 0.6953125 0.18554687500000006 0.6953125
0 0.2764682112068965 0.6793732040229886 0.25195312500000006 0.6653645833333334 0.24568965517241384 0.6848509339080461 0.27020474137931033 0.6988595545977012
0 0.5744140625 0.74921875 0.5650390625 0.72421875 0.4947265625 0.77109375 0.5041015625 0.79609375
0 0.7159522804054055 0.52319115990991 0.693042652027027 0.5013724662162162 0.6713999155405405 0.541772240990991 0.694309543918919 0.5635909346846848
0 0.5879171380090499 0.5152656014328809 0.5732421875 0.4739583333333333 0.5629153704751132 0.4804805335595777 0.577590320984163 0.5217878016591252
0 0.7422954074585635 0.1574225943830572 0.7255859374999999 0.15625000000000006 0.7245014675414364 0.18372323895027634 0.7412109375 0.18489583333333343
0 0.8339843749999998 0.36328125 0.8331641437110185 0.3293783567221068 0.8017578125 0.33072916666666674 0.8025780437889812 0.36463205994455994
0 0.8742203527989446 0.7068404406017976 0.8720680227872213 0.6833082991402891 0.826865657971864 0.6906582771590465 0.8290179879835872 0.7141904186205549
0 1.0000000000000002 0.8684895833333336 0.9869739666533548 0.8677948615548458 0.9859974041533548 0.900346944888179 0.9990234375000002 0.9010416666666667