0 1 0.10807291666666667 0.9990234375 0.07291666666666667 0.9722950556506851 0.07423658675799086 0.9732716181506851 0.10939283675799087
0 0.8143209134615385 0.14359775641025643 0.8051983173076922 0.10913461538461539 0.7313852163461537 0.14387019230769227 0.7405078125 0.17833333333333332
0 0.6282619201030928 0.1490684063573884 0.6214662532216494 0.12551009450171824 0.597253543814433 0.13792686855670105 0.6040492106958762 0.16148518041237123
0 0.6012971698113208 0.05670695754716988 0.575390625 0.03307291666666672 0.5590543926886793 0.06490762578616363 0.5849609375 0.08854166666666678
0 0.490234375 0.20182291666666677 0.43793510210396036 0.1165944719471948 0.4136854115099009 0.14304867986798694 0.46598468440594043 0.22827712458745889
0 0.44921875 0.28515625 0.4445121311180422 0.2635406669865643 0.41313467190499037 0.2756867802303263 0.41784129078694815 0.297302363243762
0 0.44792002255154645 0.24382517182130595 0.43417767396907214 0.23677781357388325 0.427734375 0.25911458333333337 0.4414767235824743 0.2661619415807561
0 0.5078211421460178 0.20946257374631277 0.4951171875000001 0.2083333333333334 0.49401099280973454 0.23045722713864317 0.5067149474557523 0.2315864675516225
0 0.5390625 0.19921875000000006 0.513671875 0.1653645833333334 0.498046875 0.1861979166666667 0.5234375 0.2200520833333334
0 0.3984375000000001 0.22526041666666677 0.37409391108247425 0.2127765249140894 0.3593447970360825 0.2639067869415808 0.3836883859536083 0.2763906786941581
0 0.3142003676470588 0.1707873774509804 0.2985983455882352 0.13809742647058826 0.2858340992647058 0.14892769607843143 0.30143612132352937 0.18161764705882358
0 0.13492891905737708 0.3375512295081967 0.09408107069672131 0.2771994535519126 0.0390765881147541 0.3433837090163934 0.07992443647540985 0.4037354849726776
0 0.055320131748072 0.5631527152956298 0.03383324630462727 0.5557251499571552 0.026030788078406218 0.5958520779777207 0.04751767352185095 0.6032796433161953
0 0.22510406894934332 0.5208064610694184 0.20996093749999994 0.48177083333333326 0.18153435741088175 0.5013753713258285 0.19667748886022512 0.5404109990619137
0 0.11914062500000008 0.8020833333333334 0.09765625000000007 0.8020833333333334 0.09765625000000008 0.859375 0.11914062500000008 0.859375
0 0.1650390625 0.7994791666666666 0.16367360342920353 0.7721699852507374 0.14422877488938052 0.7738984144542773 0.14559423396017696 0.8012075958702065
0 0.20703125000000008 0.7877604166666666 0.19783809267241387 0.7825071839080461 0.19490840517241384 0.7916217672413794 0.20410156250000006 0.7968750000000002
0 0.24414062500000008 0.7369791666666666 0.20703125000000008 0.7369791666666666 0.20703125000000008 0.765625 0.24414062500000008 0.765625
0 0.06835937500000004 0.8763020833333334 0.05112964527027031 0.8641399211711712 0.04234058277027031 0.8862753378378379 0.05957031250000004 0.8984375
0 0.9800983297413793 0.7701149425287358 0.947602370689655 0.7527837643678161 0.9307650862068965 0.8089080459770114 0.9632610452586208 0.8262392241379312
0 1.0000000000000002 0.5273437500000002 0.98708432304038 0.5267499257719718 0.98610776054038 0.5645103424386383 0.9990234375000002 0.5651041666666669
0 0.984375 0.2434895833333335 0.9662632625994696 0.22774024646330707 0.948700679708223 0.26364597148541136 0.9668124171087534 0.2793953083554378
0 0.8414212740384613 0.29437099358974367 0.8075270432692306 0.28872195512820525 0.8054236778846153 0.31115785256410267 0.839317908653846 0.31680689102564114
0 0.8828125 0.3736979166666668 0.8791187661917098 0.3549829987046633 0.8605640786917098 0.36149341537132995 0.8642578125 0.3802083333333334
0 0.8217435544774112 0.3459918803035737 0.7497450923269989 0.29870930814509394 0.7233306348601649 0.37021511219672537 0.7953290970105773 0.4174976843552051
0 0.7666015625 0.2031250000000001 0.7294921875 0.15364583333333345 0.7060546875 0.18489583333333345 0.7431640625 0.2343750000000001
0 0.58203125 0.2291666666666668 0.544921875 0.2291666666666668 0.544921875 0.2890625000000001 0.58203125 0.2890625000000001
0 0.484375 0.3476562499999999 0.48246093749999996 0.3297916666666667 0.46195312499999996 0.3336979166666667 0.4638671875 0.35156249999999994
0 0.4628906250000001 0.48567708333333337 0.4598106971153847 0.46514423076923084 0.44140625 0.47005208333333337 0.4444861778846154 0.49058493589743596
0 0.5927734375000001 0.4270833333333333 0.587660058073115 0.3575413731276974 0.5497660117574257 0.36249484323432346 0.5548793911843106 0.43203680343995937
0 0.5595703125 0.5442708333333334 0.556047794117647 0.4988694852941177 0.5447863051470588 0.5004227941176471 0.5483088235294118 0.5458241421568627
0 0.6275834910450516 0.551800606228459 0.6247533350258493 0.45368853089611033 0.5761473527511078 0.4561811453717381 0.5789775087703102 0.5542932207040867
0 0.68359375 0.49088541666666674 0.6790726967370441 0.4701220609404991 0.6487992592370441 0.481840810940499 0.6533203125 0.5026041666666666
0 0.5275983402237354 0.6729541585603115 0.502671297422179 0.670876904993515 0.49939582320038917 0.7407536883916992 0.5243228660019457 0.7428309419584955
0 0.4033203125000001 0.6718750000000001 0.3935546875000001 0.6588541666666667 0.3779296875000001 0.6796875000000001 0.3876953125000001 0.6927083333333335
0 0.572265625 0.6835937500000001 0.5673159246575343 0.6690746289954339 0.5580452696917808 0.6746932077625573 0.5629949700342465 0.6892123287671235
0 0.6577024508248731 0.7719040820642977 0.6552585659898477 0.7262848984771574 0.6074417036802031 0.7308388853637902 0.6098855885152286 0.7764580689509305
0 0.7717852618243243 0.5975929054054053 0.7685546874999999 0.5703124999999999 0.7459881756756755 0.5750633445945944 0.7492187499999999 0.60234375
0 0.7572858146067416 0.5408034878277154 0.7431640625 0.5364583333333334 0.7407610603932584 0.550342345505618 0.7548828125 0.5546875
0 0.8185202205882354 0.6915900735294118 0.8172909007352942 0.6702818627450982 0.8017578125 0.6718750000000001 0.8029871323529412 0.6931832107843138
0 0.6924628586065573 0.8266948428961748 0.6908939549180327 0.8036842554644807 0.6576107838114754 0.8077185792349726 0.6591796875 0.8307291666666666
0 0.8886718749999998 0.99609375 0.8871594994469024 0.965846238938053 0.8429549225663717 0.9697755346607669 0.8444672981194691 1.000023045722714
0 0.9300656913129973 0.9366400033156501 0.9077834880636605 0.9172641744031832 0.8908037342506632 0.9519783377541999 0.9130859375 0.9713541666666667
0 0.9681157377577317 0.9639175257731959 0.9521484374999998 0.9557291666666665 0.9459568298969071 0.9771934063573883 0.9619241301546391 0.9853817654639176