0 0.16796875 2.5752663810194993e-17 0.146484375 2.3998612405166232e-17 0.146484375 0.015625000000000024 0.16796875 0.015625000000000024
0 0.1426532451923077 0.217948717948718 0.06084735576923078 0.1882011217948718 0.05021033653846154 0.24020432692307694 0.13201622596153847 0.2699519230769231
0 0.3887831930051813 0.17157140544041458 0.32994656735751293 0.1509269753886011 0.317347393134715 0.21476279145077726 0.3761840187823834 0.23540722150259075
0 0.4178609913793103 0.12457794540229887 0.3953596443965517 0.09919181034482764 0.3765422952586207 0.12884339080459778 0.3990436422413793 0.154229525862069
0 0.45321514423076925 0.1428886217948718 0.4415865384615385 0.13082932692307692 0.42780949519230765 0.1544471153846154 0.4394381009615385 0.16650641025641028
0 0.5449218750000001 0.07161458333333343 0.5343365077554745 0.06502813260340642 0.5275005702554745 0.08455938260340642 0.5380859375000001 0.09114583333333343
0 0.6771033653846152 0.14040464743589767 0.6374849759615382 0.0993189102564104 0.6136117788461537 0.14024439102564112 0.6532301682692306 0.1813301282051284
0 0.7949218749999999 0.1914062500000001 0.7822496764053255 0.1844489644970416 0.7754137389053255 0.20658438116370823 0.7880859374999999 0.21354166666666677
0 0.6642578125 0.3302083333333333 0.657421875 0.3028645833333332 0.6328125 0.3138020833333332 0.6396484375 0.3411458333333333
0 0.7154195180895866 0.6130838437978561 0.708030245022971 0.5747690945635529 0.6629109638208269 0.590238562404288 0.6703002368874426 0.6285533116385911
0 0.39843750000000006 0.32682291666666674 0.3653846153846154 0.3180088141025641 0.36057692307692313 0.3500600961538462 0.39362980769230776 0.3588741987179488
0 0.41361177884615385 0.566005608974359 0.39415564903846156 0.5326522435897437 0.3750901442307692 0.5524238782051284 0.3945462740384615 0.5857772435897437
0 0.27929687500000006 0.5039062500000001 0.26596313375927455 0.5020921355454796 0.26108032125927455 0.5658942188788127 0.27441406250000006 0.5677083333333334
0 0.3601329817238268 0.5775656212394706 0.34374647450361007 0.5635200436221421 0.31322272675992774 0.6268285574608906 0.32960923398014447 0.6408741350782191
0 0.24609375 0.48828125 0.23239430147058826 0.4434466911764706 0.1972794117647059 0.46252144607843143 0.2109788602941176 0.5073560049019608
0 0.2198094512195122 0.6435988313008129 0.18652343750000003 0.5963541666666666 0.14137480945121952 0.6529039634146342 0.17466082317073167 0.7001486280487804
0 0.08007812500000007 0.62890625 0.06542968750000007 0.6171875 0.06008731617647067 0.6290594362745098 0.07473575367647067 0.6407781862745098
0 0.28139561760355036 0.6783361070019726 0.2574195636094675 0.6759969797830376 0.25426104844674563 0.7335521449704142 0.27823710244082844 0.7358912721893491
0 0.39648437499999994 0.9153645833333333 0.38717830882352944 0.8946844362745098 0.3538602941176471 0.9213388480392157 0.3631663602941176 0.9420189950980391
0 0.953125 0.9986979166666667 0.9528103073024947 0.9856906185031186 0.9225368698024949 0.9869927018364518 0.9228515625000002 1.0000000000000002
0 0.7164206894455252 0.3804211251621272 0.6979533985894939 0.35251499675745795 0.6894265260214005 0.3625466115434501 0.7078938168774318 0.3904527399481194
0 0.43508731617647056 0.8162530637254902 0.4266429227941176 0.7974877450980392 0.3976332720588235 0.8206954656862745 0.40607766544117646 0.8394607843137255