0 0.6699218749999999 0.2018229166666667 0.6612547014301634 0.16505308940069346 0.6172731124628529 0.183483469539376 0.6259402860326894 0.22025329680534925
0 0.363319478425267 0.1784827253855278 0.3492131895017795 0.14257580812574133 0.3325733985765125 0.15419724940688015 0.34667968750000006 0.19010416666666663
0 0.31631187080536916 0.19576517058165557 0.2959534920302013 0.17562569910514547 0.2630007340604027 0.23484514821029087 0.28335911283557047 0.254984619686801
0 0.23507940573770494 0.12899163251366125 0.21694095799180327 0.12679303278688528 0.21330686475409838 0.18009306693989077 0.23144531250000006 0.1822916666666667
0 0.20105117626404495 0.10573209269662923 0.17899622542134833 0.05868153089887643 0.15125746137640447 0.0817971676029963 0.17331241221910113 0.1288477294007491
0 0.17382812499999997 0.24869791666666669 0.1357421875 0.21614583333333337 0.10220413705731594 0.2859049782541162 0.14029007455731593 0.3184570615874495
0 0.03725652825342465 0.2616295662100457 0.029296875000000007 0.23828125000000003 0.018407534246575354 0.24488085045662103 0.0263671875 0.26822916666666674
0 0.23828125 0.2942708333333333 0.212890625 0.2942708333333333 0.212890625 0.3541666666666667 0.23828125 0.3541666666666667
0 0.35768122438524586 0.5275017076502733 0.34694223872950813 0.5043715846994536 0.3138607838114754 0.5316769125683061 0.3245997694672131 0.5548070355191258
0 0.4942075128424658 0.6833975456621008 0.4794921875 0.6744791666666669 0.47373983304794526 0.6913527397260275 0.4884551583904109 0.7002711187214613
0 0.4231319616336634 0.8634488448844885 0.40234375 0.8606770833333335 0.40011022586633666 0.8904574051155117 0.4208984375000001 0.8932291666666667
0 0.7556838132022472 0.7824057818352058 0.7505157127808989 0.7525456460674157 0.7097195400280898 0.7650983146067415 0.7148876404494382 0.7949584503745317
0 0.9082031249999998 0.7122395833333336 0.8936695772058822 0.6776960784313727 0.8536305147058822 0.7076439950980391 0.8681640625 0.7421875
0 0.9242588827054794 0.5949343607305936 0.9235659246575342 0.5699878710045662 0.8864351455479451 0.5718214897260274 0.8871281035958903 0.5967679794520548