0 0.8085937499999998 0.001302083333333511 0.7961866034836064 -0.01921106557377037 0.7617901757566203 0.01777434058427924 0.7741973222730137 0.03828748949138312
0 0.7217698317307691 0.07518028846153844 0.7172626201923077 0.02710336538461539 0.6622145432692308 0.03627804487179486 0.6667217548076924 0.08435496794871791
0 0.5568359375 0.010937500000000119 0.5439453125 0.005208333333333452 0.540625 0.018489583333333424 0.553515625 0.024218750000000087
0 0.6295131291028445 0.11883148705324605 0.5624679465262581 0.058043854850474356 0.5351498393052515 0.11160877097009507 0.6021950218818379 0.17239640317286675
0 0.47940759355095536 0.09951234076433124 0.4583138435509554 0.06930400743099797 0.4251953124999999 0.11041666666666676 0.4462890624999999 0.14062500000000003
0 0.5911098925473185 0.17212966614090439 0.557453913643533 0.16674470951629872 0.5532580835962144 0.21336504337539436 0.5869140624999999 0.21875000000000006
0 0.6275390625 0.40208333333333324 0.615234375 0.3528645833333333 0.575390625 0.37057291666666664 0.5876953125 0.41979166666666656
0 0.7476509712837838 0.32347972972972977 0.7450696790540541 0.3016821509009009 0.7230046452702703 0.3063274211711712 0.7255859375 0.32812500000000006
0 0.751764752538071 0.4300774640439933 0.7239550285532994 0.39794178299492405 0.7061042592005076 0.4254045050761423 0.7339139831852791 0.4575401861252116
0 0.6542968749999999 0.5716145833333334 0.6521107630076142 0.5308071594754652 0.613593551713198 0.5344754653130287 0.6157796637055838 0.5752828891708968
0 0.8004781788793103 0.5673491379310346 0.7919921875000001 0.5625000000000001 0.7890625000000001 0.5716145833333336 0.7975484913793104 0.576463721264368
0 0.69140625 0.7213541666666666 0.6767578125 0.7213541666666666 0.6767578125 0.734375 0.69140625 0.734375
0 0.6230468749999999 0.7070312500000001 0.6021948871776504 0.6913167084527222 0.5882991583094556 0.7240963765520535 0.6091511461318051 0.7398109180993315
0 0.1205171008091149 0.042151722809335115 0.10312603203434609 -0.005588465984147935 0.06217361913804491 0.020933096653456624 0.07956468791281372 0.06867328544693967
0 0.189453125 0.05208333333333336 0.1767578125 0.05208333333333336 0.1767578125 0.06770833333333336 0.189453125 0.06770833333333336
0 0.091796875 0.10286458333333333 0.09004595588235294 0.08029718137254901 0.05392922794117647 0.08527879901960783 0.05568014705882353 0.10784620098039216
0 0.13602505387931035 0.10296336206896553 0.10946255387931036 0.10088002873563219 0.10717268318965519 0.1527837643678161 0.1337351831896552 0.15486709770114945
0 0.03264193297511314 0.2395715497737557 0.018369096436651598 0.2305571266968326 0.007710866798642557 0.2605580693815988 0.0219837033371041 0.2695724924585219
0 0.1861328125 0.415625 0.1767578125 0.36979166666666674 0.15229867788461537 0.3786858974358975 0.16167367788461537 0.42451923076923076
0 0.3515625 0.3111979166666668 0.333984375 0.2877604166666668 0.3154296875 0.31250000000000006 0.3330078125 0.33593750000000006
0 0.3253536739864865 0.26956644144144143 0.3100453969594595 0.24099099099099103 0.29046135979729726 0.259642454954955 0.3057696368243243 0.2882179054054054
0 0.42016534674657546 0.3388912671232878 0.401599957191781 0.33797445776255713 0.40037992294520564 0.3818956906392695 0.4189453125000001 0.3828125000000001
0 0.4032534246575342 0.6560537956621004 0.3625749143835616 0.6121468321917808 0.34388110017123286 0.6429366438356164 0.3845596104452055 0.6868436073059362
0 0.412109375 0.61328125 0.4091796875 0.5885416666666666 0.37186972128378376 0.5963963963963964 0.37479940878378376 0.6211359797297297
0 0.4531250000000001 0.5976562500000001 0.4415890466905565 0.5658682897695334 0.4018200621838111 0.591525699128724 0.4133560154932547 0.6233136593591907
0 0.26757812500000006 0.5950520833333335 0.253829489628821 0.5710801037117904 0.2310657751091703 0.5942901655749637 0.24481441048034935 0.6182621451965067
0 0.17422402871621623 0.6737401463963966 0.16752005912162163 0.6201083896396397 0.12887985641891891 0.6286951013513513 0.13558382601351354 0.6823268581081083
0 0.17707777837030714 0.6552278868031854 0.15423021544368598 0.6166408916382252 0.13782863161262798 0.6339057167235496 0.16067619453924914 0.6724927118885096
0 0.12890625000000003 0.65234375 0.07532542113323129 0.5701190818019398 0.053431278713629446 0.5954827877743747 0.10701210758039818 0.677707455972435
0 0.03710937500000009 0.6757812500000001 0.015988648135359183 0.6597979972375693 -0.005040357389502726 0.7091994705340702 0.01608036947513818 0.725182723296501
0 0.08593750000000003 0.73828125 0.05566406250000007 0.7265625 0.05185153250959702 0.7440718969929622 0.08212497000959698 0.7557906469929622
0 0.08604442290146001 0.6992852798053527 0.0712890625000002 0.6901041666666666 0.06445312500000015 0.7096354166666667 0.07920848540145997 0.7188165298053529
0 0.2302783000518672 0.7245850622406639 0.21066600752074688 0.6794173582295989 0.17063099714730287 0.7103215767634855 0.1902432896784232 0.7554892807745506
0 0.12109375 0.7955729166666667 0.11642530487804881 0.7786775914634149 0.09515529725609759 0.7891260162601628 0.09982374237804878 0.8060213414634148
0 0.2275390625 0.8802083333333335 0.22225089846725057 0.8082893024879412 0.18416719226009143 0.813267564737243 0.18945535629284085 0.8851865955826352
0 0.09960937500000008 0.921875 0.08105468750000008 0.921875 0.08105468750000008 0.9427083333333334 0.09960937500000008 0.9427083333333334
0 0.19982387437027707 0.9948408637699412 0.1845703125 0.9557291666666666 0.17141008737405541 0.9648535894206549 0.18666364924433249 1.0039652865239295
0 0.2617921022158238 0.9167364327741612 0.21191406250000008 0.9114583333333333 0.20695789778417634 0.994721900559172 0.25683593750000006 0.9999999999999999
0 0.318359375 0.94921875 0.3132141464731286 0.9255888115802944 0.2829407089731286 0.9373075615802943 0.28808593750000006 0.9609375
0 0.459515842585623 0.8050672947246268 0.38734320603594286 0.7562119715217664 0.3590464163059843 0.830526772832769 0.4312190528556644 0.8793820960356292
0 0.443359375 0.7721354166666665 0.4394575140449438 0.7505822799625468 0.4089734023876404 0.7603932584269663 0.41287526334269664 0.7819463951310861
0 0.51953125 0.83203125 0.516015625 0.81796875 0.4955078125 0.8270833333333333 0.4990234375 0.8411458333333334
0 0.6738281249999999 0.9960937499999999 0.6733836206896551 0.9860183189655171 0.6235789331896551 0.9899245689655171 0.6240234374999999 0.9999999999999999
0 0.2422451331967213 0.5087901297814208 0.21144979508196723 0.4833717554644809 0.195258068647541 0.5182462431693989 0.22605340676229507 0.5436646174863389
0 0.9943336989613181 0.3188649116523399 0.9594852480300862 0.23665830945558738 0.9203555918696276 0.2661473256924547 0.9552040428008596 0.3483539278892072