0 0.8373205953054299 0.011382918552036192 0.8369140625 0 0.81640625 0.0013020833333333333 0.8168127828054299 0.012685001885369526
0 0.482421875 0.8671875 0.47265625 0.8671875 0.47265625 0.88671875 0.482421875 0.88671875
0 0.20229945231958765 0.5411431486254296 0.17690882731958762 0.5281223152920962 0.17187499999999997 0.5455729166666666 0.19726562500000003 0.55859375
0 1.000024960063898 0.9734882521299253 0.9990234375000002 0.9401041666666665 0.985607403154952 0.9408196884984025 0.9866089257188497 0.9742037739616612
0 0.1931640625 0.39895833333333336 0.1884765625 0.3802083333333333 0.1703125 0.38828125 0.175 0.40703125
0 0.716796875 0.6145833333333334 0.703125 0.6145833333333334 0.703125 0.6393229166666666 0.716796875 0.6393229166666666
0 0.27521829044117646 0.22357536764705888 0.24672564338235298 0.21407781862745104 0.2422449448529412 0.23797487745098042 0.2707375919117647 0.24747242647058829
0 1 0.23567708333333334 0.9990234375 0.1796875 0.981636402027027 0.18022663288288288 0.982612964527027 0.23621621621621622
0 0.9296875 0.5208333333333335 0.91015625 0.5208333333333335 0.91015625 0.6158854166666669 0.9296875 0.6158854166666669
0 0.922265625 0.7007812500000001 0.8965625000000002 0.6958854166666667 0.8901562500000001 0.7556770833333334 0.9158593749999999 0.7605729166666667
0 1.0098432148972603 0.6095640696347036 0.9927627354452053 0.5884168093607306 0.9530420590753425 0.6454516267123288 0.9701225385273974 0.6665988869863017
0 0.6822826900399129 0.4484760522496373 0.6409354023040639 0.42007589501693293 0.6255145024492018 0.45998881228834076 0.6668617901850509 0.4883889695210452
0 0.29101562500000006 0.5065104166666666 0.2680723049496645 0.4652789429530201 0.23694552223154366 0.496071029082774 0.2598888422818792 0.5373025027964206
0 0.27204026442307694 0.5747996794871795 0.23575721153846158 0.5126001602564103 0.2085787259615385 0.5407852564102564 0.24486177884615384 0.6029847756410257