0 0.8412429237191216 0.05775984484598962 0.8088644713517841 0.00901808859408355 0.7808765296203111 0.042070515019823125 0.8132549819876488 0.0908122712717292
0 0.8059789239609572 0.2243650293870698 0.7968331824622166 0.20091441015952985 0.7711276960012594 0.21873688077246012 0.7802734375 0.24218750000000006
0 0.8144531250000002 0.5143229166666667 0.8098080153397568 0.4759233434753212 0.7705078125 0.4843750000000001 0.7751529221602433 0.5227745731913456
0 0.548828125 8.634716689300674e-17 0.4921875 8.172284955247638e-17 0.4921875 0.07031250000000008 0.548828125 0.07031250000000008
0 0.626953125 0.0039062500000000885 0.6089462652439025 0.0012385670731708191 0.6072313262195121 0.021817835365853754 0.6252381859756098 0.024485518292683025
0 0.314453125 4.504722926551136e-17 0.2373046875 3.8748590129271723e-17 0.2373046875 0.04166666666666671 0.314453125 0.04166666666666671
0 0.39385340073529407 0.28075980392156874 0.3703699448529411 0.2315563725490197 0.34294577205882354 0.2548253676470589 0.36642922794117644 0.30402879901960783
0 0.5544140624999999 0.19145833333333334 0.5516015624999999 0.16520833333333332 0.5146874999999999 0.1722395833333333 0.5174999999999998 0.19848958333333336
0 0.4181323366116752 0.3103452834179359 0.40257177982233505 0.3050378066835872 0.3916660057106599 0.3618800232656516 0.4072265625000001 0.3671875000000001
0 0.48522093949044576 0.4020120090233546 0.47101288813694264 0.38166467622080685 0.4308232981687897 0.4315552016985139 0.44503134952229295 0.45190253450106166
0 0.5380522629310345 0.3796695402298852 0.5151535560344829 0.36745689655172425 0.5047817887931034 0.40202945402298856 0.5276804956896551 0.41424209770114945
0 0.39516694864649676 0.4731422505307856 0.3729461086783439 0.46782444267515927 0.3651087281050955 0.5260449840764332 0.38732956807324836 0.5313627919320595
0 0.341796875 0.4309895833333334 0.3193359375 0.3776041666666667 0.2674844457013575 0.41638739630467575 0.2899453832013575 0.4697728129713425
0 0.21153296493902443 0.36915650406504075 0.19824218750000003 0.3671875000000001 0.19664634146341467 0.38633765243902446 0.20993711890243905 0.3883066565040651
0 0.17382812500000006 0.5820312500000001 0.146484375 0.5455729166666666 0.11230468750000003 0.5911458333333334 0.13964843750000006 0.6276041666666667
0 0.057266971982758694 0.8516882183908047 0.039062500000000076 0.8502604166666666 0.0381330818965518 0.8713272270114943 0.05633755387931041 0.8727550287356323
0 0.474609375 0.7304687499999999 0.46929956896551717 0.701363146551724 0.43316675646551717 0.713081896551724 0.4384765625 0.7421875
0 0.5781250000000001 0.9127604166666667 0.5654296875 0.9010416666666667 0.5591015625000001 0.9132291666666669 0.5717968750000001 0.9249479166666669
0 0.509765625 0.64453125 0.506904359076433 0.6315601778131635 0.4889281449044586 0.638609673566879 0.49178941082802546 0.6515807457537155
0 0.9933938419117647 0.929764093137255 0.9619140625 0.9192708333333336 0.9570886948529411 0.9450061274509804 0.9885684742647058 0.9554993872549021
0 0.9484779094827587 0.14309446839080456 0.9434267241379312 0.12737966954022995 0.9295191271551726 0.13532686781609193 0.9345703125000002 0.15104166666666655
0 0.8501348350253807 0.29097266285956025 0.8326707249365481 0.26410480118443336 0.8232273159898476 0.2750171848561761 0.8406914260786802 0.301885046531303