0 0.8776999080882353 0.6119025735294119 0.8698874080882352 0.6092984068627452 0.8671875 0.6236979166666669 0.8750000000000002 0.6263020833333336
0 0.67234375 0.7817187499999999 0.6708984375 0.7682291666666665 0.6561328124999999 0.7710416666666666 0.6575781249999999 0.78453125
0 0.6270850929054055 0.12654842342342346 0.6200907939189191 0.11349239864864866 0.6071579391891893 0.1258094031531531 0.6141522381756758 0.1388654279279279
0 0.6259765625 0.26822916666666674 0.6057539408185841 0.2664316002949853 0.6047773783185841 0.2859628502949853 0.625 0.2877604166666668
0 0.07264019691780825 0.6684325057077627 0.06410530821917815 0.663259845890411 0.04979130993150689 0.7052475742009133 0.058326198630136994 0.7104202340182649
0 0.96875 0.8684895833333334 0.9501953125 0.8619791666666667 0.946324481865285 0.8815913752158896 0.964879169365285 0.8881017918825563
0 0.12890625 0.06380208333333334 0.12801601346685082 0.04124942449355433 0.103515625 0.04296875 0.10440586153314917 0.06552140883977901
0 0.7562499999999999 0.8252604166666667 0.7351562499999998 0.8158854166666667 0.7283203124999998 0.8432291666666667 0.7494140624999999 0.8526041666666667
0 0.3466796875 0.6575520833333334 0.3173828125000001 0.6380208333333334 0.3058593750000001 0.6687500000000001 0.33515625 0.68828125
0 0.18497649336283192 0.7718242994100296 0.16767491703539827 0.7454599926253688 0.13801507190265488 0.780063145280236 0.15531664823008856 0.8064274520648969
0 0.244140625 0.12890625000000003 0.24321781823394498 0.08830275229357798 0.21105038704128445 0.08960244648318041 0.21197319380733948 0.13020594418960246
0 0.7167968749999999 0.2486979166666667 0.6940372242647058 0.20101102941176469 0.6585248161764705 0.2311427696078431 0.6812844669117646 0.2788296568627452
0 0.6936318148330058 0.3111621029796988 0.6631358208497053 0.24658235101506232 0.6333497053045186 0.2715879788801573 0.6638456992878192 0.3361677308447938
0 0.43937800480769235 0.20232371794871803 0.38378906249999994 0.18750000000000006 0.37312199519230765 0.2586137820512821 0.4287109375 0.2734375000000001