0 0.9052734375 0.08333333333333333 0.8978515625 0.0140625 0.8724218749999999 0.018906250000000034 0.8798437499999998 0.08817708333333336
0 1 0.06901041666666681 0.9852360689060446 0.06850566688567689 0.9842595064060446 0.11928691688567689 0.9990234375 0.11979166666666681
0 0.9453125 0.022135416666666786 0.9359374999999999 0.01796875000000012 0.9335937499999998 0.027343750000000177 0.94296875 0.031510416666666846
0 0.771484375 0.01692708333333345 0.7620059742647058 0.009344362745098126 0.7521829044117646 0.031173406862745168 0.7616613051470588 0.03875612745098049
0 1.009941797744989 0.38269940144766157 0.9567854781458799 0.35789311896807746 0.9441488898942095 0.4060325027839646 0.9973052094933186 0.4308387852635488
0 0.58203125 0.1419270833333334 0.5732421875000001 0.1354166666666668 0.5688200176886793 0.14602987421383665 0.5776090801886793 0.15254029088050325
0 0.6171875 0.08854166666666675 0.5849609375 0.08854166666666675 0.5849609375 0.11718750000000008 0.6171875 0.11718750000000008
0 0.4955494364754099 0.21206881830601096 0.49170722336065575 0.15571635928961752 0.4679335297131148 0.1585980191256831 0.4717757428278689 0.21495047814207655
0 0.5380859375000001 0.15364583333333337 0.5370122582872929 0.1264459599447514 0.5184575707872928 0.12774804327808473 0.51953125 0.15494791666666669
0 0.44350961538461553 0.24188701923076922 0.4281550480769232 0.21556490384615384 0.4150390625000001 0.22916666666666666 0.4303936298076924 0.25548878205128206
0 0.13484886629417883 0.16192394317394318 0.12396049896049896 0.16145562629937632 0.12290069516632018 0.20526084979209983 0.13378906250000006 0.20572916666666669
0 0.18750000000000003 0.13671875 0.18348800756369427 0.11853105095541402 0.16688644506369427 0.12504146762208068 0.17089843750000003 0.14322916666666666
0 0.06445312499999999 0.037760416666666664 0.05690317622950819 0.012034665300546444 0.03444223872950819 0.023753415300546435 0.04199218749999999 0.04947916666666666
0 0.06054687500000002 0.7278645833333335 0.048799701143451155 0.6865714873527373 0.024777481808731804 0.6987206557519058 0.03652465566528067 0.7400137517325018
0 0.19921875000000006 0.69140625 0.1589041261613903 0.6455196862812572 0.12869991504645567 0.6926957874512503 0.1690145388850654 0.7385823511699932
0 0.2700955528846154 0.7552900641025642 0.2109375 0.7539062500000001 0.20996153846153848 0.8280793269230771 0.2691195913461539 0.8294631410256411
0 0.4667968749999999 0.7955729166666666 0.4658203124999999 0.7760416666666666 0.4500051852876106 0.7774474557522123 0.4509817477876106 0.7969787057522123
0 0.5390625 0.8033854166666669 0.5032851449056147 0.7458126613423687 0.47969355033881894 0.7718757562923526 0.5154709054332043 0.8294485116166508
0 0.556640625 0.7330729166666666 0.5280059916065484 0.6922603357380689 0.5014285342674806 0.7254107126341103 0.5300631676609322 0.7662232935627081
0 0.45008780103211005 0.635894495412844 0.44406715883027525 0.6209862385321101 0.4265965452981651 0.6335292431192661 0.4326171875 0.6484375
0 0.5156250000000001 0.4752604166666667 0.5147898402149322 0.4518759426847662 0.4900134332579185 0.4534490478883862 0.49084859304298634 0.4768335218702866
0 0.4951171875 0.4309895833333334 0.4685546875 0.41328125000000004 0.4388671875 0.4924479166666667 0.4654296875 0.5101562500000001
0 0.9849609374999998 0.7932291666666667 0.9697265624999998 0.7864583333333334 0.9662109374999999 0.8005208333333333 0.9814453124999998 0.8072916666666666