0 0.3203125 0.9075520833333335 0.3115234375000001 0.9010416666666667 0.30664062500000006 0.9127604166666669 0.31542968749999994 0.9192708333333336
0 0.52734375 0.7552083333333334 0.517578125 0.7552083333333334 0.517578125 0.7721354166666666 0.52734375 0.7721354166666666
0 0.7702966638513514 0.5576787725225227 0.7568359375 0.5546875000000002 0.7541173986486487 0.5764358108108111 0.7675781250000001 0.5794270833333336
0 0.29753946520618557 0.2604569372852234 0.2805251288659793 0.2517316365979381 0.27539062499999994 0.26953125 0.29240496134020616 0.2782565506872852
0 0.2916015625000001 0.40208333333333346 0.26644531250000003 0.39729166666666677 0.26441406250000005 0.41625000000000006 0.2895703125000001 0.42104166666666676
0 0.3865171819395018 0.12492122627520756 0.3625062555604982 0.10815169039145907 0.3550517126334519 0.12712689056939502 0.3790626390124555 0.14389642645314352
0 0.3984375000000001 0.9622395833333334 0.3829471982758621 0.9539780890804598 0.37358566810344834 0.9851831896551724 0.38907596982758635 0.9934446839080459
0 0.9804265202702703 0.5027871621621622 0.9609375 0.49479166666666674 0.9414484797297297 0.5792440878378379 0.9609375 0.5872395833333335
0 0.9533613806540343 0.665867588630807 0.928911502903423 0.6609776130806847 0.9223501489914426 0.7193007589649554 0.9468000267420539 0.7241907345150776
0 0.7475707573398578 0.3804168520166075 0.7147638178380784 0.3667472938908661 0.7030172653469752 0.4168659178529064 0.7358242048487545 0.43053547597864783
0 0.37890625 0.38932291666666674 0.36314655172413796 0.34029274425287354 0.32637392241379315 0.3613056752873563 0.3421336206896552 0.41033584770114945
0 0.3553631756756757 0.45097832207207217 0.32904349662162163 0.384691722972973 0.2981735641891892 0.4064822635135135 0.32449324324324325 0.4727688626126127
0 0.10615050117924532 0.350186713836478 0.051757812500000014 0.3098958333333333 0.02679097877358492 0.3698162342767296 0.0811836674528302 0.41010711477987427