0 0.49427259290540543 0.7463400900900902 0.4876741976351351 0.7340230855855856 0.4797297297297297 0.7415892454954955 0.4863281250000001 0.7539062500000001
0 0.6718749999999999 0.5013020833333334 0.6591796874999999 0.49479166666666674 0.6548002577319587 0.509973689862543 0.6674955702319587 0.5164841065292097
0 0.8671875000000002 0.19140625000000014 0.8525390625 0.18489583333333348 0.8486328125 0.20052083333333348 0.8632812500000002 0.20703125000000014
0 0.31171875 0.11380208333333336 0.3095703125 0.09375 0.2915234375 0.09718750000000001 0.29367187499999997 0.11723958333333337
0 0.34443022629310344 0.2641163793103448 0.34344692887931033 0.2418283045977011 0.3198612607758621 0.24367816091954017 0.3208445581896552 0.2659662356321839
0 1 1.6209029574652142e-16 0.982421875 1.6065516277877061e-16 0.982421875 0.03515625000000016 1 0.03515625000000016
0 0.05078125000000004 0.5442708333333334 0.033203125000000056 0.5442708333333334 0.033203125000000056 0.578125 0.05078125000000004 0.578125
0 0.81640625 0.7161458333333336 0.79296875 0.7161458333333336 0.79296875 0.7434895833333336 0.81640625 0.7434895833333336
0 0.5905799278846156 0.7590745192307694 0.569666466346154 0.7555889423076925 0.5664062500000002 0.7903645833333335 0.5873197115384616 0.7938501602564104
0 0.13816943174653215 0.7736952895124001 0.10644531250000004 0.7395833333333334 0.0925911786727617 0.7624888345943674 0.12431529791929381 0.7966007907734342
0 0.0627189446174377 0.19155916370106757 0.014770073398576517 0.15807106316725977 0.005557022909252663 0.1815224644128114 0.05350589412811385 0.21501056494661921
0 0.4295657341022444 0.18555499272651704 0.3978578943266834 0.14730426537822103 0.37032662484413975 0.18787666251039065 0.4020344646197008 0.22612738985868663
0 0.8151643786127168 0.542622531310212 0.8073180093930636 0.4746206647398844 0.7660765895953757 0.483080443159923 0.7739229588150289 0.5510823097302506
0 0.419921875 0.2617187500000001 0.37792968749999994 0.20572916666666669 0.35253906249999994 0.23958333333333337 0.39453125 0.2955729166666668
0 0.14062499999999994 0.2903645833333333 0.084063030260181 0.24805806938159874 0.05920354920814479 0.3071443721719457 0.11576551894796376 0.34945088612368025
0 0.962890625 0.1471354166666668 0.9267578125 0.10416666666666678 0.882941225081367 0.1696702518985626 0.919074037581367 0.2126390018985626