0 0.06640624999999999 0.003906250000000008 0.05854055204280155 -0.007979693579766526 0.04193898954280155 0.011551556420233467 0.049804687499999986 0.0234375
0 0.15034799198499313 0.1817569776034561 0.11317733202592084 0.12426635686675766 0.08918427054911321 0.1518445884492952 0.1263549305081855 0.20933520918599366
0 0.166015625 0.11328125000000003 0.1419152030109489 0.07276459854014598 0.11314011177007299 0.1031934306569343 0.1372405337591241 0.14371008211678837
0 0.07876810213414634 0.17047764227642279 0.0771484375 0.15104166666666666 0.057212271341463415 0.15399517276422764 0.05883193597560975 0.17343114837398377
0 0.26367187500000006 0.6966145833333333 0.24526742788461547 0.6917067307692306 0.24106069711538466 0.7197516025641025 0.2594651442307693 0.7246594551282051
0 0.17578125000000006 0.6575520833333334 0.16601562500000006 0.6549479166666666 0.16376201923076927 0.6699719551282051 0.17352764423076927 0.6725761217948718
0 0.48831416783707865 0.7124297752808989 0.4845615344101123 0.690747893258427 0.4640208040730336 0.6970681179775281 0.4677734374999999 0.71875
0 0.3726509712837838 0.4629786036036038 0.36230468750000006 0.45312500000000017 0.3578177787162163 0.4615005630630632 0.36816406250000006 0.47135416666666685
0 0.505859375 0.4635416666666668 0.46875 0.4635416666666668 0.46875 0.5286458333333335 0.505859375 0.5286458333333335
0 0.9571240455316744 0.8580670248868779 0.9559353789592763 0.8247843608597285 0.9352419753959277 0.8260982277526395 0.9364306419683258 0.8593808917797889
0 0.90625 0.49609375000000006 0.8988752693965516 0.47315014367816105 0.8646955818965516 0.49268139367816105 0.8720703125 0.5156250000000001
0 0.935546875 0.39973958333333354 0.927471713362069 0.38701508620689673 0.9099609375 0.4067708333333335 0.9180360991379309 0.4194953304597703
0 0.7932981231508877 0.2531126725838266 0.7697485207100592 0.25081515039447744 0.7664166512573964 0.31152921597633143 0.7899662536982249 0.3138267381656806
0 0.73046875 0.2200520833333333 0.7001953125 0.17187499999999994 0.652431766362661 0.22523247496423457 0.682705203862661 0.2734095582975679
0 0.5917968749999999 0.20182291666666677 0.5771484374999998 0.19010416666666669 0.5718060661764705 0.20197610294117652 0.5864545036764706 0.21369485294117657
0 0.7954558296166828 0.08005866280938617 0.7785896441055931 0.07656049099967864 0.7712197519889104 0.13973099485695928 0.7880859375000001 0.14322916666666682
0 0.7606725639071292 0.06613997029393369 0.7417367788461536 0.017327724358974332 0.7110785793855532 0.03847131019387119 0.7300143644465289 0.08728355612883056
0 0.874683277027027 0.15762246621621626 0.858424831081081 0.142138231981982 0.8251689189189187 0.2042159346846848 0.8414273648648647 0.21970016891891905
0 0.9238663534252671 0.14983689205219447 0.9101805771797157 0.11500037069988125 0.8935407862544487 0.12662181198102 0.9072265625000002 0.1614583333333332