0 0.023437500000000007 0.028645833333333336 6.2787067339097695e-18 0.028645833333333332 1.010572798124525e-17 0.11197916666666667 0.02343750000000001 0.11197916666666667
0 0.1369140625 0.10338541666666666 0.12695312500000003 0.0768229166666667 0.09453125000000002 0.09843750000000002 0.1044921875 0.125
0 0.23158294882550337 0.027605914429530247 0.20785051384228187 0.022021812080536947 0.20262033347315436 0.06153873042505596 0.22635276845637584 0.06712283277404925
0 0.443359375 0.17317708333333334 0.4388254310344828 0.14832435344827583 0.3955158943965517 0.16237068965517237 0.4000498383620689 0.1872234195402299
0 0.4126953125 0.14348958333333334 0.39726562500000007 0.10234375 0.36523437500000006 0.1236979166666667 0.38066406250000007 0.16484375000000004
0 0.720703125 0.02083333333333345 0.6953125 0.020833333333333447 0.6953125 0.09375000000000012 0.720703125 0.09375000000000012
0 0.8561328125 0.09604166666666668 0.8505859374999998 0.044270833333333336 0.8079296874999999 0.05239583333333334 0.8134765624999998 0.1041666666666667
0 0.896484375 0.12369791666666667 0.8809649493243242 0.10891751126126129 0.8620935388513512 0.1441441441441442 0.877612964527027 0.1589245495495496
0 0.587109375 0.060677083333333305 0.5830078125 0.0442708333333333 0.5671875 0.05130208333333333 0.5712890625 0.06770833333333333
0 0.4186351102941176 0.26032475490196083 0.33653492647058825 0.23599877450980394 0.32752757352941175 0.29004289215686274 0.4096277573529411 0.31436887254901963
0 0.36914062500000006 0.23046875000000003 0.36032267011834324 0.20191537228796846 0.3413634892751479 0.21232433431952663 0.35018144415680474 0.24087771203155822
0 0.2821354841321243 0.3521427029360968 0.2763671875 0.32291666666666674 0.2551206282383419 0.3303715997409327 0.26088892487046633 0.35959763601036276
0 0.015625000000000066 0.28255208333333337 0.0009765625000000666 0.27343750000000006 -0.006308451186131303 0.29425182481751827 0.008339986313868697 0.3033664081508516
0 0.380859375 0.55859375 0.37813950596816975 0.5390106929708222 0.3515625 0.5455729166666665 0.35428236903183025 0.5651559736958444
0 0.330078125 0.7278645833333334 0.3154296875000001 0.7239583333333334 0.31182391826923084 0.7479967948717949 0.3264723557692307 0.7519030448717949
0 0.4501953125 0.8072916666666667 0.4208984375 0.7682291666666669 0.390625 0.8085937500000002 0.4199218749999999 0.8476562500000001
0 0.4394531250000001 0.8841145833333334 0.3960589418316832 0.8367754744224423 0.37604424504950507 0.8693920173267328 0.4194384282178219 0.9167311262376238
0 0.3671875 0.8919270833333334 0.3642578125 0.8723958333333334 0.34622896634615385 0.8772035256410257 0.34915865384615385 0.8967347756410257
0 0.08789062500000008 0.8424479166666667 0.03401830141737041 0.8094450517692 0.026168105398070064 0.8322260127663853 0.08004042898069974 0.8652288776638521
0 0.17119039948453613 0.9473663015463919 0.15120610502577322 0.8780874140893472 0.09427351804123714 0.9072836125429554 0.11425781250000003 0.9765625000000001
0 0.8621486658244034 0.5950742815392112 0.8185077858621531 0.5704184171537588 0.7932731825377497 0.6498233022812145 0.8369140625 0.6744791666666667
0 1.0000000000000002 0.5794270833333335 0.9850239616613417 0.578628361288605 0.9840473991613417 0.6111804446219383 0.9990234375000002 0.6119791666666667
0 0.887109375 0.7971354166666664 0.8818359375 0.7760416666666665 0.8701171875 0.7812499999999999 0.8753906249999999 0.8023437499999998