0 0.6503906249999998 0.2942708333333334 0.6445312499999999 0.2890625000000001 0.6386718749999999 0.3007812500000002 0.6445312499999998 0.3059895833333334
0 0.09101562500000007 0.9263020833333333 0.08105468750000011 0.921875 0.07773437500000009 0.9351562500000001 0.08769531250000004 0.9395833333333334
0 0.69921875 0.0013020833333334517 0.6867081925675675 -0.0014780405405404374 0.6847550675675675 0.014146959459459593 0.697265625 0.01692708333333348
0 0.9615234375 0.08229166666666679 0.9521484374999998 0.07812500000000012 0.9472656249999998 0.09765625000000012 0.956640625 0.10182291666666679
0 0.8945312499999997 0.28776041666666663 0.8801112912735846 0.25965998427672965 0.8724093455188677 0.26668632075471704 0.8868293042452828 0.294786753144654
0 0.28127297794117656 0.6423253676470589 0.28026194852941183 0.6248008578431373 0.26562500000000006 0.6263020833333334 0.2666360294117648 0.643826593137255
0 0.6121363146551724 0.08472521551724142 0.6005859375 0.07812500000000008 0.5928071120689655 0.10232579022988521 0.6043574892241378 0.10892600574712655
0 0.6524586397058822 0.7663143382352939 0.6448759191176471 0.7494638480392157 0.6181640625 0.7708333333333334 0.6257467830882353 0.7876838235294116
0 0.8410271139705883 0.23964460784313732 0.8293658088235294 0.21521139705882367 0.8064912683823529 0.23462009803921588 0.8181525735294116 0.2590533088235295
0 0.581640625 0.2958333333333333 0.5738281250000001 0.275 0.5390625 0.2981770833333333 0.546875 0.3190104166666667
0 0.5740080394190873 0.07186311376210254 0.550525966026971 0.05373660096818824 0.5370648016078838 0.08473807053941919 0.5605468750000001 0.10286458333333348
0 0.6234910875451264 0.8733171630565584 0.6108310300090254 0.8470592659446452 0.5784035142148014 0.8748542794825513 0.5910635717509025 0.9011121765944645
0 0.474609375 0.4739583333333334 0.45703125 0.4739583333333334 0.45703125 0.5638020833333334 0.474609375 0.5638020833333334
0 0.4921875 0.6484375 0.46484375 0.6484375 0.46484375 0.7096354166666666 0.4921875 0.7096354166666666
0 0.5596624410377359 0.5388413915094341 0.5412551591981133 0.5252063679245285 0.5128795695754718 0.5933077830188681 0.5312868514150944 0.6069428066037738
0 0.44059556934931515 0.4653467465753425 0.4141240368150685 0.4217465753424658 0.388671875 0.4492187500000001 0.41514340753424656 0.49281892123287674
0 0.9171928510273972 0.5188177796803654 0.9034139554794519 0.4783996860730596 0.8629468107876711 0.5029252283105026 0.8767257063356164 0.5433433219178083
0 0.8361265956564987 0.052304376657824864 0.7939453125 0.015625 0.7736628605769231 0.05709134615384623 0.8158441437334218 0.09377072281167109
0 0.2333409926470588 0.9703584558823529 0.22187499999999996 0.9015625 0.18237591911764703 0.9132659313725491 0.19384191176470586 0.982061887254902
0 0.2718065100297177 0.43862989103516603 0.22988832652303123 0.40946941555225363 0.20026931649331353 0.48516244118375446 0.2421875 0.5143229166666667
0 0.5564988499365483 0.14483396785109992 0.4970703125 0.11197916666666673 0.4782776808375634 0.17241037436548232 0.5377062182741117 0.2052651755499155