0 0.26953125 0.016927083333333332 0.268530868902439 0.004922510162601634 0.2578125 0.006510416666666674 0.258812881097561 0.018514989837398372
0 0.5390625000000001 0.9674479166666667 0.5380859375000001 0.9505208333333334 0.5231502757352942 0.9520526960784313 0.5241268382352942 0.9689797794117648
0 1 1.6240921418379937e-16 0.9892578125 1.61532188481285e-16 0.9892578125 0.040364583333333495 1 0.040364583333333495
0 0.7856552235401459 0.10168605535279802 0.777571852189781 0.07859070863746963 0.7607849566605839 0.08903588807785894 0.7688683280109487 0.11213123479318732
0 0.9960937500000002 0.07942708333333351 0.9761942879098362 0.07701502732240455 0.9742411629098362 0.10566086065573788 0.9941406250000002 0.10807291666666684
0 0.11253004807692306 0.5015024038461539 0.10877403846153846 0.47646233974358976 0.08097956730769232 0.48387419871794873 0.08473557692307691 0.5089142628205128
0 0.39609375 0.48671875 0.388671875 0.45703125 0.3541015625 0.47239583333333335 0.3615234375 0.5020833333333333
0 0.138671875 0.14453124999999997 0.12423076923076923 0.08997596153846152 0.10481971153846155 0.0991105769230769 0.1192608173076923 0.15366586538461535
0 0.46831642245850624 0.5684701331258644 0.46126572225103735 0.53321663208852 0.42048106846473016 0.5477178423236515 0.42753176867219905 0.5829713433609959
0 0.494140625 0.11718750000000008 0.466796875 0.11718750000000008 0.466796875 0.1705729166666667 0.494140625 0.1705729166666667
0 0.55573374969865 0.6526764906782385 0.5039062500000001 0.6419270833333334 0.49943026006509167 0.6802927113468339 0.5512577597637416 0.691042118691739
0 0.15944723886986306 0.5591110159817352 0.12177600599315075 0.5362799657534246 0.1079302226027398 0.5768942636986302 0.1456014554794521 0.5997253139269407
0 0.31377963362068967 0.5537446120689655 0.29431573275862066 0.4888649425287356 0.2629983836206896 0.5055675287356322 0.28246228448275856 0.570447198275862
0 0.35546875 0.33984375000000006 0.28867187499999997 0.3101562500000001 0.2787109375 0.35 0.3455078125 0.3796875
0 0.050106457886266095 0.8053357474964234 0.04061326448497854 0.7521738644492132 -0.006475489538626622 0.7671226752503576 0.0030177038626609367 0.8202845582975679
0 0.4423828125000001 0.036458333333333405 0.40105002866972483 0.03478832186544348 0.39952336582568815 0.10196148700305815 0.4408561496559634 0.10363149847094809
0 0.6560014660989716 0.17743144815766934 0.5827291532776349 0.152102747429306 0.5761743854434447 0.18581298200514146 0.6494466982647814 0.2111416827335048
0 0.28984375 0.36015625 0.271484375 0.3111979166666667 0.222265625 0.34401041666666665 0.240625 0.39296875
0 0.0666683306709265 0.1714964390308839 0.06368248302715654 0.07196818423855166 0.02265437799520767 0.07415634984025558 0.02564022563897763 0.17368460463258784
0 0.567637087264151 0.2192560927672957 0.5175744398584905 0.17358490566037743 0.4570681014150943 0.2914946933962265 0.5071307488207547 0.3371658805031448