0 0.07485627948113212 0.3708529874213837 0.05371093750000002 0.3515625 0.032200766509434 0.39347975628930826 0.05334610849056609 0.4127702437106919
0 0.09039157774390245 0.3177718495934959 0.0888671875 0.2994791666666667 0.06635861280487805 0.3028137703252033 0.0678830030487805 0.3211064532520326
0 0.06302584134615385 0.3050881410256411 0.051757812500000014 0.3020833333333333 0.04890324519230771 0.321113782051282 0.06017127403846155 0.3241185897435897
0 0.06542968750000003 0.22656250000000006 0.04785156250000002 0.20312500000000006 0.02343750000000002 0.2356770833333334 0.04101562500000002 0.25911458333333337
0 0.11101140202702704 0.4205025337837838 0.08593750000000003 0.37369791666666674 0.06579919763513516 0.39287725225225234 0.09087309966216217 0.4396818693693694
0 0.052734375 0.5013020833333334 0.05070734797297297 0.4841849662162162 0.033055320945945946 0.4879011824324324 0.03508234797297297 0.5050182995495496
0 0.1484375 0.55859375 0.1417201047687861 0.500376324662813 0.07259302745664739 0.5145562379576107 0.07931042268786126 0.5727736632947976
0 0.12214654972118968 0.6999980638166048 0.09472656250000004 0.671875 0.06891481761152422 0.7166153578066916 0.09633480483271387 0.7447384216232962
0 0.34269317208904104 0.8830978881278538 0.3306533604452055 0.8477811073059363 0.30078125000000006 0.8658854166666669 0.3128210616438356 0.9012021974885845
0 0.3925781250000001 0.96875 0.3515625000000001 0.96875 0.3515625000000001 0.9986979166666666 0.3925781250000001 0.9986979166666666
0 0.6750728232254289 0.6488072022880915 0.6494140625 0.6015625 0.6335529202418098 0.6168767063182528 0.6592116809672387 0.6641214086063443
0 0.9916015624999999 0.9255208333333333 0.9763671875 0.9187500000000001 0.9642578125 0.9671875 0.9794921874999998 0.9739583333333334
0 0.6402312549920127 0.23401058306709271 0.5702819239217252 0.19194954739084136 0.5503038887779551 0.2510150425985091 0.6202532198482428 0.2930760782747604
0 0.7167968750000001 0.053385416666666664 0.7084673713235295 0.00896139705882352 0.6556181066176471 0.026577818627450997 0.6639476102941176 0.07100183823529414
0 0.533203125 0.0013020833333334144 0.458984375 0.0013020833333334083 0.458984375 0.027343750000000076 0.533203125 0.027343750000000087
0 0.4248046875 0.0520833333333334 0.40389222203038677 0.05061579189686931 0.4014481180939227 0.11253309162062622 0.4223605835635359 0.11400063305709031
0 0.41328350794797697 0.3270637644508671 0.38360278179190754 0.27309880780346824 0.333984375 0.32161458333333337 0.3636651011560694 0.3755795399807323
0 0.2600228658536586 0.21949314024390248 0.23133098323170734 0.20539888211382118 0.22129382621951219 0.241723831300813 0.24998570884146343 0.25581808943089435
0 0.31089596295248867 0.4720140460030166 0.3100696408371041 0.44887702677224744 0.2731370192307693 0.45122195512820523 0.27396334134615385 0.4743589743589744
0 0.49609375 0.23828125000000006 0.4753502155172414 0.22642780172413798 0.468884698275862 0.24654274425287365 0.48962823275862066 0.2583961925287357
0 0.14882812500000003 0.37526041666666665 0.1341796875 0.31666666666666665 0.1125 0.3263020833333333 0.1271484375 0.3848958333333333