0 0.19140625 0.2903645833333333 0.18088942307692307 0.2875600961538461 0.17893629807692307 0.3005809294871795 0.189453125 0.3033854166666667
0 0.6816406250000001 0.7903645833333334 0.669854525862069 0.78362966954023 0.6639951508620688 0.8018588362068967 0.67578125 0.8085937500000001
0 0.4472656250000001 0.5716145833333334 0.4326171875000001 0.5677083333333334 0.43013822115384615 0.5842347756410257 0.44478665865384615 0.5881410256410257
0 0.9344365368150684 0.9196632420091326 0.9200155179794521 0.9109232305936075 0.9140625 0.9283854166666667 0.9284835188356164 0.9371254280821919
0 0.7871093750000001 0.44921875000000006 0.7685546874999999 0.4453125 0.7666068412162161 0.46176097972972985 0.7851615287162164 0.46566722972972985
0 0.19140625000000006 0.3958333333333333 0.17968750000000006 0.3958333333333333 0.17968750000000006 0.43359375 0.19140625000000006 0.43359375
0 0.09998098727876106 0.3785259955752212 0.09885750829646019 0.35605641592920356 0.07798672566371681 0.35791159660766964 0.07911020464601769 0.3803811762536873
0 0.5881911057692308 0.8586738782051282 0.5694110576923077 0.8536658653846154 0.5661808894230769 0.8752003205128206 0.5849609375000001 0.8802083333333334
0 0.0899390243902439 0.13916412601626016 0.07529058689024389 0.12353912601626015 0.06319073932926828 0.14370553861788615 0.07783917682926829 0.15933053861788615
0 0.08818696120689654 0.1824982040229885 0.08728448275862069 0.16204202586206895 0.05442483836206895 0.1646192528735632 0.05532731681034482 0.18507543103448273
0 0.4007341056034483 0.49867097701149427 0.3994140625 0.46874999999999994 0.3783472521551724 0.47040229885057466 0.37966729525862064 0.5003232758620689
0 0.3134051067073171 0.7231008638211381 0.3115234375 0.7005208333333334 0.28279820884146345 0.7047764227642277 0.2846798780487805 0.7273564532520325
0 0.26969962284482757 0.04287895114942531 0.2628973599137931 0.020204741379310335 0.23545258620689652 0.03484195402298851 0.242254849137931 0.05751616379310349
0 0.6513671875 1.0396741055261384e-16 0.6171875 1.0117687422643171e-16 0.6171875 0.022135416666666772 0.6513671875 0.022135416666666772
0 0.31654665035942486 0.3940029286474973 0.31577600838658143 0.368314862886049 0.280909919129393 0.3701743876464324 0.28168056110223644 0.3958624534078807
0 0.6248046875 0.17239583333333333 0.6173828125 0.14270833333333333 0.586328125 0.15651041666666668 0.59375 0.18619791666666666
0 0.18119531250000004 0.08722916666666668 0.15021875 0.05863541666666667 0.13861718750000002 0.08097916666666667 0.16959375000000002 0.10957291666666667
0 0.6750728117128463 0.5217483994542402 0.6474609374999999 0.5026041666666667 0.6354371654596978 0.5334343513853904 0.6630490396725441 0.552578584172964
0 0.5517688679245283 0.8399223663522014 0.5266325176886792 0.816990959119497 0.5114939563679245 0.8464917452830191 0.5366303066037735 0.8694231525157234
0 0.04356971153846155 0.11598557692307694 0.021935096153846166 0.0967548076923077 -0.002704326923076916 0.14603365384615383 0.01893028846153847 0.16526442307692307
0 0.9784375000000001 0.47208333333333335 0.9657812499999998 0.44958333333333333 0.9267187499999998 0.48864583333333333 0.9393750000000001 0.5111458333333334
0 0.1580500966494845 0.6250617482817868 0.15332031249999997 0.5598958333333334 0.12760349548969072 0.5632141323024056 0.13233327963917524 0.628380047250859
0 0.6057529885654886 0.6743086235273736 0.5751953125000001 0.6588541666666669 0.5602991813929314 0.7112163244975747 0.59085685745842 0.7266707813582816
0 0.21927191582541566 0.1829411619160729 0.2177734375 0.12499999999999999 0.18124628859857483 0.1266794091448931 0.1827447669239905 0.184620571060966
0 0.3993088942307692 0.07690304487179495 0.35501802884615385 0.06079727564102569 0.34438100961538465 0.11280048076923081 0.388671875 0.12890625000000006
0 0.8127375422297298 0.8612753378378383 0.7700591216216217 0.8206292229729734 0.7490762246621622 0.8597972972972977 0.7917546452702704 0.9004434121621626
0 0.4547276121641074 0.05032889475367884 0.4469338561660268 0.014535348688419733 0.3715117412428023 0.04373100607805503 0.3793054972408829 0.07952455214331414
0 0.9040409482758621 0.5701239224137933 0.8800511853448276 0.5430585488505748 0.8381196120689655 0.6091325431034486 0.862109375 0.6361979166666669
0 0.2832031250000001 0.6171875 0.23828125000000008 0.6171875 0.23828125000000008 0.66796875 0.2832031250000001 0.66796875
0 0.5248082712155965 0.8884389334862388 0.4658561496559634 0.8648580848623856 0.4512883457568808 0.9296038799694192 0.5102404673165138 0.9531847285932725
0 0.2578125 0.3489583333333333 0.2041015625 0.3489583333333333 0.2041015625 0.4440104166666667 0.2578125 0.4440104166666667
0 0.435546875 0.24088541666666677 0.3955078125 0.15104166666666669 0.34218313411983853 0.19328923794370287 0.38222219661983853 0.28313298794370295