0 0.0205078125 0.09635416666666667 0.019419584849272354 0.05137409043659045 0.0012932854729729754 0.05215371621621622 0.0023815131237006227 0.09713379244629246
0 0.18693621134020616 0.060808634020618604 0.17872100515463915 0.03616301546391756 0.13649726159793812 0.0611844931271478 0.14471246778350516 0.08583011168384885
0 0.174609375 0.14140625000000004 0.16113281250000003 0.13541666666666669 0.15546875000000002 0.1580729166666667 0.1689453125 0.16406250000000003
0 0.255859375 0.11848958333333336 0.21684438344594592 0.11027590090090092 0.20891047297297294 0.17727336711711714 0.24792546452702702 0.1854870495495496
0 0.15625 0.4127604166666667 0.13413373161764702 0.3950674019607843 0.11914062499999997 0.4283854166666667 0.14125689338235298 0.44607843137254904
0 0.10937500000000004 0.5221354166666666 0.09472656250000004 0.5208333333333334 0.09361172566371687 0.5431300700589969 0.10826016316371687 0.5444321533923303
0 0.31440468611603195 0.6019961433421909 0.26862994076616475 0.51960160171243 0.24462155391939774 0.5433135887215826 0.2903962992692649 0.6257081303513434
0 0.31591045673076923 0.3085136217948718 0.31128305288461544 0.25915464743589745 0.28808593750000006 0.26302083333333337 0.2927133413461539 0.31237980769230766
0 0.5324050206218274 0.16739371827411173 0.4480092005076141 0.06986965947546535 0.40045011104060907 0.1430374894247039 0.4848459311548223 0.24056154822335027
0 0.4248046875000001 0.20572916666666666 0.4127519928373383 0.16044025338878617 0.39036867490757854 0.17103021025878004 0.4024213695702403 0.21631912353666052
0 0.4335937499999999 0.31380208333333326 0.4329265510948905 0.2808869373479318 0.3967937385948905 0.28218902068126517 0.3974609375 0.31510416666666663
0 0.4828125 0.3752604166666666 0.4787109375 0.35885416666666664 0.46171875 0.36640625 0.4658203125 0.38281249999999994
0 0.4462890625000001 0.4609375000000001 0.4399789663461539 0.41887019230769235 0.424579326923077 0.42297676282051283 0.4308894230769232 0.4650440705128206
0 0.376343190059727 0.7914178043230946 0.35644531249999994 0.7578125 0.33738401237201365 0.7778770264505119 0.35728188993174065 0.8114823307736067
0 0.2046274038461539 0.8063902243589743 0.1490384615384616 0.7915665064102565 0.1352914663461539 0.883213141025641 0.19088040865384623 0.8980368589743589
0 0.50390625 0.9986979166666666 0.5032435256933117 0.9677707823545405 0.46449167771207184 0.9692470432300163 0.46515440201876024 1.0001741775421424
0 0.7237949587264152 0.9749754323899372 0.6572265625000001 0.9583333333333334 0.6518978478773585 0.9962264150943396 0.7184662441037736 1.0128685141509435
0 0.9148854459269666 0.8715472846441948 0.8961990870786518 0.8657976357677905 0.8924464536516854 0.8874795177902624 0.9111328125000002 0.8932291666666667
0 0.810734160958904 0.6664347888127856 0.8046473672945205 0.6485801940639271 0.7671232876712328 0.6713220605022834 0.7732100813356164 0.6891766552511418
0 0.6246081309713376 0.6103702229299365 0.568776124601911 0.5884753184713377 0.5603478304140128 0.6266835854564757 0.6161798367834395 0.6485784899150744
0 0.8828125000000002 0.55859375 0.8791316105769231 0.5340544871794871 0.854717548076923 0.5405649038461537 0.8583984375 0.5651041666666666
0 0.7129497563073395 0.39973719418960246 0.7119140625 0.3541666666666667 0.6730056622706422 0.35573872324159017 0.6740413560779817 0.401309250764526
0 0.755859375 0.37109375 0.7501953125 0.3484375 0.7314453124999999 0.3567708333333333 0.737109375 0.37942708333333336
0 0.828125 0.2304687500000001 0.819455246040724 0.20606499811463053 0.7987176541289591 0.21916242458521876 0.8073874080882352 0.24356617647058834
0 0.861328125 0.1367187500000001 0.8251953125000002 0.13020833333333345 0.8209499977582497 0.17209543878527037 0.8570828102582496 0.17860585545193702
0 0.8671875 0.20052083333333345 0.8564453125 0.20052083333333345 0.8564453125 0.2135416666666668 0.8671875 0.2135416666666668
0 0.9609375 1.5459571247048942e-16 0.921875 1.5140652809770986e-16 0.921875 0.033854166666666824 0.9609375 0.03385416666666683
0 0.7109532404298187 0.1258158789456012 0.6643051649597046 0.11055990457801672 0.6476878620298859 0.20088985896574893 0.6943359375 0.21614583333333343
0 0.599609375 0.20052083333333345 0.58203125 0.20052083333333345 0.58203125 0.23958333333333345 0.599609375 0.23958333333333345
0 0.5622102188427299 0.21234776829871418 0.560546875 0.20442708333333334 0.5361328125 0.21354166666666666 0.5377961563427299 0.2214623516320475