0 0.21484375 0.8294270833333334 0.2140577362804878 0.8199949186991868 0.20312499999999994 0.8216145833333333 0.2039110137195122 0.8310467479674798
0 0.4492187500000001 0.6549479166666667 0.44050886824324326 0.6530123873873875 0.43855574324324326 0.6686373873873875 0.4472656250000001 0.6705729166666667
0 0.24609375000000008 0.9778645833333335 0.23144531250000008 0.9583333333333335 0.22167968750000008 0.9713541666666669 0.23632812500000008 0.9908854166666669
0 0.80078125 0.8789062500000002 0.7807572115384616 0.8490665064102567 0.7729927884615385 0.8583293269230772 0.793016826923077 0.8881690705128207
0 0.33203125 0.4205729166666668 0.3166343521897811 0.4109926246958639 0.31054687500000006 0.42838541666666685 0.32594377281021897 0.43796570863746975
0 0.5075176886792454 0.5078862028301887 0.5009765625 0.4921875 0.4765993514150944 0.5102446933962264 0.48314047759433965 0.5259433962264151
0 0.12379764270231215 0.12825144508670522 0.0984804010115607 0.10349680876685935 0.0827086343930636 0.13217274807321774 0.10802587608381505 0.1569273843930636
0 0.06054687500000004 0.390625 0.021484375000000035 0.390625 0.021484375000000038 0.4231770833333333 0.06054687500000004 0.4231770833333333
0 0.83984375 0.14453125 0.8232421875 0.10416666666666655 0.790934375 0.12778958333333326 0.8075359375 0.16815416666666672
0 0.3366014518413598 0.7637438031161475 0.2878784525495751 0.7331725094428708 0.2792470786118981 0.7576280689329558 0.3279700779036828 0.7881993626062325
0 0.7545880011792452 0.8423742138364781 0.7318801591981131 0.7981230345911949 0.7053434551886791 0.8223319575471698 0.7280512971698113 0.8665831367924529
0 0.5742187500000001 0.2539062500000001 0.5283203125 0.24739583333333345 0.5245172266674126 0.2950611757684275 0.5704156641674129 0.3015715924350941
0 0.2578125 0.7669270833333334 0.21160196520618557 0.7161861039518901 0.1802271262886598 0.7669834621993128 0.22643766108247423 0.8177244415807561
0 0.2718919438745604 0.09632516363813994 0.24157843640093785 0.04467992868307936 0.18501795134818289 0.10369956525986712 0.21533145882180543 0.1553448002149277