0 0.7890625 0.14192708333333334 0.7866014226163831 0.11108158012533574 0.7401688045546105 0.1176677670844524 0.7426298819382274 0.14851327029245
0 0.8168468197765073 0.21412367896742904 0.8083683894230769 0.18900240384615388 0.7622405307952181 0.21667911902286913 0.7707189611486485 0.24180039414414428
0 0.947265625 0.4843750000000001 0.9033203125 0.4843750000000001 0.9033203125 0.5651041666666669 0.947265625 0.5651041666666669
0 0.7193089978448276 0.2680585488505748 0.7165342133620689 0.22366199712643683 0.664001885775862 0.22949892241379313 0.6667766702586206 0.2738954741379311
0 0.6270215223735407 0.29703206063553844 0.5669458292801555 0.22635477464332046 0.535768026507782 0.27346789883268496 0.5958437196011672 0.34414518482490297
0 0.564453125 0.17578125000000008 0.5550330528846155 0.1723557692307693 0.5521033653846155 0.186678685897436 0.5615234375 0.1901041666666668
0 0.4841427364864865 0.2528293918918919 0.4660684121621621 0.21969313063063062 0.4297191722972973 0.25494087837837837 0.44779349662162166 0.28807713963963966
0 0.4740074282786885 0.017422301912568373 0.45047387295081975 -0.0020022199453551435 0.41396964651639345 0.07662226775956288 0.43750320184426233 0.09604678961748639
0 0.1904296875 0.0416666666666667 0.1748046875 0.02083333333333335 0.1513671875 0.05208333333333335 0.1669921875 0.0729166666666667
0 0.224609375 0.037760416666666664 0.1962890625 0.0078125 0.1856324133211679 0.025728026155717756 0.2139527258211679 0.055675942822384424
0 0.1373434753954306 0.1380414286760398 0.1295584358523726 0.08910689440538958 0.0873637274824253 0.10104075131810193 0.09514876702548329 0.14997528558875217
0 0.107421875 0.16145833333333334 0.07421875000000003 0.16145833333333334 0.07421875000000003 0.18489583333333334 0.107421875 0.18489583333333334
0 0.15047764542079212 0.19285014438943898 0.12456489789603964 0.18939511138613865 0.12089070235148518 0.2383843853135314 0.14680344987623767 0.24183941831683173
0 0.03710937500000002 0.3059895833333333 0.02557829181494664 0.29793612841043887 0.01483610431494663 0.3252798784104389 0.02636718750000001 0.3333333333333333
0 0.17968749999999997 0.4986979166666667 0.16503906249999997 0.4583333333333333 0.1420659649030354 0.4731546866216976 0.1567144024030354 0.5135192699550309
0 0.09736902573529413 0.7228860294117646 0.055836397058823525 0.6305912990196079 0.02711397058823526 0.6535692401960785 0.06864659926470587 0.7458639705882353
0 0.04492187500000007 0.78125 0.016601562500000073 0.78125 0.016601562500000073 0.7994791666666666 0.044921875000000076 0.7994791666666666
0 0.048828125 0.7695312500000001 0.046154047818791955 0.7493271112975393 0.02665556837248324 0.7539149888143177 0.029329645553691285 0.7741191275167786
0 0.3193359375 0.3776041666666667 0.30175781250000006 0.35416666666666674 0.2861328125 0.3750000000000001 0.30371093749999994 0.39843750000000006
0 0.338522518382353 0.4341299019607844 0.3271484375 0.40885416666666663 0.30675551470588236 0.42516850490196073 0.31812959558823534 0.4504442401960785
0 0.21596798780487808 0.5977070630081301 0.19021532012195125 0.5754890752032521 0.17444264481707322 0.6079903455284553 0.2001953125 0.6302083333333334
0 0.404296875 0.5091145833333334 0.40297022405660377 0.4684306210691824 0.3805092865566039 0.4697327044025157 0.38183593750000006 0.5104166666666667
0 0.6009210891272191 0.5598650147928995 0.5865211261094675 0.5132365631163708 0.5492904031065089 0.5336769600591715 0.5636903661242604 0.5803054117357003
0 0.5843654725609756 0.3378747459349595 0.5537109374999999 0.3333333333333334 0.549685594512195 0.38163744918699194 0.5803401295731707 0.386178861788618
0 0.720703125 0.4921875000000001 0.69921875 0.4921875000000001 0.69921875 0.5156250000000001 0.720703125 0.5156250000000001
0 0.7151442307692307 0.6112780448717949 0.6870192307692308 0.5821113782051283 0.6707181490384615 0.6100560897435898 0.6988431490384615 0.6392227564102565
0 0.6124218749999999 0.7276562500000001 0.6084375 0.6904687500000001 0.5687890624999999 0.6980208333333333 0.5727734374999999 0.7352083333333334
0 0.5684486040609138 0.864219807529611 0.5538844384517766 0.8418133989001693 0.5292720891497462 0.8702543358714044 0.5438362547588833 0.8926607445008462
0 0.4521484375 0.9687500000000001 0.4501953125 0.9505208333333335 0.4316015624999999 0.9540625000000001 0.4335546874999999 0.9722916666666668
0 0.39970439189189194 0.9260627815315314 0.3344659674657534 0.86759774543379 0.30075666419844505 0.9344682332160928 0.3659950886245836 0.9929332693138344
0 0.388671875 0.88671875 0.3839271368894601 0.8623172397172237 0.3528152112789203 0.8730719794344474 0.3575599493894601 0.8974734897172236
0 0.35781850961538464 0.768633814102564 0.3222506009615385 0.7262019230769231 0.2999278846153846 0.7594671474358975 0.33549579326923074 0.8018990384615384
0 0.37122171336206894 0.7359734195402299 0.3701171875 0.7109375 0.3342807112068965 0.7137482040229884 0.3353852370689655 0.7387841235632184
0 0.412109375 0.7278645833333333 0.4066120962078652 0.6961025280898876 0.36453212780898875 0.7090502106741572 0.3700294066011236 0.7408122659176029
0 0.2417463118654823 0.7569334285109984 0.20440890704314732 0.7533774851945855 0.2011074317893402 0.8150050232656515 0.2384448366116752 0.8185609665820643
0 0.23367187500000003 0.7004687499999999 0.2306640625 0.6723958333333332 0.2005859375 0.678125 0.20359374999999996 0.7061979166666666
0 0.1433363970588236 0.7154871323529413 0.11591222426470593 0.6922181372549019 0.09146369485294126 0.7434436274509805 0.11888786764705891 0.7667126225490196
0 0.07421875 0.8658854166666666 0.07340382543103448 0.8474137931034483 0.0537109375 0.8489583333333334 0.05452586206896552 0.8674299568965517
0 0.04101562499999999 0.9934895833333334 0.039969925331858405 0.9725755899705015 0.02078436117256638 0.9742809734513275 0.021830060840707967 0.9951949668141593
0 0.17490912288930582 0.9683982176360225 0.16961772983114448 0.8872635240775485 0.09852654491088182 0.8955059803001877 0.10381793796904318 0.9766406738586617
0 0.19921875000000003 0.9986979166666669 0.19903784949077635 0.9863966820394569 0.1484292431302844 0.9877197828593389 0.14861014363950809 1.000021017486549
0 0.2038143382352941 0.158624387254902 0.19433593749999997 0.15104166666666666 0.1896829044117647 0.16138174019607845 0.19916130514705882 0.16896446078431376