0 0.841796875 0.009114583333333393 0.8381600215517242 -0.002200071839080427 0.83203125 0.0013020833333333925 0.8356681034482758 0.012616738505747212
0 0.6765625 0.24296875000000012 0.6671875 0.23880208333333344 0.6640625 0.2513020833333334 0.6734375 0.25546875000000013
0 0.059842469262295125 0.4074667008196721 0.049452484631147584 0.4062073087431694 0.0462506403688525 0.45316769125683065 0.05664062500000004 0.4544270833333333
0 0.9950307660398231 0.22222990412979352 0.9939245713495577 0.20010601032448372 0.9702018805309732 0.20221469395280234 0.9713080752212386 0.22433858775811213
0 0.23882772020725387 0.09072080094991368 0.2177734375 0.08333333333333338 0.2133207172927461 0.10589378238341972 0.23437499999999994 0.11328125000000003
0 0.7720703125000001 0.2562500000000002 0.7534765625000001 0.2527083333333335 0.7497265625 0.2877083333333335 0.7683203125000001 0.2912500000000002
0 0.04005978531167109 0.6959825375773652 0.036303775696286476 0.6689392683465959 -0.003561733255968169 0.6787826038903624 0.0001942763594164454 0.7058258731211318
0 0.3247950819672132 0.27149504781420775 0.29133580942622955 0.26743937841530063 0.2888063524590164 0.304538080601093 0.3222656250000001 0.3085937500000001
0 0.9845982876149802 0.002711960687691791 0.943359375 0.0013020833333334924 0.9427305765440209 0.03399960304424019 0.9839694891590012 0.03540948039859849
0 0.3520053782626428 0.6704072355899945 0.35134584013050574 0.6396287894235998 0.30835637999592175 0.6412664831430125 0.3090159181280588 0.6720449293094073
0 0.50390625 0.8606770833333336 0.48766084558823514 0.8266390931372549 0.4570772058823529 0.8525888480392158 0.47332261029411765 0.8866268382352943
0 0.1947115384615385 0.46083733974358976 0.16992187500000003 0.4388020833333333 0.14753605769230774 0.4835737179487179 0.1723257211538462 0.5056089743589743