0 0.7876551240992793 0.075617785895383 0.7789489404023218 0.04352440285561787 0.7298166658326661 0.06721940052041635 0.7385228495296237 0.09931278356018147
0 0.826171875 0.12630208333333345 0.8105088730203619 0.10993354072398193 0.78162471719457 0.1590698058069382 0.7972877191742083 0.17543834841628972
0 0.28125 4.217696333000975e-17 0.234375 3.834994208267428e-17 0.234375 0.02083333333333337 0.28125 0.020833333333333374
0 0.0703125 0.018229166666666678 0.037109375 0.018229166666666675 0.037109375 0.03776041666666667 0.0703125 0.03776041666666668
0 0.15234375000000003 0.3346354166666667 0.14093855574324327 0.2866751126126126 0.09817250844594595 0.30475506756756754 0.1095777027027027 0.3527153716216216
0 0.18750000000000003 0.2565104166666667 0.16992187500000006 0.2330729166666667 0.14843750000000006 0.26171875000000006 0.16601562500000003 0.28515625000000006
0 0.21484375 0.20963541666666666 0.20306407683486238 0.18731603593272173 0.1754873853211009 0.21319046253822632 0.1872670584862385 0.23550984327217125
0 0.4436217098136915 0.08405320262853849 0.4129133042677643 0.08234718009820918 0.40996161449306767 0.1768012528885038 0.4406700200389948 0.1785072754188331
0 0.578125 0.20442708333333343 0.5673828125000001 0.20312500000000008 0.5662141393442623 0.22026553961748643 0.5769563268442622 0.22156762295081975
0 0.7489736930294907 0.22617501675603222 0.7341419864276139 0.18123045129579982 0.6842011561662199 0.21052907171581764 0.6990328627680965 0.25547363717605004
0 0.6624617429123711 0.31892987542955326 0.6601461823453609 0.2510067654639175 0.5908203125000001 0.2552083333333333 0.5931358730670103 0.32313144329896903
0 0.5179043881841505 0.31178140440897 0.4919480918614595 0.28903874477385033 0.46720776617730897 0.33923650703154706 0.4931640625 0.36197916666666674
0 0.6435242563739377 0.4006396069405099 0.6300294351983003 0.35065878777148257 0.6022956134915015 0.36397102219074606 0.6157904346671389 0.4139518413597733
0 0.228515625 0.3502604166666667 0.22162500000000002 0.3369895833333334 0.20892968750000002 0.3487083333333334 0.2158203125 0.3619791666666667
0 0.138671875 0.4153645833333333 0.13373398522234273 0.39414994577006507 0.09933187025488067 0.4083853036876356 0.10426976003253796 0.42959994125090384
0 0.18617773756117456 0.4041534971451876 0.16130964518760202 0.403206141245242 0.16008137489804247 0.46052542142468744 0.18494946727161504 0.46147277732463304
0 0.39241976351351354 0.5234023085585586 0.37777132601351354 0.49605855855855857 0.361328125 0.51171875 0.3759765625 0.5390625
0 0.42196551067073174 0.5491742886178863 0.4037442835365853 0.5334540142276424 0.39095846036585363 0.5598005589430896 0.4091796875 0.5755208333333335
0 0.28124999999999994 0.7070312500000001 0.26690504807692306 0.6670392628205131 0.24368389423076922 0.6818469551282054 0.25802884615384614 0.7218389423076924
0 0.10284083288626614 0.5618517525035764 0.09069457483905582 0.5579957975679541 0.08411430391630903 0.5948453147353362 0.09626056196351933 0.5987012696709585
0 0.505859375 0.5716145833333334 0.478515625 0.5716145833333334 0.478515625 0.6119791666666666 0.505859375 0.6119791666666666
0 0.470703125 0.6614583333333334 0.4423828125 0.6614583333333334 0.4423828125 0.6848958333333334 0.470703125 0.6848958333333334
0 0.8100092169943819 0.46781367041198496 0.8056640625 0.4427083333333333 0.785693908005618 0.4488529962546816 0.7900390625 0.4739583333333332
0 0.7071406250000002 0.5476770833333334 0.6713906250000001 0.5146770833333334 0.6462890625000002 0.5630208333333334 0.6820390625000001 0.5960208333333336
0 0.8294360942906576 0.5754983059400232 0.8218195826124568 0.5421307309688582 0.7862240484429066 0.5565752955594001 0.7938405601211074 0.5899428705305653
0 0.7578125 0.7278645833333335 0.7352204037408759 0.6898836678832119 0.7113651916058394 0.7151098692214114 0.7339572878649635 0.753090784671533
0 0.7482152478448277 0.8670977011494254 0.7284146012931035 0.8557830459770116 0.7155845905172414 0.8956986350574714 0.7353852370689656 0.9070132902298852
0 0.5673971036585366 0.8118902439024391 0.5553353658536585 0.7770452235772358 0.4841796875 0.8208333333333333 0.4962414253048781 0.8556783536585366
0 0.5292968750000001 0.8867187500000003 0.4921875 0.8372395833333336 0.4677734375 0.8697916666666669 0.5048828125000001 0.9192708333333337
0 0.44039168895914393 0.7924773022049287 0.42842214858949407 0.7743899967574578 0.40697577213035013 0.7996210278858625 0.4189453125 0.8177083333333335
0 0.583984375 0.9986979166666669 0.5837125537345513 0.9765897870768405 0.5241422412345514 0.9778918704101739 0.5244140625000001 1.0000000000000002
0 0.007812500000000082 0.8854166666666666 0.000976562500000081 0.8854166666666666 0.0009765625000000833 0.9296875 0.007812500000000085 0.9296875
0 0.03897383354350574 0.9633429881252626 0.018346567622950928 0.9292392418032788 -0.018225882723833475 0.9685644572299287 0.0024013831967213406 1.0026682035519126
0 0.0771484375 0.9596354166666666 0.06425781250000004 0.9252604166666667 0.05175781250000004 0.93359375 0.0646484375 0.96796875
0 0.171875 0.9960937500000001 0.17094439338235295 0.9840992647058824 0.14262408088235295 0.9880055147058824 0.1435546875 1.0000000000000002
0 0.22265625 0.9986979166666666 0.22227857389502761 0.9891301220073665 0.20372388639502761 0.9904322053406998 0.2041015625 1
0 0.2596139705882354 0.9409099264705884 0.1974857536764707 0.8682156862745101 0.1746420036764707 0.9029240196078433 0.23677022058823538 0.9756182598039217
0 0.3022656250000001 0.9119270833333334 0.267265625 0.9052604166666668 0.26058593750000003 0.9676041666666666 0.29558593750000006 0.9742708333333333