0 0.9965850944949814 0.06357499477206213 0.969474151113551 0.04892043078209974 0.951002783877039 0.1096707052488501 0.9781137272584693 0.1243252692388125
0 0.9254514600409834 0.13240266393442635 0.9070120389344261 0.09268698770491816 0.877561475409836 0.11699538934426243 0.8960008965163933 0.1567110655737706
0 0.744140625 0.07291666666666678 0.72265625 0.07291666666666678 0.72265625 0.11718750000000012 0.744140625 0.11718750000000012
0 0.9769650387014789 0.18936768330252615 0.9685261668207025 0.1576579829020332 0.9324890249537893 0.1747078134627234 0.9409278968345655 0.20641751386321636
0 0.9031990840517242 0.2628771551724138 0.9020002693965518 0.2357040229885057 0.8805899784482758 0.23738326149425285 0.8817887931034483 0.2645563936781609
0 0.65625 0.1653645833333335 0.642578125 0.14713541666666685 0.6162109375 0.1822916666666668 0.6298828125 0.20052083333333345
0 0.5454361593934911 0.19418762327416175 0.5214092548076923 0.11638621794871794 0.47857918823964507 0.13990076429980275 0.5026060928254438 0.21770216962524652
0 0.4873046875 0.30208333333333326 0.4794921875 0.2708333333333333 0.4208984375 0.296875 0.4287109375 0.32812499999999994
0 0.41453394396551724 0.3395743534482758 0.4048356681034483 0.3094019396551724 0.38385641163793105 0.3213900862068966 0.3935546875 0.3515625
0 0.31699603391684894 0.15907640408460974 0.30559354485776796 0.07925898067104303 0.2608981810722101 0.0906101841721371 0.272300670131291 0.17042760758570383
0 0.31287935111154447 0.21070592823712947 0.28574889089313577 0.16075143005720227 0.24903410198907955 0.19620019175767034 0.2761645622074883 0.24615468993759754
0 0.1789407169117647 0.03768382352941179 0.13413373161764705 0.0018382352941176776 0.11155790441176472 0.052006740196078455 0.15636488970588236 0.08785232843137257
0 0.06250000000000001 0.16015625000000003 0.035752744932432426 0.09279279279279279 -0.0033730996621621654 0.12041103603603603 0.023374155405405418 0.18777449324324327
0 0.023774245689655193 0.20721084770114945 0.0029364224137931245 0.20557650862068966 0.0016231142241379518 0.23534482758620687 0.02246093750000002 0.23697916666666666
0 0.11112507735148514 0.27984478135313534 0.10665802908415842 0.2202841377887789 0.07591081373762376 0.22438376650165015 0.08037786200495048 0.2839444100660066
0 0.025934616191275163 0.6816275167785234 0.0205078125 0.640625 -0.004450241191275184 0.6464974832214765 0.0009765624999999778 0.6874999999999999
0 0.3828125000000001 0.5351562500000001 0.3494087114726027 0.5149115296803654 0.3347602739726027 0.5578802796803654 0.3681640625000001 0.5781250000000002
0 0.3046875 0.3255208333333333 0.283203125 0.3255208333333333 0.283203125 0.3802083333333333 0.3046875 0.3802083333333333
0 0.5196063701923076 0.4669471153846153 0.5109525240384615 0.4246394230769231 0.4967397836538461 0.42980769230769234 0.5053936298076922 0.47211538461538455
0 0.555685447080292 0.37345080596107066 0.5393262431569343 0.36327174574209253 0.5314923585766425 0.38565427311435524 0.5478515625 0.39583333333333337
0 0.828125 0.3971354166666667 0.827288837859425 0.369263345314164 0.8021727735623003 0.37060286874334397 0.8030089357028753 0.39847494009584666
0 0.951171875 0.5872395833333335 0.9474909855769231 0.5627003205128206 0.9230769230769231 0.5692107371794872 0.9267578125 0.5937500000000001
0 0.921875 0.7617187500000001 0.910288815045249 0.7544011595022625 0.9014997525452488 0.7791407428355959 0.9130859374999998 0.7864583333333335
0 0.974609375 0.9231770833333334 0.9697265625 0.9010416666666666 0.9523848029458598 0.9078423566878981 0.9572676154458598 0.9299777733545649
0 1 0.8763020833333335 0.9868179662539938 0.8755990415335464 0.9858414037539938 0.9081511248668797 0.9990234375 0.9088541666666666
0 0.6894531250000001 0.9231770833333334 0.6327239854197624 0.8994048724616147 0.6267064450222883 0.9249338317236255 0.6834355846025261 0.9487060425953441
0 0.44721174568965516 0.9266433189655174 0.42787580818965515 0.8961745689655174 0.40449892241379315 0.9225484913793104 0.42383485991379316 0.9530172413793104
0 0.552734375 0.9986979166666666 0.5513811157820098 0.9776472177201512 0.5176999974675851 0.9814964883846569 0.5190532566855752 1.0025471873311722
0 0.7775912114294712 0.9779111565911002 0.7138671875000002 0.9765625000000002 0.7135887318954662 0.9999527707808565 0.7773127558249372 1.0013014273719565