0 1.0089393028846154 0.032251602564102734 0.9360496024408285 -0.007766272189349029 0.9136002218934911 0.06492696005917171 0.9864899223372783 0.10494483481262347
0 0.669921875 0.04296875 0.6675939611486487 0.023310810810810788 0.6484375000000001 0.02734374999999997 0.6507654138513514 0.047001689189189184
0 0.7805107606132077 0.11949292452830192 0.7732001768867927 0.04847582547169811 0.7354613797169812 0.05538227201257861 0.7427719634433962 0.12639937106918242
0 0.7470703124999999 0.23697916666666666 0.7458940694888179 0.1977710662939297 0.7333360373402555 0.19844082800851967 0.7345122803514377 0.23764892838125667
0 0.812532926542047 0.1492267040195691 0.7637144858191194 0.14830992579003055 0.7627049967770726 0.24387488843712823 0.8115234375000002 0.24479166666666682
0 0.873046875 0.18098958333333334 0.8679183331073753 0.15895584779464927 0.8358506473698482 0.17222523499638467 0.8409791892624728 0.19425897053506874
0 0.6548046875000002 0.16583333333333347 0.6291015625 0.16093750000000015 0.6258593750000001 0.1911979166666668 0.6515625000000002 0.19609375000000015
0 0.31835633905440414 0.03444246545768571 0.27113524125647664 -0.02088730569948186 0.22491296955958545 0.04924303756476687 0.27213406735751294 0.10457280872193443
0 0.06640625 0.018229166666666675 0.033203125 0.018229166666666675 0.033203125 0.05208333333333334 0.06640625 0.05208333333333335
0 0.11576872051886793 0.12554048742138366 0.055737765330188684 0.0810731132075472 0.04062868514150944 0.11733490566037741 0.10065964033018868 0.1618022798742139
0 0.034139278017241384 0.30794719827586203 0.02869746767241379 0.22087823275862073 -0.003791756465517243 0.22448814655172417 0.0016500538793103481 0.3115571120689655
0 0.24117647058823527 0.26648284313725495 0.21884191176470585 0.2598651960784314 0.21213235294117644 0.30012254901960783 0.23446691176470588 0.3067401960784314
0 0.31013111076732675 0.5582585602310232 0.30589611695544555 0.5017919760726072 0.2805635055693069 0.505169657590759 0.2847984993811882 0.561636241749175
0 0.25585937500000006 0.5794270833333335 0.23339843750000008 0.5755208333333335 0.2311222118959108 0.5987889172862456 0.2535831493959108 0.6026951672862456
0 0.35794771634615385 0.4795673076923077 0.3357872596153847 0.4736578525641026 0.33128004807692313 0.5037059294871795 0.3534405048076923 0.5096153846153847
0 0.3964843749999999 0.49088541666666685 0.3876953124999999 0.4817708333333334 0.3823317307692307 0.490965544871795 0.3911207932692307 0.5000801282051284
0 0.4316406249999999 0.4622395833333334 0.4296472293814432 0.4347750214776633 0.39843749999999994 0.43880208333333337 0.4004308956185566 0.46626664518900357
0 0.5884800295857987 0.37337432199211046 0.5838283561390532 0.35831176035502954 0.5641815366124259 0.36909824950690334 0.5688332100591715 0.38416081114398426
0 0.716796875 0.3645833333333334 0.69140625 0.3645833333333334 0.69140625 0.4348958333333334 0.716796875 0.4348958333333334
0 0.7623820754716981 0.3715851022012579 0.7512713738207547 0.3633549528301888 0.7476783608490567 0.3719781839622643 0.7587890625000001 0.3802083333333334
0 0.8486112310082874 0.4655991022099448 0.8466796875 0.41666666666666674 0.8017793939917126 0.41981756445672197 0.8037109375 0.46875000000000006
0 0.9616060192953022 0.2876031180089485 0.9580078125000002 0.2604166666666667 0.9368380348154363 0.2653977908277405 0.9404362416107382 0.2925842421700224
0 0.9453125 0.22786458333333345 0.9341796875 0.2229166666666668 0.93125 0.23463541666666685 0.9423828125 0.2395833333333335
0 1.0000269768646408 0.3547853360957644 0.9888531595303867 0.35400120856353606 0.9878496201657458 0.37942420580110514 0.9990234375 0.38020833333333354
0 0.8850240645336225 0.5134077865148228 0.8799336530639913 0.49153787057122195 0.8490946142895878 0.504298852133044 0.8541850257592192 0.5261687680766449
0 0.8534482074873097 0.7497832064297804 0.7727712563451776 0.7052717851099833 0.7569717639593908 0.7561812605752963 0.837648715101523 0.8006926818950932
0 0.3025872217465754 0.7709225171232877 0.27304955051369867 0.7561536815068494 0.24896992722602745 0.8417701198630138 0.27850759845890416 0.8565389554794521
0 0.33057391826923077 0.8269030448717949 0.32814002403846154 0.8009415064102564 0.3045823317307692 0.8048677884615384 0.30701622596153844 0.8308293269230769
0 0.26231361040609136 0.9797813557529611 0.2528404584390863 0.9652072758037226 0.23759716053299496 0.9828217533840948 0.2470703125 0.9973958333333335
0 0.9609375 0.9986979166666666 0.9603631756756756 0.9657699887387386 0.9117430320945946 0.96727759009009 0.9123173564189189 1.000205518018018
0 0.4156176297169811 0.2176739386792453 0.3943948997641509 0.17631682389937112 0.3656176297169811 0.20256977201257864 0.38684035966981123 0.24392688679245284