0 0.013918326104100941 0.752304317823344 0.010988638604100954 0.7197522344900107 0.000976562500000011 0.7213541666666667 0.00390625 0.7539062500000001
0 0.46875 0.7304687500000001 0.4681834858425414 0.71611705801105 0.44921875 0.7174479166666667 0.4497852641574586 0.731799608655617
0 0.13531934600515463 0.6308258161512028 0.12872503221649484 0.6079655283505155 0.11328125000000003 0.6158854166666666 0.1198755637886598 0.6387457044673539
0 0.897100360576923 0.14577323717948734 0.8793118990384615 0.14280849358974376 0.8767427884615385 0.1702123397435899 0.89453125 0.17317708333333348
0 0.42229932108626206 0.6095538804579339 0.39453125000000006 0.6080729166666666 0.39393532847444096 0.6279369675186369 0.42170339956070285 0.6294179313099041
0 0.79296875 0.9231770833333335 0.7907169117647059 0.8841452205882353 0.7783203125 0.8854166666666666 0.7805721507352941 0.9244485294117648
0 0.8400121228448277 0.8410560344827588 0.8228044181034484 0.8312230603448277 0.8145204741379312 0.8569953304597704 0.8317281788793105 0.8668283045977013
0 0.3470597550675676 0.5801238738738739 0.32519531250000006 0.5755208333333334 0.32188555743243247 0.6034698761261261 0.34375 0.6080729166666666
0 0.32812500000000006 0.0716145833333334 0.3022206918352601 0.06630087909441237 0.2983144418352601 0.10015504576107905 0.32421875000000006 0.10546875000000006
0 0.033667452830188696 0.09122936320754718 0.0032392393867924653 0.08946540880503145 0.0019531250000000126 0.12890625 0.032381338443396246 0.13067020440251573
0 0.8568692835365852 0.38788109756097566 0.8283203125 0.37031250000000016 0.8140577362804878 0.4115154979674798 0.842606707317073 0.4290840955284553
0 0.6913281250000001 0.5046354166666668 0.6475781250000001 0.4963020833333335 0.6441796875000001 0.5280208333333335 0.6879296875 0.5363541666666669
0 0.411061356707317 0.2716908028455285 0.35232469512195125 0.2629890752032521 0.3500857469512195 0.2898564532520326 0.40882240853658536 0.298558180894309
0 0.9676537679652044 0.3229028775844682 0.9263884620839636 0.28918069213313163 0.9097145069024206 0.32545385779122543 0.9509798127836613 0.35917604324256197
0 0.5054411222986247 0.2550983341519319 0.49265371746070724 0.18007889243614936 0.4529772685412573 0.19210205877537662 0.4657646733791748 0.2671215004911591
0 0.47420400943396235 0.5175167059748428 0.4433409492924529 0.4434453616352202 0.40171727594339623 0.4742777122641511 0.4325803360849057 0.5483490566037736
0 0.8499393725442044 0.6735505689259987 0.835713024926326 0.59008932956778 0.7894519738457759 0.6041078298952196 0.8036783214636541 0.6875690692534382
0 0.19453125 0.18411458333333336 0.1788010817307692 0.10721153846153847 0.13137019230769229 0.12445913461538463 0.14710036057692308 0.2013621794871795
0 0.388671875 0.5455729166666666 0.3705764358108108 0.4671593468468469 0.32103040540540545 0.48748592342342345 0.3391258445945946 0.5658994932432433