0 0.7069738051470588 0.059589460784313826 0.6845703124999999 0.04166666666666673 0.6775045955882353 0.05736825980392168 0.6999080882352942 0.07529105392156878
0 0.6268619285019457 0.014981558041504547 0.6098081833657588 -0.0050816715304799 0.5785733827821011 0.042117582684824954 0.595627127918288 0.0621808122568094
0 0.5765759698275862 0.13285739942528743 0.548760775862069 0.11696300287356329 0.5221915409482758 0.1996228448275863 0.550006734913793 0.21551724137931044
0 0.439453125 0.07161458333333343 0.424053485576923 0.06750801282051286 0.4218749999999999 0.08203125000000003 0.4372746394230769 0.08613782051282058
0 0.3251537934565987 0.14174140094478893 0.3208366779229406 0.10309293807204017 0.27384058071302037 0.11242549638323002 0.27815769624667847 0.15107395925597877
0 0.13678563784246575 0.019727454337899554 0.13116705907534248 0.0032462899543379037 0.11336151541095889 0.014037528538812793 0.11898009417808217 0.030518692922374444
0 0.0546875 4.5445877312108816e-18 8.969581048442527e-19 7.972960931948922e-20 3.647629626366628e-18 0.059895833333333336 0.0546875 0.05989583333333334
0 0.08007812499999999 0.27734375 0.07324218749999999 0.25 0.055078125 0.25807291666666665 0.0619140625 0.28541666666666665
0 0.05768766108247425 0.2284015249140893 0.041982119845360835 0.2203474012027491 0.03800539626288659 0.2341333762886598 0.053710937500000014 0.2421875
0 0.14453125000000006 0.32942708333333337 0.1314432989690722 0.32271531357388317 0.1259060889175258 0.3419109750859107 0.13899403994845366 0.3486227448453609
0 0.2094177476415095 0.1950088443396227 0.15765846108490567 0.18553655660377363 0.15038915094339622 0.256152712264151 0.20214843750000006 0.26562500000000006
0 0.21377704326923075 0.4235176282051283 0.1993088942307692 0.40851362179487183 0.18963341346153845 0.42510016025641034 0.2041015625 0.4401041666666668
0 0.31465189435840707 0.35930586283185845 0.26811393805309736 0.3551691556047198 0.2653225248893806 0.41099741887905605 0.3118604811946903 0.4151341261061947
0 0.30183293269230776 0.5395633012820513 0.2745643028846155 0.529647435897436 0.26667668269230776 0.5682091346153847 0.2939453125000001 0.5781250000000001
0 0.341796875 0.55078125 0.3271484375 0.5442708333333334 0.3212890625 0.5677083333333334 0.3359375 0.57421875
0 0.2871093750000001 0.6015625 0.22949218750000008 0.6015625 0.22949218750000008 0.6692708333333334 0.2871093750000001 0.6692708333333334
0 0.376953125 0.7304687499999999 0.37429687500000003 0.7056770833333332 0.35296874999999994 0.7097395833333333 0.35562499999999997 0.73453125
0 0.5572870329181494 0.463435090450771 0.5101409586298933 0.43050767348754443 0.49171485765124556 0.4774104759786476 0.5388609319395018 0.5103378929418743
0 0.6468260830427532 0.6770730682737013 0.5587423959596726 0.5853192275621589 0.5232687187310492 0.6458609700323429 0.6113524058141298 0.7376148107438851
0 0.6025390625000001 0.7239583333333335 0.5650875342153285 0.7226087287104624 0.5639655565693431 0.7779596259124089 0.6014170848540147 0.7793092305352798
0 0.6607969810520362 0.7249717194570136 0.659692272341629 0.694039875565611 0.6344518877262444 0.6956424396681751 0.6355565964366516 0.7265742835595776
0 0.515625 0.8541666666666666 0.44921875 0.8541666666666666 0.44921875 0.9270833333333334 0.515625 0.9270833333333334
0 0.7010507280635402 0.9008466496469995 0.6841802784606656 0.8641460224407465 0.6431439698373677 0.8976810703479577 0.6600144194402421 0.9343816975542107
0 0.9400390625000001 0.8565104166666668 0.9087890625 0.8356770833333335 0.893359375 0.8768229166666669 0.9246093750000002 0.8976562500000003
0 0.777137967883549 0.5051529767406039 0.6935922337107209 0.4656259627233519 0.6628151715573012 0.5812731053604437 0.7463609057301295 0.6208001193776957
0 0.6835937500000001 0.4596354166666668 0.671327627388535 0.45482517250530796 0.666444814888535 0.47696058917197465 0.6787109375000001 0.4817708333333334
0 0.416015625 0.4414062500000001 0.40234375 0.4414062500000001 0.40234375 0.4635416666666668 0.416015625 0.4635416666666668
0 0.34444073932926833 0.1805132113821139 0.31442930640243905 0.17606707317073178 0.311594893292683 0.21008003048780494 0.34160632621951226 0.21452616869918703
0 0.30896417025862066 0.009698275862069039 0.26889143318965514 -0.01320043103448271 0.2586880387931034 0.0185434626436782 0.29876077586206895 0.04144216954022995
0 0.5001264977331606 0.9941305051813473 0.4951171875 0.96875 0.47838912726683935 0.9746194948186528 0.4833984375 1.0000000000000002