0 0.7828605276639344 0.059037739071038216 0.7721471567622952 0.026387465846994532 0.7249135502049181 0.053940403005464495 0.7356269211065574 0.08659067622950817
0 0.826171875 0.10807291666666678 0.8125 0.08984375000000012 0.7783203125 0.1354166666666668 0.7919921875 0.15364583333333345
0 0.275390625 4.1220208018175883e-17 0.2265625 3.7233727552201426e-17 0.2265625 0.049479166666666706 0.275390625 0.04947916666666671
0 0.06013086642599277 0.01895776925391095 0.0126953125 0.005208333333333335 0.009205071074007221 0.02661514741275572 0.056640625 0.040364583333333336
0 0.060546875 0.06770833333333333 0.031250000000000014 0.06770833333333333 0.031250000000000014 0.08723958333333333 0.060546875 0.08723958333333333
0 0.16015625000000003 0.38151041666666674 0.1470295284627492 0.3336708092864637 0.10493179433368309 0.35420628934942283 0.11805851587093392 0.4020458967296258
0 0.18411604634831463 0.2770628511235955 0.16317810744382025 0.27032420411985025 0.15581987359550564 0.31096968632958805 0.17675781250000006 0.31770833333333337
0 0.21875000000000006 0.2434895833333334 0.18187870666058395 0.24216088807785893 0.18136119981751825 0.26769122566909975 0.21823249315693433 0.2690199209245742
0 0.44380977535587196 0.19198454181494665 0.4424877669039147 0.09856261120996443 0.41371705404804276 0.09928640272835114 0.4150390625 0.19270833333333334
0 0.7492909590757237 0.21047640590200464 0.7341074784242761 0.16842984409799566 0.6882438404788418 0.1978731672234596 0.7034273211302895 0.23991972902746858
0 0.6709891960966542 0.3090874767657993 0.6643129937267658 0.24084185254027263 0.5966796874999999 0.25260416666666674 0.6033558898698883 0.3208497908921934
0 0.5820312500000001 0.20703125000000008 0.5712890625000001 0.20312500000000008 0.5683593750000001 0.2174479166666668 0.5791015625000001 0.2213541666666668
0 0.524921350671141 0.32064632270693516 0.5022467491610738 0.2982155341163312 0.4763488359899329 0.344756711409396 0.4990234375 0.3671875000000001
0 0.23828125000000006 0.37890625 0.2251580056179776 0.3748683286516854 0.22265625000000008 0.38932291666666674 0.23577949438202248 0.39336083801498134
0 0.15234375 0.45703125000000006 0.1492844987623762 0.43896709983498355 0.11781211324257426 0.4484426567656766 0.12087136448019802 0.4665068069306931
0 0.20110041920731708 0.4952362804878049 0.19645579268292684 0.43950076219512196 0.17351848323170732 0.44289888211382117 0.17816310975609756 0.4986344004065041
0 0.40731717139175255 0.5272900558419243 0.38519853414948446 0.5159471649484536 0.37729542525773196 0.5433446091065293 0.3994140625 0.5546875
0 0.4431526573905111 0.564020681265207 0.421875 0.5507812500000001 0.4108476847627737 0.5822878649635037 0.4321253421532848 0.5955272962287107
0 0.6550189226274787 0.39460133380547674 0.6419473707507083 0.34618817870632673 0.6134527708923514 0.35986558663833806 0.6265243227691218 0.4082787417374881
0 0.8229239817415731 0.44260592228464407 0.8193359375 0.42187499999999994 0.802076018258427 0.42718574438202245 0.8056640625 0.44791666666666663
0 0.8487591911764708 0.5316636029411766 0.811270680147059 0.5278186274509805 0.8096047794117649 0.5566942401960787 0.8470932904411766 0.5605392156862747
0 0.7264016544117646 0.532889093137255 0.6927849264705882 0.5043658088235295 0.6699448529411764 0.5522212009803923 0.7035615808823529 0.5807444852941177
0 0.7871093750000002 0.70703125 0.7744140625000002 0.6692708333333333 0.7384668935643566 0.6907564975247524 0.7511622060643566 0.7285169141914192
0 0.92578125 0.6510416666666669 0.9169921875 0.6510416666666669 0.9169921875 0.6614583333333336 0.92578125 0.6614583333333336
0 0.78515625 0.8476562500000002 0.7695355999443206 0.8376281783593171 0.7556244780066814 0.8761512852635486 0.7712451280623608 0.8861793569042317
0 0.857421875 0.8476562499999998 0.854185928254438 0.8371779462524654 0.8375843657544377 0.8462925295857988 0.8408203125 0.8567708333333331
0 0.5661930916878173 0.8892502115059223 0.5278989530456852 0.844999206852792 0.5066971367385786 0.8776173857868022 0.5449912753807107 0.9218683904399324
0 0.6029296875 0.8122395833333335 0.5896484375 0.7768229166666667 0.5189453125 0.8239583333333333 0.5322265625 0.8593750000000001
0 0.47321051520270263 0.7987049549549551 0.45879961993243246 0.7849802927927929 0.4416437922297297 0.8170045045045046 0.4560546875 0.8307291666666667
0 0.5196604567307692 0.6531490384615386 0.4990234375 0.6223958333333335 0.48754807692307695 0.6360857371794874 0.5081850961538461 0.6668389423076925
0 0.12306013150452497 0.60770173453997 0.10839843750000007 0.6067708333333335 0.10740861849547519 0.6344857654600301 0.12207031250000008 0.6354166666666666
0 0.2456256934171598 0.6646480522682446 0.22155833949704146 0.6514346030571992 0.21015162721893493 0.6883706237672584 0.2342189811390533 0.7015840729783037
0 0.3796541539634147 0.7936102642276424 0.3494235899390244 0.7787601626016262 0.33988662347560983 0.8132748983739837 0.3701171875000001 0.828125
0 0.3000232755829016 0.9662362370466321 0.23042928270725388 0.9055645509499136 0.2129159245466321 0.9412780656303973 0.2825099174222798 1.0019497517271156
0 0.34174089371019123 0.9406183651804672 0.3101239052547771 0.928219546178344 0.29575537420382164 0.9933568869426753 0.3273723626592358 1.0057557059447984
0 0.11328125 0.99609375 0.07710569953501097 0.9098570842450767 0.020144112417943116 0.9523369119256019 0.05631966288293215 1.0385735776805252
0 0.6446959317032042 0.9817905951377182 0.5683593750000002 0.9804687500000003 0.5681693323145027 0.9999797990444073 0.6445058890177068 1.001301644182125