0 0.46484375 0.09244791666666667 0.45386218817787416 0.04526787328271874 0.4248046875 0.057291666666666664 0.43578624932212573 0.10447171005061459
0 0.62890625 1.005390373518758e-16 0.6025390625 9.83863379002496e-17 0.6025390625 0.013020833333333433 0.62890625 0.013020833333333435
0 0.884765625 0.055989583333333336 0.8770466488028953 0.034613956941351214 0.8506794613028953 0.05154104027468461 0.8583984375 0.07291666666666673
0 0.8846850837628863 0.3474146262886598 0.8818520457474225 0.3083816580756015 0.8407176224226802 0.31368932560137464 0.8435506604381441 0.35272229381443304
0 0.6059738685344828 0.22108477011494249 0.6045393318965517 0.18856860632183908 0.584502963362069 0.19014008620689657 0.5859375 0.22265624999999997
0 0.5575997710987262 0.2141918789808918 0.544265027866242 0.1950952096602973 0.5046887440286624 0.2442243895966031 0.5180234872611464 0.2633210589171976
0 0.494140625 0.12109375000000006 0.47855046859932493 0.11384251446480237 0.46390203109932493 0.1698320977981357 0.4794921875 0.1770833333333334
0 0.4140625 0.23307291666666669 0.39160156249999994 0.17968750000000003 0.339097850678733 0.21895856900452493 0.361558788178733 0.2723439856711916
0 0.28577553353658536 0.165745680894309 0.2744140625 0.16406250000000003 0.27279439786585363 0.18349847560975616 0.28415586890243905 0.1851816565040651
0 0.24022183199541286 0.38518730886850155 0.21707102924311927 0.341322629969419 0.1802537270642202 0.37586725917431196 0.20340452981651375 0.41973193807339454
0 0.46720905172413796 0.28550107758620696 0.4440840517241379 0.2780010775862069 0.4346282327586207 0.3298329741379311 0.4577532327586207 0.3373329741379312
0 0.53515625 0.54296875 0.5314002403846154 0.5179286858974359 0.4960937500000001 0.52734375 0.4998497596153847 0.5523838141025641
0 0.11640625000000004 0.6424479166666667 0.09941406250000004 0.6348958333333333 0.09531250000000006 0.6513020833333332 0.11230468750000007 0.6588541666666665
0 0.5402688419117647 0.8685661764705884 0.5301011029411765 0.8459712009803921 0.5076976102941178 0.8638939950980391 0.517865349264706 0.8864889705882354
0 0.6328125 0.73046875 0.6201171875000001 0.71875 0.6129453125000001 0.7325625000000001 0.625640625 0.7442812500000001
0 0.03964843750000001 0.3583333333333334 0.03027343750000001 0.35416666666666674 0.026757812500000023 0.36822916666666666 0.03613281250000002 0.3723958333333333
0 1.0018780048076923 0.9018429487179488 0.9963942307692308 0.8652844551282052 0.9603365384615383 0.8748998397435899 0.9658203125 0.9114583333333335