0 0.2034392251577287 0.03604347397476341 0.19975170051261829 -0.004929022082018923 0.16894531249999997 3.7007434154171884e-18 0.1726328371451104 0.04097249605678234
0 0.19233730670103094 0.06069641323024054 0.1245034632731959 0.00397658934707903 0.08747664304123713 0.08270027920962199 0.15531048646907217 0.1394201030927835
0 0.02008497100515464 0.009799183848797256 0.0009765625 1.7347234759768072e-19 -0.006020457474226805 0.024256335910652918 0.013087951030927835 0.034055519759450176
0 0.03906250000000001 0.05859375000000001 0.029791234439834023 0.03724174446749654 0.008233921161825725 0.05388247752420471 0.01750518672199171 0.07523448305670817
0 0.08593750000000001 0.31640625 0.066232049246899 0.2403501242862768 0.02124556999409332 0.26107116927544793 0.040951020747194325 0.33712729498917116
0 0.03941101301115246 0.3493020058859975 0.021959950046468436 0.3462670384138785 0.018681749535316018 0.37977753252788105 0.03613281250000004 0.38281250000000006
0 0.1175249581276446 0.3895488070051717 0.0908203125 0.38281250000000006 0.08364691687235544 0.4333678596614951 0.11035156250000004 0.44010416666666674
0 0.19335937500000003 0.19531250000000003 0.15234375 0.1953125 0.15234375000000003 0.26562500000000006 0.19335937500000006 0.26562500000000006
0 0.3156389022156315 0.30063041550360553 0.28326718422889047 0.2336544472551757 0.21822321506454992 0.28954408001860904 0.250594933051291 0.35652004826703887
0 0.3968274915540541 0.10272381756756763 0.3759237753378379 0.09807854729729737 0.3732316300675676 0.11961570945945955 0.3941353462837838 0.12426097972972981
0 0.49501031839622645 0.17068101415094353 0.4700140035377359 0.1478773584905661 0.44606058372641505 0.194555817610063 0.4710568985849057 0.2173594732704404
0 0.548828125 0.18619791666666677 0.5207006369426752 0.17516752919320602 0.5117747312898089 0.21563163481953299 0.5399022193471337 0.22666202229299373
0 0.6597857161677909 0.11951060989319832 0.6203230396290051 0.0940508185778526 0.6060451359612141 0.13339437535132087 0.6455078125 0.1588541666666666
0 0.6712362753378378 0.18375563063063077 0.6311233108108107 0.15544059684684697 0.6145903716216216 0.19707911036036044 0.6547033361486486 0.22539414414414424
0 0.7475646719398339 0.1671853388658368 0.7193861838692946 0.14543352351313973 0.7012002398858921 0.18731630359612736 0.7293787279564314 0.20906811894882443
0 0.5374167520491804 0.4626793032786884 0.5240714651639344 0.38705601092896175 0.48183273565573775 0.4003073770491803 0.4951780225409837 0.475930669398907
0 0.46703966678176806 0.554327808471455 0.4657124050414366 0.5207038443830571 0.4034875690607736 0.5250704995395947 0.4048148308011051 0.5586944636279927
0 0.3931640625 0.5661458333333333 0.3865234375 0.5395833333333333 0.3654296875 0.5489583333333333 0.3720703125 0.5755208333333334
0 0.29295264175257735 0.5294754080756015 0.2798002577319588 0.5134638101374571 0.254810325386598 0.5499570446735397 0.2679627094072165 0.565968642611684
0 0.33984375000000006 0.74609375 0.3098003607644306 0.7170863397035881 0.28929254826443057 0.7548467563702549 0.3193359375 0.7838541666666666
0 0.47726562499999997 0.7147916666666667 0.4714531249999999 0.6721666666666668 0.45701562500000004 0.6756666666666667 0.462828125 0.7182916666666668
0 0.5195312500000001 0.6341145833333335 0.5036698845541402 0.6278944400212315 0.4981650577229299 0.6528496549893842 0.5140264231687899 0.6590697983014863
0 0.642406211797066 0.4637677006927467 0.6313655638753056 0.44385123777506125 0.601820369804401 0.472968240627547 0.6128610177261613 0.4928847035452325
0 0.7366858756188119 0.4001779084158417 0.7156075959158417 0.3973674711221123 0.7125522122524753 0.4381059199669969 0.7336304919554457 0.44091635726072625
0 0.9044687499999998 0.39457291666666683 0.8763437499999999 0.34040625000000013 0.8528828124999996 0.3620625000000002 0.8810078124999997 0.4162291666666668
0 0.892578125 0.5013020833333333 0.8876953125 0.4635416666666667 0.859309595121247 0.4700671189376443 0.864192407621247 0.5078275356043108
0 0.9355468749999998 0.5664062500000002 0.9332997744845359 0.5354461984536083 0.8999677835051545 0.539747100515464 0.9022148840206183 0.5707071520618558
0 0.86328125 0.6106770833333335 0.8578697253184713 0.5861448381104034 0.8412681628184714 0.59265525477707 0.8466796875 0.6171875000000001
0 0.7753906250000001 0.7174479166666665 0.7724609375000001 0.6953124999999999 0.7491741820469799 0.7007917365771811 0.7521038695469799 0.7229271532438478
0 0.8679014008620689 0.9095994971264371 0.8419113685344828 0.907561063218391 0.8408943965517242 0.9306124281609196 0.8668844288793103 0.9326508620689656