0 0.10594803968174538 0.11964363157192422 0.08414935073058447 0.0392876801441153 0.004810098078462765 0.07755058213237256 0.026608787029623694 0.1579065335601815
0 0.09357766544117647 0.04779411764705883 0.09067095588235294 -0.0025888480392156827 0.052734375 0.0013020833333333333 0.05564108455882353 0.05168504901960784
0 0.026052385723570194 0.04002157351242056 0.00005585192807626062 0.038577321634893115 -0.0019463550693240908 0.10264794555170421 0.02405017872616984 0.10409219742923166
0 0.1328125 0.20703125 0.1157046353251318 0.09949610061511423 0.07090461610281194 0.11216681312243701 0.08801248077768015 0.2197019625073228
0 0.15054344998612657 0.31289741722160563 0.08300781250000003 0.30989583333333337 0.08138309864039958 0.3748843877173511 0.14891873612652612 0.37788597160562337
0 0.13301000702247195 0.27620259831460686 0.10348270716292138 0.24367977528089893 0.07237754564606745 0.2938845973782772 0.101904845505618 0.32640742041198506
0 0.10742187500000003 0.20052083333333334 0.07226562500000003 0.20052083333333334 0.07226562500000003 0.24609375 0.10742187500000004 0.24609375
0 0.023437500000000035 0.3151041666666667 2.9121239803943405e-17 0.3151041666666667 3.504116329591548e-17 0.4440104166666667 0.023437500000000038 0.4440104166666667
0 0.2740639968325092 0.17446950968273592 0.22363281249999992 0.1276041666666667 0.20436471531211367 0.16446487433044915 0.25479589964462296 0.21133021734651838
0 0.47265625 0.2096354166666669 0.405551169341072 0.16022471050984427 0.3708493593163195 0.24400926083987728 0.4379544399752476 0.29341996699669987
0 0.48420662715517243 0.3698814655172415 0.4035897090517241 0.32381465517241387 0.3835870150862069 0.38604525862068967 0.46420393318965514 0.4321120689655173
0 0.4780490081058021 0.3059095918657565 0.44397930887372017 0.27004675056882815 0.4013838523890785 0.34198574374288965 0.43545355162116045 0.377848585039818
0 0.3291590073529413 0.49379595588235303 0.27942325367647064 0.4886948529411766 0.27238051470588237 0.6107689950980393 0.322116268382353 0.6158700980392158
0 0.2900503522398844 0.8269207610789981 0.2297631412572254 0.7679732658959538 0.16580676481213877 0.8842575867052023 0.22609397579479779 0.9432050818882466
0 0.5745174632352941 0.5650735294117646 0.5445197610294117 0.5307904411764706 0.5285960477941176 0.5555606617647058 0.5585937499999999 0.5898437499999999
0 0.63671875 0.1875000000000001 0.615234375 0.1875000000000001 0.615234375 0.2382812500000001 0.63671875 0.2382812500000001
0 0.5125478189586645 0.48938460519342875 0.44341526728934816 0.449307763645999 0.36701361287758344 0.6836061705087441 0.43614616454689975 0.7236830120561739