0 0.8291179253141661 0.04906067529829929 0.801456587966489 0.037770333523737126 0.7818323674314547 0.1232447162985531 0.8094937047791317 0.13453505807311528
0 0.5452161815068493 0.10043878424657547 0.5250561857876712 0.08822060502283116 0.514019691780822 0.12059432077625581 0.5341796875 0.1328125000000001
0 0.5859375 0.09765625 0.5851952197149644 0.06895474564528899 0.5556640625 0.0703125 0.5564063427850356 0.09901400435471101
0 0.16406250000000003 0.0013020833333333573 0.12011718750000003 1.9891495857867388e-17 0.11973735963721621 0.02278967176702865 0.1636826721372162 0.024091755100361986
0 0.5026742788461538 0.2027443910256411 0.4919921875 0.15052083333333335 0.45067608173076923 0.1655448717948718 0.46135817307692306 0.2177684294871795
0 0.474609375 0.2291666666666667 0.4443359375 0.2291666666666667 0.4443359375 0.25390625000000006 0.474609375 0.25390625000000006
0 0.5728141053082192 0.2189640410958905 0.5588345462328768 0.21049158105022842 0.5546875000000001 0.22265625000000008 0.5686670590753425 0.23112871004566218
0 0.517578125 0.25911458333333337 0.49403125000000003 0.25340625000000006 0.48735937500000004 0.3023333333333334 0.51090625 0.30804166666666677
0 0.8535745872641508 0.2994939072327044 0.8356095224056602 0.26448506289308177 0.8013708726415093 0.2957203223270441 0.8193359374999998 0.33072916666666674
0 0.9988880724009901 0.3315284653465349 0.9384765625 0.2656250000000002 0.908715578589109 0.314124381188119 0.9691270884900991 0.38002784653465366
0 0.9335937500000002 0.2148437500000001 0.9252060145547946 0.20976027397260275 0.9203232020547946 0.22408319063926949 0.9287109375000002 0.22916666666666685
0 0.955078125 0.3723958333333334 0.9267578125 0.3723958333333334 0.9267578125 0.4244791666666668 0.955078125 0.4244791666666668
0 0.6921120823019803 0.4312860973597361 0.6723294399752475 0.4097050330033004 0.6589282951732673 0.43154393564356447 0.6787109375 0.4531250000000001
0 0.716796875 0.4856770833333336 0.7001953125 0.4635416666666669 0.6845703125 0.4843750000000001 0.701171875 0.5065104166666667
0 0.7803296232876712 0.5645226883561645 0.7791122645547945 0.5206977739726028 0.7588131421232877 0.5217001997716896 0.7600305008561643 0.5655251141552512
0 0.9835997596153845 0.5764463141025644 0.9549969951923076 0.5423237179487181 0.9286388221153846 0.5816025641025642 0.9572415865384615 0.6157251602564104
0 1.0025390625 0.771875 0.9990234375 0.7343749999999999 0.9577974759615383 0.7412459935897435 0.9613131009615383 0.7787459935897437
0 0.9619140625 0.9036458333333334 0.9462890625 0.8828125 0.923828125 0.9127604166666666 0.939453125 0.93359375
0 0.798828125 0.7773437500000002 0.7930115258038211 0.7456168452935698 0.719086745689655 0.7697108477011497 0.7249033448858341 0.8014377524075802
0 0.7496304086538462 0.827067307692308 0.7108082932692306 0.7807532051282051 0.688740985576923 0.8136378205128205 0.7275631009615385 0.8599519230769234
0 0.7941176470588234 0.9761795343137254 0.7277688419117647 0.9231004901960785 0.7017463235294117 0.9809283088235295 0.7680951286764703 1.0340073529411764
0 0.7837929300742574 0.9440619843234324 0.7820525216584159 0.9208565387788779 0.7474377320544555 0.9254718440594059 0.7491781404702971 0.9486772896039604
0 0.6324790396341463 0.8749047256097561 0.6274771341463414 0.8148818597560974 0.5901772103658536 0.8204077743902437 0.5951791158536585 0.8804306402439024
0 0.6165119108606557 0.7502476092896176 0.6058145491803278 0.7272071379781421 0.581608606557377 0.7471866461748634 0.592305968237705 0.770227117486339
0 0.5980187295305677 0.6631300036390103 0.5742400723253274 0.6388850982532752 0.5560563932860261 0.6705899745269287 0.5798350504912664 0.6948348799126639
0 0.5651669574873096 0.5458769564297801 0.5414468987944162 0.5184671108291032 0.518827331852792 0.5532664445854484 0.5425473905456852 0.5806762901861252
0 0.5664062500000001 0.953125 0.4970703125000001 0.953125 0.49707031250000017 1 0.5664062500000002 1
0 0.46484375 0.9361979166666667 0.4620643028846154 0.9176682692307694 0.442157451923077 0.9229767628205129 0.44493689903846156 0.9415064102564104
0 0.5248421446917808 0.8022973744292238 0.5110632491438356 0.761879280821918 0.4763350813356165 0.7829266552511418 0.4901139768835616 0.8233447488584476
0 0.48046875 0.7929687500000001 0.44236415207006374 0.699824177282378 0.41157444267515925 0.722216693205945 0.44967904060509556 0.8153612659235671
0 0.4335937500000001 0.8710937500000001 0.4322633272058824 0.8539460784313724 0.39941176470588236 0.8584773284313724 0.4007421875 0.8756250000000001
0 0.3906249999999999 0.8033854166666666 0.37214949324324315 0.7857896959459459 0.3474714949324324 0.8318552927927929 0.36594700168918914 0.8494510135135136
0 0.435546875 0.8294270833333333 0.41864483173076933 0.8249198717948718 0.416015625 0.8424479166666666 0.43291766826923084 0.8469551282051282
0 0.30283421525559107 0.7089115748136315 0.28941818091054317 0.7081960529818957 0.2883417781549521 0.7440761448349308 0.30175781250000006 0.7447916666666666
0 0.05859375000000009 0.70703125 0.031054687500000067 0.6947916666666667 0.019335937500000067 0.7416666666666667 0.04687500000000009 0.75390625
0 0.03626817759900998 0.8198097153465348 0.0013633199257426453 0.8151557343234325 -0.0034904857673266564 0.8798731435643565 0.03141437190594067 0.8845271245874589
0 0.08203125000000004 0.8736979166666666 0.06755514705882355 0.8415287990196078 0.03452435661764706 0.8679534313725489 0.04900045955882355 0.9001225490196079
0 0.11914062500000007 0.4622395833333333 0.07401309308007568 0.4295758459436738 0.05545840558007566 0.4751487626103405 0.10058593750000004 0.5078125000000001
0 0.18359375000000006 0.4140625 0.14453125000000006 0.4140625 0.14453125000000006 0.5104166666666666 0.18359375000000006 0.5104166666666666
0 0.26171875 0.5143229166666667 0.2568359375 0.45312500000000006 0.2224840182967771 0.4579976126529395 0.2273668307967771 0.5191955293196062
0 0.4117187499999999 0.37786458333333334 0.3953124999999999 0.37057291666666664 0.3874999999999999 0.40182291666666664 0.4039062499999999 0.40911458333333334
0 0.029296875 2.4716178889041634e-18 0.0009765625 1.594592186389783e-19 0.0009765625000000004 0.010416666666666666 0.029296875 0.010416666666666668
0 0.029296875 2.4716178889041634e-18 0.0009765625 1.594592186389783e-19 0.0009765625000000004 0.010416666666666666 0.029296875 0.010416666666666668
0 0.007812500000000017 0.18489583333333334 0.000976562500000017 0.18489583333333334 0.0009765625000000182 0.2109375 0.007812500000000019 0.2109375