0 0.9101562499999998 0.03515625000000012 0.8906166174892702 0.028953192060085915 0.8852098980686695 0.05923082081545073 0.9047495305793991 0.06543387875536494
0 0.899609375 0.00859375 0.8962890625 -0.0046875 0.8857421875 5.921189464667501e-17 0.8890625 0.013281250000000059
0 0.947265625 0.13932291666666682 0.9306640625 0.13281250000000014 0.9266831707802549 0.15085920912951187 0.9432847332802549 0.15736962579617852
0 0.782290599385246 0.1579149590163936 0.7409067622950821 0.15289873633879794 0.7374967981557379 0.20291154371584716 0.7788806352459018 0.2079277663934428
0 0.6671505489864865 0.08597269144144155 0.6408625422297297 0.08013091216216228 0.6325221706081081 0.14685388513513525 0.6588101773648649 0.15269566441441454
0 0.708984375 0.09765625000000012 0.7001953125 0.09114583333333345 0.6953125 0.10286458333333345 0.7041015625 0.10937500000000012
0 0.345703125 0.14973958333333334 0.3427734375 0.13541666666666666 0.3356670673076923 0.13800080128205128 0.3385967548076923 0.15232371794871793
0 0.38476562500000006 0.12369791666666669 0.38396071481591454 0.09257472288202691 0.3489807563836104 0.09418299683293746 0.34978566656769594 0.12530619061757722
0 0.54296875 0.06119791666666682 0.5327193233944953 0.05383935397553522 0.5238765051605504 0.07573585626911312 0.534125931766055 0.08309441896024472
0 0.2578125 0.14062500000000006 0.234375 0.14062500000000006 0.234375 0.1927083333333334 0.2578125 0.1927083333333334
0 0.306640625 0.14453125 0.3037584459459459 0.1201928490990991 0.2852037584459459 0.1240990990990991 0.2880859375 0.1484375
0 0.20312500000000006 0.20963541666666677 0.185546875 0.1861979166666667 0.1728515625 0.20312500000000006 0.19042968750000003 0.22656250000000008
0 0.20542124155405403 0.40769284909909914 0.19444151182432434 0.3198550112612613 0.16625316722972974 0.32611908783783783 0.17723289695945948 0.41395692567567566
0 0.24968750000000012 0.43390625000000005 0.22343750000000004 0.4289062500000001 0.22148437500000004 0.4471354166666668 0.24773437500000012 0.45213541666666673
0 0.15587957974137934 0.5397808908045978 0.1443292025862069 0.5331806752873564 0.13786368534482762 0.5532956178160919 0.14941406250000006 0.5598958333333334
0 0.23276178349447516 0.7729339318600369 0.20620359979281772 0.7105432780847146 0.18081081664364645 0.7297594383057091 0.20736900034530392 0.7921500920810314
0 0.2591281290637191 0.7064149192674469 0.24658139629388814 0.6588016769614218 0.20537401454811444 0.6781060359774599 0.21792074731794542 0.725719278283485
0 0.17036664603960397 0.7507219471947195 0.1689453125 0.7317708333333334 0.1494140625 0.734375 0.15083539603960397 0.7533261138613861
0 0.7929687500000002 0.8893229166666666 0.7705078125000002 0.8385416666666669 0.7181164253048783 0.8797383130081303 0.7405773628048781 0.93051956300813
0 0.6621093749999999 0.8502604166666667 0.6494140625 0.8333333333333336 0.640625 0.8450520833333336 0.6533203124999999 0.8619791666666667
0 0.833984375 0.7408854166666665 0.8259963132022472 0.6967608848314607 0.787111569522472 0.7092755149812734 0.7950996313202248 0.7534000468164793
0 0.7552619485294118 0.482092524509804 0.6851217830882352 0.4225796568627452 0.6640510110294117 0.46672794117647065 0.7341911764705882 0.5262408088235294
0 0.810546875 0.2421875000000001 0.775390625 0.2421875000000001 0.775390625 0.2682291666666668 0.810546875 0.2682291666666668
0 0.9906302787162163 0.43693693693693714 0.9331450591216216 0.4241624436936939 0.9239600929054055 0.4976421734234236 0.9814453125000002 0.5104166666666669
0 0.9999999999999998 0.4023437500000001 0.9907739122928177 0.4016963052486189 0.9897973497928177 0.42643588858195225 0.9990234374999998 0.4270833333333334
0 0.994140625 0.6106770833333335 0.9604766502808989 0.6003189372659177 0.955736481741573 0.627706577715356 0.9894004564606741 0.6380647237827717
0 0.8653709925518136 0.7634526122625218 0.849313876295337 0.7589715565630399 0.8403881962435236 0.8158314443005185 0.8564453125000002 0.8203125000000002
0 0.9375 0.8476562500000001 0.9228515625 0.828125 0.8847656249999998 0.8789062500000001 0.8994140625 0.8984375000000002
0 0.8516889450867053 0.9326062740847786 0.8292855852601159 0.9275063222543355 0.8223232026734106 0.9818792148362239 0.8447265625 0.9869791666666669
0 0.9852842133620691 0.8478807471264369 0.9741716056034482 0.8133081896551724 0.956256734913793 0.8235452586206897 0.9673693426724137 0.8581178160919543