0 0.9319406411082474 0.010730777491409086 0.8837890625 0.007812500000000147 0.8827702158505154 0.037698668384879876 0.9309217944587628 0.040616945876288814
0 0.8981403912094763 0.11056668225270165 0.8708818773379052 0.07768339567747316 0.8404355322630922 0.12255169368246073 0.8676940461346632 0.15543498025768923
0 0.7248142149390244 0.01863567073170742 0.7022198932926829 -0.0008574695121950527 0.6796874999999999 0.04557291666666678 0.7022818216463415 0.06506605691056926
0 0.6155336620317822 0.02813002506621271 0.5929463588961408 0.02151910707529332 0.5838580093643586 0.07672241534241402 0.6064453125 0.08333333333333341
0 0.9065101481958762 0.2551294029209624 0.887320393041237 0.16490388745704485 0.8343021101804122 0.18495060137457056 0.8534918653350514 0.27517611683848814
0 0.53125 0.1927083333333334 0.515625 0.1927083333333334 0.515625 0.22656250000000006 0.53125 0.22656250000000006
0 0.4091796875 0.2747395833333333 0.3896484375 0.22265625000000006 0.3685546875 0.23671875000000006 0.3880859375 0.28880208333333335
0 0.3417086198428291 0.26275734692206953 0.3269661714145383 0.23153804436804196 0.2894097648575638 0.2630668795022921 0.3041522132858546 0.2942861820563197
0 0.3517734374999999 0.19962500000000008 0.3397499999999999 0.17646875000000006 0.3031874999999999 0.21021875000000007 0.31521093749999995 0.23337500000000008
0 0.3875006665955631 0.14491432025028447 0.3395837777303754 0.11492551905574522 0.31493040742320816 0.18495538253697388 0.36284729628839585 0.2149441837315131
0 0.34415085971615716 0.08062681950509466 0.2547250272925764 0.06472889374090252 0.24455854257641924 0.16639374090247458 0.333984375 0.18229166666666669
0 0.2576373922413793 0.1759788074712644 0.22689251077586206 0.12753232758620692 0.1625404094827586 0.2001346982758621 0.19328529094827587 0.2485811781609196
0 0.154296875 0.26953125 0.13183593750000003 0.22916666666666666 0.10160313548657718 0.259074384787472 0.12406407298657718 0.29943896812080534
0 0.06501212284482762 0.250170617816092 0.0042362607758620885 0.2434177442528736 -0.0012055495689654943 0.33048670977011496 0.059570312500000035 0.3372395833333333
0 0.03710937500000001 0.044270833333333336 0.0009765625000000041 0.044270833333333336 0.0009765625000000072 0.109375 0.037109375000000014 0.109375
0 0.16363862254443406 0.6055710652478953 0.13986220328578108 0.5253839257873402 0.09724150783442469 0.547850648971001 0.12101792709307765 0.628037788431556
0 0.1936376700129534 0.3488503886010363 0.1791207901554404 0.3437567465457686 0.17332719397668392 0.3731109671848014 0.18784407383419693 0.37820460924006916
0 0.18963720547124602 0.42745773429179984 0.18261718750000003 0.42708333333333337 0.18153454472843453 0.46317142571884984 0.18855456269968052 0.4635458266773163
0 0.3604717548076924 0.5611778846153848 0.3415414663461538 0.5415464743589744 0.3289212740384615 0.5631810897435899 0.3478515625000001 0.5828125000000003
0 0.13549049613402062 0.8719662800687284 0.12123469716494843 0.8291988831615119 0.10709971005154637 0.8375751718213056 0.12135550902061856 0.8803425687285222
0 0.16601562500000008 0.77734375 0.15097394085570476 0.7738045302013422 0.14804425335570476 0.795939946868009 0.16308593750000008 0.7994791666666667
0 0.4345703125000001 0.7864583333333335 0.4146484375000001 0.7848958333333335 0.41346982758620693 0.8116109913793105 0.43339170258620696 0.8131734913793104
0 0.552734375 0.6497395833333334 0.5439453125000001 0.6432291666666667 0.540352299528302 0.6518523977987424 0.5491413620283019 0.6583628144654089
0 0.703125 0.3567708333333334 0.6796875 0.3567708333333334 0.6796875 0.3697916666666668 0.703125 0.3697916666666668
0 0.9355468750000002 0.4231770833333334 0.9326171875000002 0.4036458333333333 0.9149639423076923 0.4083533653846155 0.9178936298076923 0.4278846153846156
0 0.9869140625 0.45677083333333335 0.9751953125 0.40989583333333335 0.9306640625 0.42968749999999994 0.9423828125 0.47656249999999994
0 0.8887390897755612 0.5578430226517042 0.8756896820448878 0.4954105621363259 0.8140990297693268 0.5182967061512884 0.8271484375 0.5807291666666666
0 0.9145163712143273 0.7196683592991654 0.8837890625 0.6328125 0.8633813519219566 0.6456475380993982 0.8941086606362841 0.7325033973985636
0 0.8164062500000002 0.8216145833333336 0.783203125 0.7773437500000002 0.7587890625 0.8098958333333335 0.7919921875000002 0.8541666666666669
0 0.8828124999999998 0.4049479166666668 0.8802433894230768 0.39238782051282056 0.8695012019230768 0.39629407051282056 0.8720703124999998 0.4088541666666668