0 0.712890625 0.99609375 0.7051700367647058 0.9799172794117648 0.6943014705882352 0.9891390931372549 0.7020220588235293 1.0053155637254902
0 0.5683593750000001 0.7382812500000001 0.5517578125000001 0.7317708333333335 0.5487721437101911 0.7453058651804673 0.5653737062101911 0.7518162818471339
0 0.3247533645072992 0.07455139902676414 0.3095703124999999 0.06510416666666681 0.30512944799270064 0.07779235097323613 0.32031249999999994 0.08723958333333345
0 0.41302849264705876 0.8948376225490197 0.4052734375 0.8776041666666666 0.38717830882352944 0.8920802696078431 0.3949333639705882 0.9093137254901962
0 0.5573318995786517 0.32821278089887634 0.5532500877808989 0.3046289794007491 0.5299991221910112 0.3117831226591761 0.534080933988764 0.33536692415730335
0 0.135 0.3897395833333333 0.11448437500000001 0.37080208333333337 0.10253125 0.39382291666666674 0.123046875 0.4127604166666667
0 0.5615234374999999 1.1842378929335003e-16 0.5473238889540337 -0.01590349437148208 0.5266236954737336 0.01695395559724832 0.5408232440196997 0.032857449968730516
0 0.13104666095890413 0.7367472888127856 0.1235552226027397 0.7147724029680366 0.0964790239726027 0.7311822203196348 0.10397046232876714 0.7531571061643838
0 0.16802402712264156 0.4188777515723271 0.14829009433962267 0.40426002358490565 0.13410229952830194 0.4383107311320755 0.1538362323113208 0.4529284591194969
0 0.24999999999999994 0.47265625 0.23535156249999994 0.4348958333333333 0.2137261081144465 0.4498099398061288 0.2283745456144465 0.48757035647279545
0 0.5048828125 0.7447916666666669 0.4892578125 0.7239583333333334 0.462890625 0.7591145833333334 0.4785156250000001 0.7799479166666669
0 0.1859806450415677 0.00015464172604912063 0.1534223760391924 -0.0013422901821060669 0.1522857593527316 0.04260688836104516 0.18484402835510688 0.044103820269200344
0 0.576171875 0.4114583333333334 0.537109375 0.4114583333333334 0.537109375 0.4492187500000001 0.576171875 0.4492187500000001
0 0.9053692511792454 0.9495528694968557 0.8900685436320754 0.9308520047169815 0.857233932783019 0.9786114386792455 0.8725346403301888 0.9973123034591198
0 0.0953388935810811 0.6549971846846847 0.06446896114864872 0.6332066441441441 0.04988386824324333 0.6699394707207207 0.0807538006756757 0.6917300112612612
0 0.0507415926395939 0.8119381873942471 0.02960421954314718 0.7794191518612521 -0.006087404822335029 0.8206628066835872 0.015049968274111692 0.8531818422165821
0 0.5100890112704919 0.5949965846994535 0.49772669057377056 0.5528731215846995 0.45840163934426237 0.5733905396174864 0.4707639600409836 0.6155140027322404
0 0.38913143382352944 0.2667738970588235 0.37976792279411764 0.21683517156862747 0.3457605698529412 0.22817095588235295 0.3551240808823529 0.278109681372549
0 0.2617287489334471 0.18826436291240048 0.23614481122013653 0.1613339021615472 0.2091476909129693 0.20692903868031856 0.2347316286262799 0.23385949943117182
0 0.11194676187782808 0.879200838989442 0.09341416855203621 0.8270350207390649 0.055297299208144766 0.8511088329562594 0.07382989253393664 0.9032746512066365
0 0.4563568691037735 0.43187893081761003 0.4333136792452829 0.38697425314465406 0.3964843749999999 0.4205729166666667 0.41952756485849046 0.4654775943396226
0 0.4943716786044362 0.08763429990757858 0.48223955926524953 0.042046942390634626 0.4298625953096118 0.06682744146642022 0.44199471464879847 0.11241479898336418
0 0.796875 0.2408854166666667 0.7475759438451777 0.18391761844331647 0.7170943052030456 0.23081244712351948 0.766393361357868 0.28778024534686975
0 0.410419612556561 0.15512584841628962 0.33691406249999994 0.11718750000000006 0.3196169753959276 0.17676635558069387 0.39312252545248866 0.21470470399698344
0 0.3139277919586757 0.6780959249637507 0.2672765186986467 0.6371737554374095 0.21155723250966654 0.7500981754470761 0.2582085057696955 0.7910203449734172
0 0.35182149991499495 0.8908016512240735 0.29980468749999994 0.8072916666666666 0.2507291843760625 0.8616351616513658 0.3027459967910575 0.9451451462087727