0 0.010323950753638253 0.7249003811503812 0.009349418529106032 0.6846197158697159 0.000978592775467782 0.6849797513860014 0.0019531250000000026 0.7252604166666667
0 0.9072399400684933 0.11766909246575365 0.8935546875 0.10937500000000012 0.888671875 0.12369791666666678 0.9023571275684933 0.13199200913242032
0 0.547162224264706 0.9112285539215688 0.531537224264706 0.9060202205882354 0.5273437500000001 0.9283854166666669 0.5429687500000001 0.9335937500000002
0 0.7327161815068494 0.18377211757990877 0.7206496147260274 0.176459046803653 0.712890625 0.19921875000000008 0.724957191780822 0.20653182077625584
0 0.5158583379424778 0.016385508849557518 0.5150027654867256 -0.0007259402654867205 0.4921875 0.0013020833333333333 0.4930430724557522 0.01841353244837757
0 0.18045002140410965 0.5246325627853882 0.15979505565068497 0.5143050799086758 0.15317315924657537 0.537849600456621 0.17382812500000006 0.5481770833333334
0 0.34414062500000003 0.013281250000000007 0.34363576061320755 -0.0022012578616352157 0.3005785672169811 0.0002948113207547176 0.3010834316037736 0.01577731918238994
0 0.453125 0.5455729166666666 0.4480535810085836 0.5171729703147354 0.42534535944206003 0.5243819295422033 0.43041677843347637 0.5527818758941346
0 0.140625 0.6210937500000001 0.13578125 0.5758854166666668 0.11937499999999998 0.5790104166666669 0.12421875 0.6242187500000002
0 0.5799609375000001 0.7185416666666667 0.5515234375 0.7131250000000001 0.548671875 0.7397395833333337 0.5771093750000001 0.7451562500000003
0 0.53125 0.3828125000000001 0.501953125 0.3828125000000001 0.501953125 0.4153645833333334 0.53125 0.4153645833333334
0 0.3734509698275862 0.23042385057471268 0.34954202586206895 0.2176724137931035 0.3375538793103448 0.2576329022988506 0.36146282327586204 0.2703843390804598
0 0.14831730769230766 0.08491586538461537 0.14097055288461538 0.04899839743589746 0.10725661057692304 0.061258012820512846 0.11460336538461535 0.09717548076923076
0 0.8754429768041236 0.1939835695876289 0.8562137564432988 0.12732227233676988 0.8302996134020617 0.14061157646048125 0.8495288337628866 0.2072728737113403
0 0.6773639547413794 0.9694683908045979 0.6356411637931034 0.9456267959770116 0.6219019396551724 0.9883710488505748 0.6636247306034484 1.012212643678161
0 0.5997426743323443 0.05702893175074184 0.585581069176558 0.023460682492581538 0.5422298080489615 0.05597412833827894 0.5563914132047477 0.08954237759643924
0 0.32421875 0.2786458333333333 0.283203125 0.2786458333333333 0.283203125 0.3307291666666667 0.32421875 0.3307291666666667
0 1.0111973274886876 0.17305335595776772 0.9974768453054297 0.12183022247360485 0.9502748515271493 0.1443073623680241 0.9639953337104072 0.195530495852187
0 0.7106851299157303 0.03227411048689151 0.6536275456460674 0.014717930711610568 0.6448055653089887 0.06568937265917611 0.7018631495786517 0.08324555243445705
0 0.91796875 0.7460937499999999 0.9156978362529692 0.6582850851148059 0.865111434827791 0.6606108966745843 0.8673823485748218 0.7484195615597783
0 0.17216883296460178 0.34572040929203546 0.1466416620575221 0.2625207411504425 0.10032667311946904 0.2877834623893806 0.1258538440265487 0.37098313053097354
0 0.6193680436643835 0.32849957191780826 0.5883053296232876 0.2180543664383562 0.5519183433219178 0.2362478595890411 0.5829810573630136 0.3466930650684932
0 0.26921874999999995 0.012031250000000064 0.1967578125 -0.0017708333333332918 0.185234375 0.10578125000000002 0.2576953125 0.11958333333333337
0 0.11966253890041494 0.4382866528354081 0.04333263096473028 0.3232386756569848 -0.04531331042531121 0.42779542704011064 0.031016597510373445 0.5428434042185339