0 0.9358099902849739 0.20159353411053552 0.9248046874999998 0.1458333333333334 0.8854841321243523 0.1596300194300518 0.8964894349093264 0.21539022020725393
0 0.75 0.11067708333333333 0.7314453125 0.08593750000000006 0.71484375 0.10807291666666673 0.7333984375 0.1328125
0 0.7725799095812181 0.1618416878172591 0.7578224143401014 0.13913784898477163 0.7372253727791878 0.1629388747884941 0.7519828680203046 0.18564271362098156
0 0.60546875 9.432012782495566e-17 0.548828125 8.969581048442529e-17 0.548828125 0.04687500000000009 0.60546875 0.0468750000000001
0 0.2161598154362417 0.09883249440715887 0.17630820050335572 0.09096057046979868 0.1651085360738255 0.1917575503355705 0.20496015100671144 0.19962947427293068
0 0.048216391509433965 0.15493808962264152 0.03624336674528302 0.14401533018867926 0.02076945754716981 0.17416961477987422 0.03274248231132075 0.18509237421383648
0 0.02793033745840272 0.489691659733777 0.0009765625000000221 0.4661458333333333 -0.01946137947171378 0.5077388380476983 0.007492395486688919 0.531284664448142
0 0.107421875 0.58203125 0.09570312500000001 0.5455729166666666 0.054923221982758653 0.5688757183908046 0.06664197198275863 0.605334051724138
0 0.3379873452476039 0.40693224174653886 0.3251953125 0.40625 0.3241220297523962 0.44202609158679446 0.33691406250000006 0.4427083333333333
0 0.42578125 0.5039062500000002 0.40605859786617493 0.48755954733052354 0.383597660366175 0.5357366306638568 0.4033203125 0.5520833333333335
0 0.251953125 0.6861979166666667 0.24862107698497854 0.6675384477825467 0.22811326448497854 0.6740488644492133 0.2314453125 0.6927083333333335
0 0.3164163873269897 0.7781322087658593 0.3057721939878893 0.7315005046136102 0.25805241673875434 0.7508650519031141 0.26869661007785467 0.7974967560553633
0 0.4765625000000001 0.7825520833333335 0.47573700794198903 0.7616396178637201 0.4560546875 0.7630208333333335 0.4568801795580111 0.7839332988029467
0 0.474609375 0.5716145833333333 0.472338911018851 0.5516345002992221 0.43883948608617596 0.5584020608916818 0.44110995006732495 0.5783821439257929
0 0.47656250000000017 0.5325520833333336 0.4619140625 0.5234375000000002 0.455078125 0.5429687500000002 0.46972656250000017 0.5520833333333336
0 0.57421875 0.4908854166666668 0.548828125 0.4570312500000001 0.53515625 0.47526041666666685 0.560546875 0.5091145833333335
0 0.6467952171750662 0.35483325044208663 0.6184956274867375 0.3302249115826702 0.6035363478116711 0.36080832780725025 0.6318359374999999 0.3854166666666667
0 0.66796875 0.4466145833333334 0.6608662683823529 0.42337009803921577 0.6326999080882352 0.4386703431372549 0.6398023897058824 0.4619148284313726
0 0.80859375 0.5221354166666667 0.76953125 0.4700520833333334 0.7451171875 0.5026041666666667 0.7841796875 0.5546875000000001
0 0.8164062500000002 0.48046875 0.8154296875000002 0.4557291666666668 0.7750399257596686 0.4585635359116023 0.7760164882596686 0.4833031192449356
0 0.8593749999999998 0.4700520833333334 0.8521403075445985 0.4381452345556658 0.8101481200445985 0.4550723178889991 0.8173828124999998 0.4869791666666668
0 0.8309952014593909 0.6729854060913705 0.7939453125 0.5755208333333334 0.7367267397917289 0.6141890925151787 0.7737766287511196 0.7116536652732158
0 0.5727914663461537 0.8532652243589743 0.5683443509615383 0.8058293269230768 0.5551231971153845 0.8080328525641025 0.5595703124999999 0.85546875
0 0.6391212729357799 0.7707630925076454 0.5866943807339451 0.7602298356269114 0.5755027952981653 0.8592584097859329 0.6279296875000002 0.8697916666666669
0 0.69921875 0.81640625 0.6946409761235955 0.7911194990636702 0.6605293188202246 0.8020979634831459 0.6651070926966292 0.8273847144194756
0 0.7855913521039605 0.9095632219471949 0.7619024597772278 0.9064047029702972 0.7594078743811882 0.9396658415841586 0.7830967667079208 0.9428243605610562
0 0.7716796875 0.8729166666666667 0.759375 0.8674479166666667 0.754296875 0.8877604166666667 0.7666015625 0.8932291666666666
0 0.3978203125000001 0.9596666666666669 0.38654687499999996 0.9492604166666666 0.37431249999999994 0.9728229166666668 0.3855859375000001 0.9832291666666669
0 0.5253906250000001 0.9986979166666666 0.5249170590753425 0.9816495433789955 0.49854987157534253 0.9829516267123287 0.4990234375000001 1
0 0.572265625 0.9986979166666667 0.5716190732758621 0.9840427442528735 0.555017510775862 0.9853448275862069 0.5556640624999999 1.0000000000000002