0 0.744140625 0.08333333333333345 0.7080078125 0.08333333333333345 0.7080078125 0.11718750000000012 0.744140625 0.11718750000000012
0 0.6158353365384615 0.22926682692307698 0.6068209134615385 0.16917067307692302 0.5824068509615385 0.17568108974358973 0.5914212740384615 0.23577724358974367
0 0.6603717672413792 0.13704202586206907 0.6379310344827586 0.1352819683908047 0.6367187499999999 0.1627604166666668 0.6591594827586207 0.16452047413793114
0 0.55859375 0.2552083333333334 0.52734375 0.25520833333333337 0.52734375 0.2812500000000001 0.55859375 0.2812500000000001
0 0.2207801748853211 0.21145355504587157 0.20783041857798165 0.21093033256880736 0.20677680619266056 0.25728927752293584 0.2197265625 0.25781250000000006
0 0.27343750000000006 0.1705729166666667 0.25575536242603547 0.1608650764299803 0.2489194249260355 0.18300049309664695 0.26660156250000006 0.1927083333333334
0 0.1376838235294118 0.09355085784313727 0.1357306985294118 0.05969669117647059 0.10839843750000003 0.0625 0.11035156250000003 0.09635416666666669
0 0.07341005499658937 0.28296953160527516 0.043776112721691705 0.24890752899045024 0.01626449522510236 0.2914588307185085 0.04589843750000002 0.3255208333333333
0 0.0722015881147541 0.7243212090163935 0.06891969774590165 0.6761868169398908 0.032642802254098366 0.6805840163934427 0.035924692622950824 0.7287184084699454
0 0.17845818014705891 0.6814644607843138 0.14425551470588244 0.6779564950980392 0.14025735294117653 0.7472579656862748 0.17446001838235303 0.7507659313725493
0 0.17382812500000006 0.8294270833333334 0.15664218750000006 0.7876416666666668 0.13305312500000002 0.8048895833333334 0.15023906250000002 0.846675
0 0.32252956081081074 0.7794552364864864 0.27283044763513514 0.7321227477477478 0.2581820101351352 0.7594664977477478 0.3078811233108108 0.8067989864864864
0 0.40679687500000006 0.91265625 0.3979296875 0.8298958333333334 0.33585937499999996 0.8417187500000001 0.34472656249999994 0.9244791666666666
0 0.5654296875000001 0.6640624999999999 0.5625000000000001 0.6341145833333334 0.5492238324814126 0.6364234820322181 0.5521535199814126 0.6663713986988846
0 0.5888671875000001 0.4817708333333332 0.5726650336762835 0.3852780061165323 0.5410189395948239 0.3947246013647291 0.5572210934185405 0.49121742858153006
0 0.654296875 0.5143229166666666 0.6536759934105432 0.493626863684771 0.6267659245207666 0.4950620673588924 0.6273868061102236 0.515758120340788
0 0.7128906250000002 0.7851562500000002 0.6806640625000001 0.7421875000000001 0.6513671875 0.7812500000000002 0.6835937500000001 0.8242187500000003
0 0.6972656250000001 0.8658854166666667 0.6569102741880146 0.8051354261970113 0.6326749056495883 0.8337562423757243 0.6730302564615738 0.8945062328453799
0 0.6191406249999999 0.86328125 0.6181640624999999 0.8411458333333334 0.5983566810344827 0.8426993534482758 0.5993332435344827 0.8648347701149425
0 0.900390625 1.459849146639846e-16 0.8876953125 1.4494842974283128e-16 0.8876953125 0.013020833333333478 0.900390625 0.01302083333333348