0 0.208984375 2.8941848182974554e-17 0.142578125 2.3520234749249297e-17 0.142578125 0.032552083333333356 0.208984375 0.03255208333333336
0 0.34710776969178087 0.020619292237442986 0.3318038313356165 0.011344178082191844 0.31086793664383566 0.07275613584474891 0.32617187500000006 0.08203125000000006
0 0.47566675646551715 0.02526939655172414 0.47455549568965516 0.00008081896551723756 0.42578125 0.0039062500000000035 0.426892510775862 0.029094827586206906
0 0.7598611427919708 0.09455596107055961 0.7587762317518247 0.04103368309002433 0.7302919708029196 0.042060142944038925 0.7313768818430656 0.0955824209245742
0 0.7526741976351352 0.31673141891891904 0.685078125 0.3146354166666668 0.6832369087837837 0.42019847972972985 0.750832981418919 0.4222944819819821
0 0.8410023937616533 0.4524921664594986 0.7908566073648229 0.37478878573648233 0.7446103946550652 0.4278464561321733 0.7947561810518955 0.5055498368551895
0 0.544921875 0.5130208333333335 0.494140625 0.5130208333333335 0.494140625 0.59765625 0.544921875 0.59765625
0 0.39928298028523496 0.4246015100671141 0.34847551384228187 0.4126468120805369 0.3423212038590604 0.45914604306487694 0.3931286703020135 0.47110074105145416
0 0.43910757211538465 0.27556089743589757 0.4189453125 0.2682291666666668 0.4119140625 0.30260416666666673 0.43207632211538466 0.3099358974358975
0 0.15646487129760223 0.3331735572402445 0.14146244710860362 0.2274421867653973 0.0828549233074753 0.2422260666431594 0.0978573474964739 0.34795743711800664
0 0.06054687500000002 0.2486979166666667 0.04492187500000002 0.2278645833333334 0.02539062500000002 0.25390625000000006 0.04101562500000002 0.27473958333333337
0 0.2988281249999999 0.16796875000000003 0.2876484374999999 0.14643750000000003 0.2812499999999999 0.15234375000000003 0.29242968749999987 0.17387500000000006
0 0.10599459134615388 0.4561298076923077 0.0019531250000000334 0.4283854166666667 -0.01292067307692305 0.5275440705128205 0.0911207932692308 0.5552884615384616
0 0.19038011579949235 0.4183454949238579 0.1627934644670051 0.38646758671742815 0.1290896652918782 0.4383195854483926 0.15667631662436549 0.4701974936548224
0 0.49515086206896547 0.6830549568965517 0.48457704741379304 0.6478089080459771 0.4630253232758621 0.6593031609195403 0.47359913793103453 0.6945492097701149
0 0.7346304086538461 0.6826722756410256 0.6807602163461539 0.6786818910256411 0.6780348557692308 0.744090544871795 0.731905048076923 0.7480809294871796
0 0.7348240916485901 0.7329768844902386 0.7223363781182213 0.6793259671005062 0.6758935229121474 0.6985437002892263 0.6883812364425163 0.7521946176789587
0 0.33144622401357654 0.8578005674586339 0.2676419309503606 0.8038522221043698 0.20635755860203644 0.9327065434521283 0.27016185166525236 0.9866548888063922
0 0.1387815098752599 0.9094794915107415 0.1376953125 0.8645833333333334 0.08696684966216216 0.8667652027027027 0.08805304703742203 0.911661360880111
0 0.07411084254143643 0.8412753222836097 0.04347051968232041 0.7958822513812156 -0.009781811118784534 0.8597850483425414 0.020858511740331487 0.9051781192449356
0 0.11840458086053415 0.7507147935212661 0.07409414410237396 0.645682647131553 0.03078924795994069 0.678161319238378 0.07509968471810088 0.783193465628091
0 0.05468750000000007 0.6875 6.356443102996271e-17 0.6875 6.888638245203862e-17 0.8033854166666666 0.05468750000000007 0.8033854166666666
0 0.10937500000000004 0.9986979166666666 0.09472656250000014 0.9791666666666667 0.08398437500000008 0.9934895833333336 0.0986328125 1.0130208333333335