0 0.34788161057692313 0.6586538461538463 0.33886718749999994 0.65625 0.33668870192307687 0.6707732371794871 0.34570312500000006 0.6731770833333334
0 0.5351792279411766 0.36888786764705883 0.5341567095588236 0.3511642156862745 0.5175781250000001 0.35286458333333326 0.5186006433823531 0.3705882352941176
0 0.0234375 0.4361979166666667 0.0205078125 0.41927083333333326 0.0013935217696629198 0.42515215355805236 0.00432320926966292 0.4420792368913858
0 0.2714843750000001 0.9231770833333334 0.2539914534395974 0.9190611017897093 0.2500000000000001 0.94921875 0.26749292156040283 0.953334731543624
0 0.4946664663461539 0.8954326923076923 0.4912109375000001 0.8723958333333334 0.46867487980769235 0.8784054487179488 0.47213040865384615 0.9014423076923078
0 0.047183880790734815 0.1131606096911608 0.04641011880990415 0.08736854366347177 0.01739404452875399 0.08891606762513311 0.01816780650958466 0.11470813365282215
0 0.8244370404411765 0.020710784313725483 0.8231617647058824 -0.001393995098039221 0.7883616727941176 0.002175245098039221 0.7896369485294118 0.024280024509803926
0 0.977088341346154 0.9097556089743593 0.9542518028846155 0.9059495192307695 0.9512319711538462 0.938161057692308 0.9740685096153847 0.9419671474358977
0 0.8884218749999999 0.5838645833333336 0.8756249999999998 0.5592187500000001 0.8418046874999998 0.5904375000000002 0.8546015624999999 0.6150833333333335
0 0.7492753110859729 0.2732784219457013 0.7197265625 0.19010416666666666 0.7009200014140271 0.20198199472096529 0.73046875 0.28515624999999994
0 0.7502074115044247 0.4273253134218289 0.7471740182522123 0.3666574483775811 0.7212475801991151 0.3689620206489675 0.7242809734513275 0.4296298856932153
0 0.8142127403846153 0.25316506410256423 0.795282451923077 0.23874198717948733 0.7659555288461538 0.30717147435897457 0.7848858173076922 0.32159455128205144
0 0.6926920978802992 0.18315863985868663 0.6623845659289277 0.1384949085619286 0.6355351854738155 0.17088463736492113 0.665842717425187 0.21554836866167915
0 0.10812811720698252 0.3586768755195345 0.07754539432668331 0.3217834320448878 0.05010666692643393 0.3622194513715711 0.08068938980673315 0.3991128948462178
0 0.0984039112261147 0.434162685774947 0.05579717356687899 0.381271563163482 0.033191928742038204 0.4136445063694268 0.0757986664012739 0.4665356289808918
0 0.490985576923077 0.6990184294871796 0.4809945913461539 0.6324118589743591 0.4419320913461539 0.6428285256410258 0.451923076923077 0.7094350961538464
0 0.5219050480769231 0.1634815705128206 0.47788161057692313 0.13540865384615391 0.45011718750000007 0.21281250000000007 0.494140625 0.2408854166666668
0 0.17790670955882362 0.9014246323529413 0.1687155330882354 0.8983609068627452 0.16601562500000008 0.9127604166666666 0.1752068014705883 0.9158241421568628