0 0.31626797566371684 0.01676576327433628 0.3154296875 0 0.30078124999999994 0.001302083333333337 0.3016195381637168 0.018067846607669618
0 0.607421875 0.23046875000000014 0.5957031249999999 0.22005208333333337 0.5878906249999999 0.23567708333333337 0.599609375 0.24609375000000014
0 0.04687500000000002 0.20963541666666666 0.03027343750000001 0.19791666666666666 0.02191195101351353 0.21897522522522522 0.03851351351351354 0.23069397522522522
0 0.11962458517699115 0.25316878687315636 0.11864802267699115 0.23363753687315636 0.09570312499999999 0.23567708333333334 0.09667968749999999 0.2552083333333333
0 0.20310479525862069 0.8055316091954023 0.20210129310344827 0.7827855603448275 0.17336341594827584 0.7850395114942528 0.17436691810344826 0.8077855603448276
0 0.06685215212264152 0.996747248427673 0.06618145636792454 0.9761792452830189 0.026853626179245284 0.9784591194968554 0.027524321933962266 0.9990271226415095
0 0.25995528309710497 0.32581297748291116 0.21484375 0.2981770833333333 0.2091163110675512 0.31479788650985135 0.25422784416465627 0.34243378065942914
0 0.13281250000000003 0.6002604166666667 0.11816406250000003 0.5807291666666667 0.08886718750000007 0.6197916666666666 0.10351562500000007 0.6393229166666666
0 0.1691535136421321 0.960957328680203 0.13709053775380717 0.9579037119289339 0.1349936548223351 0.9970455266497461 0.16705663071066001 1.0000991434010151
0 0.9677734375 0.09114583333333345 0.94921875 0.06640625 0.9189453125 0.10677083333333333 0.9375 0.1315104166666668
0 0.28921274038461536 0.12139423076923081 0.21496394230769228 0.06482371794871797 0.19669471153846155 0.10745192307692311 0.2709435096153846 0.16402243589743595
0 0.2421875 0.17187500000000006 0.1796875 0.17187500000000003 0.17968750000000003 0.24739583333333337 0.2421875 0.2473958333333334
0 0.8255709134615385 0.46624599358974367 0.7880108173076923 0.3911258012820512 0.716796875 0.45442708333333326 0.7543569711538461 0.5295472756410258