0 0.576171875 0.0013020833333334259 0.5419921875 8.881784197001253e-17 0.5417245488376835 0.012489804241435651 0.5759042363376835 0.013791887574768989
0 0.9140624999999998 0.24348958333333345 0.9047089756686475 0.20380796495790007 0.8595084973997029 0.22274911775631506 0.868862021731055 0.26243073613174844
0 0.60546875 0.22265625000000006 0.583984375 0.1940104166666667 0.5673828125 0.21614583333333345 0.5888671875 0.2447916666666668
0 0.5523897058823529 0.24165134803921573 0.534869025735294 0.22763480392156862 0.5048828124999999 0.29427083333333337 0.5224034926470588 0.3082873774509805
0 0.466796875 0.1731770833333334 0.4535334543568464 0.17209435511756574 0.4506037668568464 0.23589643845089908 0.4638671875 0.2369791666666667
0 0.43322732300884964 0.1637652101769912 0.4124827157079647 0.11658139749262535 0.38270879424778764 0.13985296828908556 0.40345340154867254 0.1870367809734514
0 0.41015625 0.30598958333333337 0.3701171875 0.27343750000000006 0.3365134431916739 0.34691768755420654 0.3765525056916739 0.37946977088753986
0 0.27057828608247425 0.316943191580756 0.2568359375 0.3098958333333333 0.25285921391752575 0.323681808419244 0.2666015625 0.3307291666666667
0 0.4766786192033295 0.3491209002179945 0.4539215777348396 0.3483808338287753 0.4527743200059454 0.41109758967499016 0.4755313614744353 0.41183765606420936
0 0.20117187500000008 0.5989583333333334 0.16503906250000006 0.5989583333333334 0.16503906250000006 0.6614583333333334 0.20117187500000008 0.6614583333333334
0 0.06795726102941184 0.6098345588235294 0.05761718750000007 0.6015625 0.0521024816176471 0.6138174019607843 0.062442555147058876 0.6220894607843138
0 0.1986116976351352 0.8467060810810811 0.19129539695945946 0.8282798423423423 0.17245038006756758 0.8415822072072072 0.17976668074324334 0.860008445945946
0 0.603515625 0.5794270833333336 0.58984375 0.5611979166666669 0.5634765625000001 0.5963541666666667 0.5771484375000001 0.6145833333333335
0 0.7460937499999999 0.7330729166666667 0.7333984375000001 0.7265625000000001 0.7285156250000001 0.7434895833333335 0.7412109374999999 0.7500000000000001
0 0.6759889352375568 0.9147577300150832 0.6573370333710409 0.9135734822775265 0.6561527856334843 0.9467324189291103 0.6748046875000001 0.9479166666666669
0 1.0000636411516852 0.8294066011235955 0.9951171874999998 0.8020833333333334 0.9667332338483146 0.8112183988764045 0.9716796875 0.8385416666666666