0 0.03906250000000001 0.003906250000000006 0.0009765625000000004 -1.1275702593849246e-18 -0.0008961397058823534 0.032460171568627454 0.03718979779411765 0.03636642156862746
0 0.1171875 0.0013020833333333482 0.0537109375 8.557969148152249e-18 0.053470609766919065 0.020828403533680397 0.11694717226691909 0.02213048686701374
0 0.08398437500000001 0.13671875000000003 0.045898437500000014 0.08593750000000003 0.02343750000000001 0.1158854166666667 0.061523437500000014 0.16666666666666669
0 0.4122506009615384 0.029431089743589833 0.3553305288461538 -0.038473557692307675 0.2936748798076923 0.05340544871794875 0.350594951923077 0.12131009615384626
0 0.42288196133268474 0.08919017509727627 0.3883222884241245 0.048531736381322924 0.3629012645914397 0.0869457279507133 0.3974609375 0.12760416666666663
0 0.498046875 0.06119791666666674 0.4643451595489444 0.04815209133077428 0.4540209632917467 0.09556691858605257 0.4877226787428023 0.10861274392194503
0 0.3398437500000001 0.1497395833333334 0.3267077504512636 0.14593204723225037 0.3218249379512636 0.17587996389891708 0.3349609375000001 0.17968750000000008
0 0.6621093750000001 0.10546874999999994 0.6565033783783785 0.09134994369369362 0.6399018158783785 0.10306869369369362 0.6455078125000001 0.11718749999999994
0 0.8329551439606743 0.22061680711610496 0.8029735779494382 0.18759363295880174 0.7811249122191012 0.2228581460674159 0.8111064782303371 0.25588132022471916
0 0.9229244471835145 0.27157140607778313 0.8969143023736418 0.23534987108329417 0.8357958822921587 0.3133733860809323 0.8618060271020311 0.3495949210754213
0 0.8574989248853212 0.1984327217125384 0.8349698967889909 0.19752245795107048 0.8339162844036698 0.2438814029051989 0.8564453125000002 0.24479166666666682
0 1.0000120099923138 0.23486040385600843 0.9670513367121446 0.23399868690750722 0.9660312379900077 0.3033654000128108 0.9989919112701768 0.304227116961312
0 1 0.12890625000000017 0.9888172901459853 0.12850326946472038 0.9878407276459853 0.17668035279805366 0.9990234375 0.17708333333333345
0 0.9609375 0.5716145833333335 0.9453125 0.5664062500000001 0.9405445772058822 0.5918351715686276 0.9561695772058822 0.597043504901961
0 0.8997990919167801 0.6499705121646203 0.8566997783083217 0.5833102404502047 0.8370339678547063 0.6059146202819465 0.8801332814631648 0.6725748919963621
0 0.7128250838926175 0.4323528383668904 0.6865299916107381 0.4261657578299777 0.6829907718120805 0.4529065296420583 0.7092858640939597 0.45909361017897105
0 0.607421875 0.6263020833333334 0.6025390625 0.578125 0.5649547166427545 0.5848969542085126 0.5698375291427545 0.633074037541846
0 0.64453125 0.5742187500000001 0.626979518581081 0.5705236486486488 0.6240498310810811 0.5952632319819819 0.6416015625000001 0.5989583333333334
0 0.78515625 0.7447916666666669 0.759765625 0.7447916666666669 0.759765625 0.7708333333333336 0.78515625 0.7708333333333336
0 0.7207031249999999 0.8736979166666669 0.713384650735294 0.8583639705882354 0.6776194852941175 0.8887101715686275 0.6849379595588235 0.904044117647059
0 0.4765625000000001 0.47786458333333337 0.46155678353658536 0.47564151422764234 0.45862709603658536 0.5107977642276424 0.4736328125000001 0.5130208333333335
0 0.4035412542420815 0.47818863122171956 0.37328991091628966 0.4762679110105582 0.3720747313348417 0.5102929392911012 0.4023260746606335 0.5122136595022625
0 0.5097421875 0.2661041666666668 0.4411875 0.20282291666666669 0.407015625 0.26863541666666674 0.47557031250000004 0.3319166666666668
0 0.736328125 0.3450520833333334 0.7021484375000001 0.3437500000000001 0.7012196676182709 0.38709259448069616 0.7353993551182708 0.38839467781402953
0 0.7462890625 0.4119791666666668 0.7392578125 0.4088541666666668 0.7361328125 0.4213541666666668 0.7431640625000001 0.42447916666666685
0 0.30957031250000006 0.4609375 0.2958905831099196 0.41948377457551383 0.27396374413538876 0.4323475201072386 0.2876434735254692 0.4738012455317247
0 0.35326640271493204 0.4391155260180995 0.32232925622171943 0.3655837575414782 0.28127562924208144 0.3962905354449473 0.31221277573529405 0.4698223039215686
0 0.443359375 0.44661458333333337 0.4403675190649867 0.4404979000884174 0.4179065815649867 0.4600291500884174 0.4208984375 0.46614583333333337
0 0.25751766520700636 0.4276738322717623 0.1824723825636943 0.3903018842887474 0.144570810111465 0.5256064225053079 0.2196160927547771 0.5629783704883228
0 0.16175008126882012 0.2945206993110686 0.1532401130064331 0.18735813600693493 0.045259514867916795 0.2026024557441372 0.05376948313030385 0.30976501904827086
0 0.12107384554140128 0.31826731687898097 0.09711882961783438 0.2885300557324841 0.06269033638535032 0.3378350583864119 0.08664535230891722 0.3675723195329087
0 0.0623046875 0.35885416666666675 0.059453124999999996 0.3322395833333333 0.023359374999999995 0.3391145833333333 0.026210937499999996 0.3657291666666667
0 0.06168396832191784 0.44213755707762564 0.054995184075342464 0.4225171232876713 0.041015625000000014 0.43098958333333337 0.04770440924657539 0.45061001712328774
0 0.059030265042980014 0.7007931888729704 0.03753469734957027 0.6845936306112702 0.021820155802292306 0.7216638311843362 0.04331572349570205 0.7378633894460364
0 0.22762178308823539 0.5562254901960785 0.16571691176470593 0.5476868872549019 0.1611948529411765 0.6059712009803923 0.22309972426470598 0.6145098039215688
0 0.38085937499999994 0.6302083333333333 0.3677619485294117 0.5516237745098038 0.27428768382352936 0.5793198529411765 0.2873851102941176 0.6579044117647058
0 0.3513671875 0.71171875 0.3365234375 0.6721354166666665 0.3232421875 0.6809895833333333 0.3380859375 0.7205729166666667