0 0.2194632198033708 0.44162570224719094 0.20605468750000006 0.43749999999999994 0.20338834269662925 0.452905547752809 0.216796875 0.45703125
0 0.35174741124260356 0.4052792159763313 0.3447265625 0.38281249999999994 0.31026372965976334 0.4019585182445759 0.3172845784023669 0.4244252342209073
0 0.4615261130136986 0.5295911815068494 0.4542353381849315 0.5082049086757991 0.4167112585616438 0.5309467751141553 0.424002033390411 0.5523330479452055
0 0.4599609375 0.53125 0.4546875 0.51015625 0.4166015625 0.5270833333333333 0.421875 0.5481770833333334
0 0.2935514856557377 0.3832863729508197 0.2835105020491803 0.3526852800546448 0.251953125 0.37109375 0.2619941086065574 0.4016948428961749
0 0.18945312500000006 0.77734375 0.16072919759501197 0.7760231096595407 0.15959722016033265 0.8197929038004751 0.18832114756532073 0.8211135441409343
0 0.05088639376019577 0.07131295880913541 0.05038775744290376 0.04804326400217509 0.005725555668841762 0.04974468121261555 0.006224191986133771 0.07301437601957587
0 0.13357124186802974 0.3629036942379182 0.11857792170074352 0.33691527261462206 0.0784154275092937 0.3781075743494424 0.0934087476765799 0.40409599597273854
0 0.06078441722972973 0.25591216216216217 0.030141469594594593 0.2211078265765766 0.0024313145866454835 0.26448024311075785 0.033074262221780615 0.29928457869634345
0 0.2481870477299762 0.24608858710018505 0.2060546875 0.16666666666666669 0.18033570207176847 0.1909219699973566 0.22246806230174468 0.270343890430875
0 0.27697406660284474 0.536800237053246 0.22552824124726484 0.4901560220641869 0.20162489742888406 0.537025323668855 0.25307072278446396 0.5836695386579142
0 0.31640625 0.018229166666666716 0.263671875 0.01822916666666671 0.263671875 0.08984375000000004 0.31640625 0.08984375000000006
0 0.35777771832191785 0.2745291095890411 0.35694295804794524 0.24447773972602738 0.32190710616438356 0.24620790525114156 0.3227418664383561 0.2762592751141552
0 0.348288143382353 0.033088235294117654 0.3469898897058824 0.010585171568627453 0.31039751838235297 0.014338235294117645 0.31169577205882354 0.03684129901960785
0 0.4160156249999999 0.03776041666666673 0.39642488895939076 0.007620822758037289 0.3883942734771573 0.01690064509306263 0.40798500951776645 0.04704023900169207
0 0.525420673076923 0.16764823717948724 0.5102764423076922 0.14168669871794873 0.4775540865384615 0.1756209935897436 0.4926983173076923 0.2015825320512821
0 0.6689187994909502 0.11233856523378591 0.6214074872737556 0.08971413084464566 0.605897376979638 0.14761854260935153 0.6534086891968325 0.17024297699849178
0 0.7468621926229508 0.11153090846994537 0.7424276383196722 0.04649077868852459 0.7082639600409836 0.050631830601092886 0.7126985143442623 0.11567196038251366
0 0.544921875 0.08333333333333343 0.5361328125 0.08333333333333343 0.5361328125 0.10286458333333343 0.544921875 0.10286458333333343
0 0.620703125 0.16692708333333342 0.6019531249999999 0.15859375000000006 0.5878906249999999 0.21484375000000006 0.606640625 0.22317708333333341
0 0.796484375 0.29973958333333334 0.7927869073275862 0.21593031609195398 0.7489358836206896 0.2193696120689655 0.7526333512931035 0.3031788793103448
0 0.9914454590759851 0.18849183083176974 0.9534273129690434 0.14591150719199497 0.9356513103893059 0.17412738430268918 0.9736694564962477 0.21670770794246394
0 0.6953125 0.4570312499999999 0.6858473557692308 0.43810096153846145 0.6461838942307692 0.47335737179487175 0.6556490384615384 0.49228766025641024
0 0.33737362132352944 0.33739276960784326 0.31738281250000006 0.3307291666666668 0.31387867647058826 0.3494178921568628 0.33386948529411764 0.35608149509803927
0 0.3162109375 0.33645833333333325 0.3115234375 0.3177083333333333 0.29863281249999996 0.3234375 0.30332031249999997 0.3421874999999999
0 0.6534786739864866 0.6328476914414416 0.6379592483108109 0.6293989301801803 0.6347656250000001 0.6549479166666667 0.6502850506756758 0.6583966779279281
0 0.5554480088495575 0.6389080936578171 0.5518183075221239 0.5663140671091446 0.4978913163716814 0.5711075774336282 0.5015210176991151 0.6437016039823008
0 0.917172396748682 0.5691797561511424 0.8641033474297014 0.5541703280609257 0.8570872006810195 0.5982718219097833 0.91015625 0.6132812500000002
0 0.9033203125000002 0.7369791666666669 0.8740234375 0.6979166666666667 0.84765625 0.7330729166666667 0.8769531250000002 0.7721354166666669
0 0.6430268158783784 0.7457770270270271 0.626953125 0.7304687500000001 0.5960726351351352 0.7881123310810811 0.6121463260135136 0.8034206081081082
0 0.5890174278846154 0.7307692307692307 0.5634765625 0.7239583333333334 0.5585186298076923 0.757011217948718 0.5840594951923077 0.7638221153846154
0 0.470074379280822 0.8067922374429225 0.4580078125 0.7994791666666666 0.4545296446917808 0.8096817922374431 0.46659621147260283 0.8169948630136988
0 0.53515625 0.8997395833333335 0.5105996848175967 0.8919438483547926 0.5078125000000001 0.9075520833333336 0.5323690651824035 0.9153478183118743