0 0.23828125 0.07942708333333333 0.23304958453757224 0.03857026734104047 0.19301052203757224 0.04768485067437381 0.1982421875 0.08854166666666667
0 0.04882812499999999 0.11848958333333333 0.04003906250000001 0.11458333333333333 0.03691406250000001 0.12708333333333333 0.045703125 0.13098958333333333
0 0.1277809633027523 0.31116446865443426 0.1260858658256881 0.23658017966360856 0.08274261754587157 0.23833142201834862 0.08443771502293579 0.3129157110091743
0 0.019531250000000045 0.4739583333333333 0.0009765625000000434 0.4739583333333333 0.0009765625000000447 0.5 0.019531250000000045 0.5
0 0.2653011723829649 0.4460405830082358 0.23706213426527958 0.4328114840702211 0.2165416226430429 0.510684194841786 0.2447806607607282 0.5239132937798006
0 0.366796875 0.35442708333333334 0.34863281249999994 0.3463541666666667 0.34257812499999996 0.37057291666666664 0.3607421875 0.37864583333333335
0 0.2891989511986301 0.6864226598173517 0.27082352311643837 0.6561572488584476 0.23846050941780822 0.6910887557077626 0.25683593749999994 0.7213541666666667
0 0.1293658088235295 0.8165594362745099 0.10653810803167432 0.8151100584464556 0.10545991233031685 0.8452995380844646 0.12828761312217202 0.8467489159125189
0 0.15297638174807196 0.8925764513710369 0.14550781249999997 0.8541666666666667 0.12788449951799485 0.8602586760925451 0.13535306876606681 0.8986684607969153
0 0.3952316810344828 0.7588631465517242 0.3653488685344828 0.7565193965517242 0.36305899784482765 0.808423132183908 0.39294181034482767 0.810766882183908
0 0.4349514100609756 0.6620934959349595 0.3687118902439025 0.6522802337398376 0.3628048780487806 0.723164380081301 0.4290443978658537 0.7329776422764229
0 0.528300974628713 0.6755234117161717 0.5250522122524753 0.6322065800330033 0.47032603650990107 0.6395034034653466 0.47357479888613874 0.682820235148515
0 0.58984375 0.5156250000000001 0.5390625 0.5156250000000001 0.5390625 0.5546875 0.58984375 0.5546875
0 0.6161581503378378 0.6097972972972973 0.6057326858108107 0.5903364301801801 0.570629222972973 0.6237682995495495 0.5810546875 0.6432291666666665
0 0.42458698248407634 0.9859922372611465 0.4136706309713375 0.9365047770700634 0.3750746417197452 0.9516404591295115 0.3859909932324841 1.0011279193205944
0 0.5410156250000002 0.9049479166666666 0.5202915268456376 0.9000716582774049 0.517578125 0.9205729166666666 0.5383022231543626 0.9254491750559285
0 0.7762442942415729 0.920991338951311 0.7360494206460674 0.8561154026217231 0.7021308813202247 0.8934749531835209 0.7423257549157303 0.9583508895131089
0 0.814453125 0.6302083333333336 0.7998046875 0.6302083333333336 0.7998046875 0.6471354166666669 0.814453125 0.6471354166666669