0 0.15428086577868858 0.06273480191256829 0.09312564036885249 -0.03511355874316943 0.05259029200819674 0.009925717213114742 0.11374551741803282 0.10777407786885247
0 0.08632812500000002 0.2575520833333334 0.06816406250000002 0.24947916666666672 0.05234375000000002 0.3127604166666667 0.07050781250000002 0.3208333333333334
0 0.46875 0.02604166666666674 0.4453125 0.02604166666666674 0.4453125 0.04947916666666674 0.46875 0.04947916666666674
0 0.47853296042899407 0.11359714003944775 0.45266503328402363 0.07399685650887579 0.4190955528846153 0.11298076923076922 0.44496348002958575 0.15258105276134118
0 0.6270378832547169 0.1226611635220126 0.613671875 0.09661458333333345 0.5883954893867924 0.11967374213836486 0.6017614976415094 0.14572032232704402
0 0.7185546875 0.3104166666666667 0.6994140624999999 0.23385416666666664 0.6132812499999999 0.2721354166666667 0.6324218749999999 0.34869791666666666
0 0.4822001597703639 0.24681136265164655 0.48025718966637776 0.18463631932409014 0.4163219643630849 0.18818827628538415 0.418264934467071 0.25036331961294056
0 0.4620331554878049 0.28242505081300817 0.4453125 0.27994791666666674 0.4413109756097561 0.32796620934959353 0.45803163109756095 0.33044334349593496
0 0.36727417714497046 0.31017320019723876 0.3471361871301776 0.29911704881656814 0.32408006656804733 0.3737749630177516 0.34421805658284027 0.3848311143984222
0 0.39062499999999994 0.33203125 0.38183593749999994 0.3125 0.3600068933823529 0.32996323529411764 0.3687959558823529 0.34949448529411764
0 0.3157301682692308 0.49148637820512825 0.31020132211538465 0.4325120192307692 0.2830378605769231 0.43703926282051275 0.28856670673076923 0.4960136217948718
0 0.099609375 0.45703125 0.0959884129213483 0.4361101357677902 0.08300781249999999 0.44010416666666663 0.08662877457865167 0.46102528089887646
0 0.2652862734533469 0.5979811105476673 0.2574717925963489 0.5333814021298174 0.19238083164300204 0.5473794582488167 0.2001953125 0.6119791666666666
0 0.06250000000000004 0.6888020833333335 0.04442600388601041 0.6824603303108809 0.03954319138601041 0.7071999136442141 0.05761718750000004 0.7135416666666666
0 0.4511718750000001 0.4674479166666666 0.4207354366691286 0.42361944547021163 0.39810717088257014 0.451555576070901 0.42854360921344165 0.4953840472673559
0 0.517978082337884 0.9329182664960184 0.48549154756825946 0.8987219141069399 0.4483455098122868 0.9614574445392494 0.4808320445819113 0.9956537969283278