0 0.9726891678370786 0.07180477528089887 0.9690023700842696 0.05050327715355803 0.948461639747191 0.05682350187265908 0.9521484375 0.07812499999999994
0 0.8535902667197451 0.12611962579617828 0.8421452030254777 0.07423533704883223 0.8035492137738853 0.08937101910828021 0.8149942774681527 0.1412553078556263
0 0.6582031249999998 0.07161458333333333 0.6513671874999999 0.03125000000000003 0.6335028620049504 0.03662850660066009 0.6403387995049504 0.0769930899339934
0 0.4394595286885245 0.05400017076502734 0.42118660348360654 0.014643101092896208 0.3985943903688524 0.033290642076502765 0.41686731557377044 0.0726477117486339
0 0.1788270692567568 0.1821790540540541 0.1629803631756757 0.17884290540540543 0.15895798141891895 0.2128096846846847 0.17480468750000003 0.21614583333333337
0 0.3513521634615385 0.2762019230769231 0.31120793269230773 0.1825320512820513 0.28176081730769237 0.2049679487179487 0.32190504807692316 0.29863782051282056
0 0.2578125 0.27734375 0.235766006097561 0.2637766768292683 0.21773056402439023 0.3158790650406504 0.23977705792682924 0.3294461382113821
0 0.29882812500000006 0.35026041666666674 0.29846470569126826 0.33523908523908524 0.2675618827962578 0.3365682389119889 0.2679253021049896 0.35158957033957045
0 0.302734375 0.3216145833333333 0.2958984375 0.30208333333333326 0.28114307709854014 0.31126444647201945 0.28797901459854014 0.33079569647201945
0 0.486328125 0.24609375000000003 0.4788978719839142 0.22357783176943694 0.45036025469168905 0.2403199005808757 0.4577905077077748 0.2628358188114388
0 0.494140625 0.3125000000000001 0.453125 0.3125000000000001 0.453125 0.3723958333333334 0.494140625 0.3723958333333334
0 0.6128518664883268 0.32677731841763963 0.5728660019455252 0.27973512483787305 0.550693853356031 0.31323970492866415 0.5906797178988327 0.36028189850843084
0 0.625 0.2903645833333333 0.6219911317567568 0.26495636261261263 0.5878906249999999 0.2721354166666667 0.5908994932432432 0.2975436373873874
0 0.6640625 0.28515625 0.6589646442253121 0.25419149640559974 0.6189255817253122 0.26591024640559974 0.6240234375000001 0.296875
0 0.8629296875 0.29489583333333325 0.85859375 0.2544270833333333 0.8214062499999999 0.26151041666666663 0.8257421874999998 0.30197916666666663
0 0.9657179653384279 0.17345569505094643 0.9369370906113537 0.1441104894468707 0.9218025040938864 0.17049899927219822 0.9505833788209607 0.19984420487627397
0 0.818359375 0.4205729166666668 0.802734375 0.3997395833333334 0.7802734375 0.4296875000000001 0.7958984375 0.4505208333333334
0 0.6502010636623401 0.4821027863877051 0.5867797425900814 0.42333952844504724 0.5531475506102287 0.48786958785354523 0.6165688716824874 0.5466328457962031
0 0.6386718750000001 0.4414062500000002 0.6141889263485478 0.4225071317427388 0.6063440093360997 0.44057421334716473 0.630826957987552 0.4594733316044262
0 0.7015324519230769 0.5212940705128207 0.6979266826923076 0.5036658653846154 0.6815655048076923 0.5096153846153847 0.6851712740384615 0.5272435897435899
0 0.5027527573529411 0.597545955882353 0.5008984375000001 0.5736458333333334 0.4655147058823529 0.5785263480392158 0.46736902573529415 0.6024264705882353
0 0.467994545990566 0.15782232704402524 0.4435583726415094 0.13552967767295607 0.4296653891509433 0.16260318396226425 0.4541015625 0.18489583333333343
0 0.392328381147541 0.294808743169399 0.3844390368852459 0.25010245901639355 0.34464971823770496 0.26258538251366126 0.3525390625 0.30729166666666674
0 0.327438505569307 0.40368450907590764 0.30539333230198024 0.40074515264026406 0.3038849783415842 0.42085653877887796 0.3259301516089109 0.42379589521452155
0 0.423828125 0.44661458333333337 0.3515252653812825 0.4425977577989601 0.349089782820624 0.5205331997400345 0.42139264243934144 0.5245500252744079
0 0.29296875 0.54296875 0.28275057164634143 0.5219131097560975 0.26614900914634143 0.5362360264227642 0.2763671875 0.5572916666666666
0 0.4499158873175183 0.5453296076642337 0.3995794365875912 0.5375855383211678 0.39126511177007295 0.6336621806569344 0.4416015625000001 0.64140625
0 0.3793967406674209 0.5761100113122173 0.3681684813348417 0.5753971059577678 0.3667014281674209 0.6164745946455505 0.3779296875000001 0.6171875
0 0.058993980532786885 0.5332137978142077 0.055776127049180335 0.4860186133879782 0.02460617315573771 0.48979678961748635 0.027824026639344263 0.5369919740437159
0 0.05336763286817109 0.7372327790973873 0.017849521229216223 0.7355997624703089 0.017042291419239977 0.766812648456057 0.05256040305819485 0.7684456650831354
0 0.33203125000000006 0.7408854166666666 0.307997960868695 0.7292948942487324 0.29139639836869496 0.790492810915399 0.3154296875 0.8020833333333335
0 0.3750000000000001 0.7460937500000001 0.36376201923076934 0.7420072115384617 0.36132812500000017 0.75390625 0.37256610576923094 0.7579927884615384
0 0.4482421875 0.8125000000000001 0.40556462347870187 0.8033220292427318 0.39956262677484794 0.8529385353279243 0.4422401907961461 0.8621165060851926
0 0.574461541781768 0.718390308471455 0.5732421875000001 0.6875 0.5519196736878453 0.6889963167587477 0.5531390279696133 0.7198866252302026
0 0.564453125 0.6523437500000001 0.5521857443820226 0.6485691713483148 0.5492560568820226 0.6654962546816481 0.5615234375 0.6692708333333335
0 0.8347329462548639 0.6962700632295721 0.784514074659533 0.6920851572632944 0.782560949659533 0.7337518239299611 0.8327798212548639 0.7379367298962387
0 0.8302153716216216 0.7956292229729729 0.8164854307432432 0.7610501126126125 0.795217483108108 0.7760627815315314 0.8089474239864864 0.8106418918918917
0 0.9492187500000002 0.7486979166666667 0.9482192095588238 0.7313725490196078 0.9292509191176471 0.7333180147058823 0.9302504595588236 0.7506433823529413
0 1 0.8841145833333335 0.9852382596685082 0.8830786717311235 0.9842616971685082 0.9078182550644569 0.9990234375 0.9088541666666667
0 0.7520164695945947 0.9195453265765766 0.7246463260135136 0.9002252252252253 0.7039326435810811 0.952393018018018 0.7313027871621622 0.9717131193693693
0 0.609375 0.79296875 0.5928485576923077 0.7885616987179488 0.5899188701923077 0.8080929487179488 0.6064453125 0.8125
0 0.46875 0.8997395833333334 0.439453125 0.8997395833333334 0.439453125 0.9192708333333334 0.46875 0.9192708333333334
0 0.21093750000000006 0.7096354166666667 0.20392092666184972 0.6968780105973026 0.18927248916184972 0.7112009272639692 0.19628906250000006 0.7239583333333335