0 0.2647686298076922 0.7463741987179486 0.2607421875 0.7369791666666667 0.2375 0.7546875000000001 0.24152644230769224 0.764082532051282
0 0.19316406250000004 0.6401041666666668 0.18085937500000004 0.6346354166666668 0.17519531250000003 0.6572916666666668 0.18750000000000006 0.6627604166666667
0 0.4140625000000001 0.5820312500000001 0.40045312500000013 0.5694687500000001 0.3925781250000001 0.5846354166666667 0.40618750000000003 0.5971979166666668
0 0.7036052766393442 0.5708461407103825 0.702452612704918 0.5539404030054644 0.6756851946721312 0.5571849385245902 0.6768378586065574 0.5740906762295082
0 0.623046875 0.5234375000000001 0.6015625 0.5234375000000001 0.6015625 0.5559895833333334 0.623046875 0.5559895833333334
0 0.047148967760181 0.016785680618401206 0.046490561368778285 -0.0016496983408748117 -5.4210108624275225e-21 0.0013020833333333333 0.0006584063914027151 0.019737462292609354
0 0.59375 0.024739583333333426 0.5668771404109589 0.023412528538812875 0.5658872003424658 0.0590503710045663 0.5927600599315068 0.06037742579908686
0 0.3056640625 0.05859375000000003 0.2814453125 0.042447916666666724 0.262890625 0.09192708333333341 0.287109375 0.10807291666666671
0 0.9680138221153847 0.43884214743589756 0.9245042067307694 0.431590544871795 0.9217848557692309 0.4605969551282053 0.9652944711538461 0.4678485576923078
0 0.135765625 0.7117604166666668 0.128375 0.6575624999999999 0.10173437499999997 0.6640208333333334 0.10912499999999999 0.7182187500000001
0 0.06347656250000001 0.08333333333333334 0.0380859375 0.04947916666666668 0.015625000000000003 0.07942708333333334 0.041015625000000014 0.11328125000000003
0 0.6811893857758621 0.21945941091954033 0.6234846443965518 0.21304777298850588 0.6219827586206897 0.23707794540229898 0.6796875000000001 0.24348958333333345
0 0.29609271385941655 0.6891992705570292 0.23280006631299743 0.6714329133510168 0.22768153183023884 0.7038502984084881 0.2909741793766579 0.7216166556145005
0 0.7775995749370277 0.19595862195633912 0.7601100047229219 0.12211376994122584 0.7230941042191436 0.1376994122586062 0.7405836744332495 0.21154426427371947
0 0.7521033653846153 0.4560296474358974 0.7192007211538461 0.3902243589743591 0.6795372596153846 0.4254807692307693 0.7124399038461539 0.4912860576923076
0 0.08423368080042314 0.5618388575458392 0.07581651093088856 0.5025178508462623 0.009819342824400567 0.5191657851433945 0.018236512693935135 0.5784867918429714
0 0.66796875 0.4908854166666668 0.644585106570062 0.416328872397299 0.599609375 0.4414062500000001 0.622993018429938 0.515962794269368
0 0.4635914522058823 0.15147058823529413 0.45860523897058825 0.06504289215686275 0.4076746323529412 0.07026654411764706 0.41266084558823535 0.15669424019607844