0 0.865234375 1.4072276044889836e-16 0.814453125 1.365768207642849e-16 0.814453125 0.0416666666666668 0.865234375 0.04166666666666681
0 0.7512899950265253 0.052376906498673687 0.7251015417771883 -0.001163931255526111 0.6979935137599471 0.02240826702033599 0.724181967009284 0.07594910477453579
0 0.779296875 1.2541467545955641e-16 0.7568359375 1.2358089444520817e-16 0.7568359375 0.015625000000000125 0.779296875 0.015625000000000125
0 0.6484374999999999 0.13671875000000006 0.6229854488206173 0.06477428533294513 0.5784622752256843 0.09277628130460117 0.6039143264050668 0.1647207459716561
0 0.4859525240384615 0.10276442307692314 0.4607872596153847 0.09605368589743594 0.4575570913461539 0.1175881410256411 0.4827223557692307 0.12429887820512826
0 0.560546875 8.475257470661695e-17 0.474609375 7.773636908650191e-17 0.474609375 0.06510416666666675 0.560546875 0.06510416666666675
0 0.23242187499999994 0.0690104166666667 0.2123078219032096 0.05088964811099972 0.18620412017301904 0.10240095285857577 0.2063181732698094 0.12052172141424274
0 0.171875 0.11328125000000004 0.15411814074933688 0.07697833775419985 0.1239716304708223 0.10319269451812557 0.1417284897214854 0.13949560676392578
0 0.15429687500000003 0.23177083333333334 0.1220703125 0.23177083333333334 0.12207031250000003 0.2630208333333333 0.15429687500000006 0.2630208333333333
0 0.1015625 0.28255208333333337 0.0848345588235294 0.24750306372549022 0.052607996323529416 0.2748468137254902 0.0693359375 0.3098958333333333
0 0.17578125 0.39192708333333326 0.15917968750000006 0.3776041666666667 0.13921493902439025 0.41874364837398376 0.15581650152439022 0.4330665650406504
0 0.21001638899842273 0.33401928890641436 0.19280177937697163 0.3048066180336489 0.15036289925078866 0.3492663972134596 0.1675775088722398 0.3784790680862251
0 0.05395440924657534 0.7379316495433789 0.05174711044520548 0.658468892694064 -0.0009872645547945257 0.6610730593607307 0.0012200342465753411 0.7405358162100455
0 0.21484375 0.5169270833333334 0.19823938932664759 0.5044136521012417 0.18554407682664759 0.5343615687679083 0.2021484375 0.546875
0 0.25800781250000004 0.503125 0.22519531250000005 0.48854166666666665 0.21621093750000003 0.5244791666666667 0.24902343750000006 0.5390625
0 0.17116062743190663 0.8108128647859922 0.15332031250000006 0.7838541666666667 0.12567257417315184 0.8163809176394295 0.1435128891050584 0.8433396157587549
0 0.32617187499999994 0.6653645833333334 0.31974577356557377 0.643468237704918 0.2972848360655738 0.655186987704918 0.3037109375 0.6770833333333334
0 0.3849909855769232 0.6638621794871795 0.3662109375 0.6588541666666666 0.3591496394230769 0.7059294871794873 0.3779296875000001 0.7109375000000001
0 0.46484375 0.7200520833333334 0.44140625 0.7200520833333334 0.44140625 0.7630208333333334 0.46484375 0.7630208333333334
0 0.4613356642038601 0.6311208911338964 0.4130859375 0.6015625 0.4014307995325693 0.6353852533172497 0.4496805262364294 0.664943644451146
0 0.45703125 0.9270833333333334 0.3671875000000001 0.9270833333333334 0.3671875000000001 1 0.4570312500000001 1
0 0.7699819711538461 0.8298277243589743 0.7641225961538461 0.7907652243589745 0.7243088942307693 0.8013822115384616 0.7301682692307693 0.8404447115384615
0 0.8476562500000002 0.9570312500000001 0.8308442679558012 0.955851461786372 0.8298677054558012 0.9805910451197054 0.8466796875000002 0.9817708333333335
0 0.94921875 0.5091145833333334 0.9145246072088723 0.49270015018484287 0.9037824197088723 0.5330647335181762 0.9384765625 0.5494791666666667
0 0.6840020041567696 0.4985370892715758 0.6319356814133017 0.4961432353523359 0.6305207096199525 0.5508554780285037 0.6825870323634204 0.5532493319477435
0 0.9698203124999996 0.35868750000000016 0.9545624999999998 0.32930208333333344 0.9315078124999996 0.3505833333333335 0.9467656249999997 0.37996875000000024
0 0.8768282860824742 0.2424318084192441 0.8397793170103093 0.19732871563573895 0.8046834729381445 0.24857978951890053 0.8417324420103093 0.2936828823024057
0 0.8368766053082191 0.14666095890410963 0.8087837114726026 0.11633847031963475 0.7963666523972602 0.13679009703196357 0.8244595462328765 0.16711258561643844
0 0.689453125 0.1979166666666668 0.66015625 0.1979166666666668 0.66015625 0.21614583333333345 0.689453125 0.21614583333333345
0 0.608324535472973 0.17857545045045053 0.5885663006756757 0.17441582207207212 0.5847339527027027 0.2067778716216217 0.6044921875000001 0.2109375000000001
0 0.50390625 0.3828125000000001 0.48046875 0.3828125000000001 0.48046875 0.4427083333333334 0.50390625 0.4427083333333334
0 0.4765625 0.3476562500000001 0.47265625 0.3424479166666668 0.46875 0.3476562500000001 0.47265625 0.3528645833333334
0 0.470703125 0.3554687500000001 0.46213184457964607 0.34876935840707973 0.4447075497787611 0.3884010877581121 0.453278830199115 0.39510047935103254
0 0.4063501230497771 0.28638868251609717 0.32905222650445765 0.25399718301139185 0.30653034453937594 0.34954456104507187 0.3838282410846953 0.3819360605497772
0 0.3521475537330317 0.22505538273001513 0.30874133908371043 0.22382400075414785 0.30761807126696833 0.2942154506033183 0.3510242859162896 0.2954468325791855
0 0.34863281250000006 0.2239583333333334 0.3402193509615385 0.16786858974358979 0.3255709134615385 0.17177483974358979 0.33398437500000006 0.2278645833333334
0 0.32626819349315067 0.1618971175799087 0.31536012414383563 0.1613584474885845 0.31428724315068496 0.19998216324200918 0.3251953125 0.2005208333333334