0 0.11794819857115821 0.1994681270502145 0.0703723800624527 0.11557098473378756 0.031697252318319456 0.15456054441079994 0.07927307082702498 0.2384576867272269
0 0.02148437500000001 0.09114583333333333 8.431406185535977e-18 0.09114583333333333 1.06439028441518e-17 0.13932291666666666 0.02148437500000001 0.13932291666666666
0 0.043575802364864864 0.047226914414414414 0.03024704391891892 0.022346565315315318 0.003827069256756757 0.04750844594594594 0.0171558277027027 0.07238879504504503
0 0.15566406249999998 0.08177083333333335 0.1111328125 0.061979166666666675 0.1052734375 0.08541666666666668 0.14980468749999998 0.10520833333333335
0 0.236328125 0.049479166666666706 0.22265625 0.0494791666666667 0.22265625 0.0768229166666667 0.236328125 0.0768229166666667
0 0.29934848312043794 0.14936891727493914 0.27118213959854015 0.10201680352798054 0.24430885036496353 0.13043453467153288 0.2724751938868613 0.17778664841849148
0 0.519674161585366 0.2517149390243903 0.4909727515243901 0.2211001016260162 0.4580078124999999 0.27604166666666663 0.4867092225609756 0.3066565040650407
0 0.8838854791078987 0.4016642424776682 0.8458078058885757 0.3272012370709921 0.8056874779619182 0.36367426245886236 0.8437651511812412 0.43813726786553847
0 0.7631911057692309 0.09913862179487193 0.7412109375 0.09114583333333345 0.7339993990384615 0.1264022435897437 0.7559795673076923 0.13439503205128217
0 0.4579155603689212 0.5799394738680829 0.40299934058831755 0.48692821874417747 0.36300176425377306 0.5289114903577418 0.41791798403437674 0.6219227454816473
0 0.6689453125000002 0.6822916666666667 0.6037139165276454 0.6373704122974261 0.5532912669804575 0.7675395217667621 0.6185226629528123 0.8124607761360028
0 0.5712857427407931 0.9585192398489142 0.548487296388102 0.9266384855996225 0.4971450070821529 0.9919108533994335 0.5199434534348442 1.0237916076487252
0 0.4604646846719458 0.8317130938914027 0.4365234375 0.8203125 0.4240844174208145 0.866751508295626 0.4480256645927603 0.8781521021870287
0 0.4881310096153847 0.7372796474358975 0.4818209134615385 0.6952123397435898 0.4288611778846154 0.709334935897436 0.43517127403846156 0.7514022435897435
0 0.4130859375000001 0.6822916666666667 0.3828125 0.6419270833333334 0.3349609375 0.7057291666666666 0.3652343750000001 0.7460937500000001
0 0.10864843750000004 0.9382708333333334 0.07412500000000004 0.8717812499999998 0.03217968750000009 0.9105 0.06670312500000009 0.9769895833333333
0 0.19933013511273204 0.8789269728116711 0.1750844454575597 0.8567017572944297 0.14590672662466853 0.9132888483642794 0.17015241627984085 0.9355140638815207
0 0.1640625 0.6419270833333334 0.14160156250000003 0.5234375000000002 0.05535701617480139 0.552501596197503 0.07781795367480136 0.6709911795308362
0 0.07339242788461538 0.4957932692307692 0.04373497596153848 0.44495192307692305 0.017908653846153855 0.4717347756410256 0.047566105769230746 0.5225761217948718
0 0.11117788461538465 0.6708733974358974 0.09585336538461545 0.6572516025641025 0.0775240384615385 0.6939102564102565 0.09284855769230771 0.7075320512820513
0 0.20669170673076925 0.6663301282051283 0.19618689903846148 0.6537980769230768 0.1784615384615384 0.6802123397435896 0.18896634615384617 0.6927443910256411
0 0.14941406250000003 0.6718750000000001 0.13574218750000003 0.6536458333333335 0.12109375000000004 0.6731770833333335 0.13476562500000006 0.6914062500000001
0 0.7290356289808917 0.2537636013800426 0.6789659633757963 0.2417811173036095 0.6731750099522295 0.2847996284501063 0.7232446755573249 0.2967821125265394
0 0.83203125 0.49348958333333337 0.8115234375 0.46614583333333354 0.7958984375 0.4869791666666668 0.81640625 0.5143229166666666
0 0.4121093750000001 0.6158854166666667 0.3466796875 0.5286458333333335 0.2919921875 0.6015625000000001 0.3574218750000001 0.6888020833333335
0 0.2254673952312139 0.3089700746628132 0.16374638728323695 0.1967500602119461 0.10379786849710981 0.25536638969171493 0.16551887644508673 0.3675864041425819
0 0.2072467193060498 0.1931068357058126 0.1943359375 0.13802083333333334 0.1543559552935943 0.15467915925266904 0.16726673709964412 0.2097651616251483
0 0.3815655048076923 0.10805288461538468 0.37588641826923075 0.08028846153846156 0.3476262019230769 0.09056490384615386 0.35330528846153847 0.11832932692307697
0 0.31640625 0.06640624999999997 0.3076171875 0.044270833333333336 0.2884132179054054 0.05782657657657661 0.2972022804054054 0.07996199324324324
0 0.48092830882352944 0.1652113970588235 0.46168428308823534 0.06257659313725489 0.40240119485294124 0.0823376225490196 0.42164522058823534 0.18497242647058823
0 0.43068704044117656 0.3329350490196079 0.36511948529411775 0.3262101715686275 0.36168428308823536 0.38575367647058834 0.4272518382352942 0.3924785539215687
0 0.3408305525821391 0.3106822716416172 0.32514889079430265 0.26414314633578 0.23701659985581963 0.31693736892694857 0.25269826164365605 0.3634764942327858
0 0.40469277871621623 0.304124436936937 0.36664379222972976 0.2772663288288289 0.32991976351351354 0.3697564752252253 0.36796875 0.39661458333333344
0 0.35832331730769235 0.2781450320512821 0.34196213942307696 0.2721955128205129 0.3293419471153846 0.3338942307692308 0.345703125 0.33984375000000006
0 0.39504378145973157 0.3225356543624161 0.3720703125 0.28124999999999994 0.347404572147651 0.3056505173378075 0.3703780411073826 0.34693617170022367
0 0.2746192921368124 0.27626939351198876 0.240384509432299 0.20932137400094028 0.18914321447461213 0.2559043694170192 0.22337799717912557 0.3228523889280677
0 0.30902343750000005 0.19520833333333343 0.25023437500000006 0.18401041666666673 0.24199218750000004 0.26093750000000004 0.30078125000000006 0.27213541666666674
0 0.56640625 0.8723958333333334 0.52734375 0.8723958333333334 0.52734375 0.91796875 0.56640625 0.91796875
0 0.5915818520642201 0.8902785741590212 0.5791015625 0.8593749999999998 0.5570885894495412 0.8751791857798163 0.5695688790137614 0.9060827599388379