0 0.13218124136740333 0.008747697974217315 0.13183593750000003 1.8503717077085942e-18 0.11328125 0.0013020833333333315 0.11362655386740331 0.010049781307550644
0 0.3671875 0.31901041666666674 0.35253906249999994 0.3072916666666667 0.3421989889705882 0.33026960784313725 0.35684742647058826 0.3419883578431373
0 0.5605468750000001 0.8763020833333336 0.5451622596153847 0.8737379807692309 0.54296875 0.8971354166666667 0.5583533653846156 0.8996995192307694
0 0.7460937500000002 0.9843750000000001 0.7109375000000002 0.984375 0.7109375000000002 0.9960937500000001 0.7460937500000002 0.9960937500000002
0 0.020117187500000043 0.9138020833333335 0.008398437500000045 0.9059895833333335 -0.007812499999999956 0.9492187500000001 0.003906250000000044 0.9570312500000001
0 0.7688240840517241 0.8277209051724138 0.7626953125 0.8072916666666669 0.7355872844827587 0.8217492816091955 0.7417160560344829 0.8421785201149425
0 0.6529005231900453 0.2695666006787331 0.6295160492081449 0.26808187217194585 0.6287515907805431 0.28948670814479655 0.6521360647624436 0.29097143665158387
0 0.5805544969512195 0.2505081300813008 0.5654296875 0.23437499999999992 0.5502810594512194 0.2596227134146341 0.5654058689024389 0.27575584349593496
0 0.2641799132947978 0.6215904985549134 0.24622922687861273 0.6040387162813103 0.23362423229768786 0.6269568882466282 0.2515749187138729 0.6445086705202313
0 0.29656479779411765 0.040196078431372566 0.29447380514705884 0.003952205882352947 0.2769990808823529 0.005744485294117652 0.2790900735294118 0.04198835784313727
0 0.17773437500000006 0.6796875 0.15234375000000006 0.6796875 0.15234375000000006 0.7096354166666666 0.17773437500000006 0.7096354166666666
0 0.7995157636834318 0.3433724728796845 0.7545823317307692 0.31840945512820523 0.7485149315828401 0.33782513560157806 0.7934483635355029 0.3627881533530573
0 0.524069393382353 0.5890778186274511 0.500631893382353 0.5812653186274511 0.493795955882353 0.6177236519607844 0.517233455882353 0.6255361519607844
0 0.19311151649746194 0.3664670579526227 0.16827609454314724 0.33776834813874784 0.15326082645939085 0.3608687605752961 0.17809624841370558 0.38956747038917094
0 0.87109375 0.0013020833333334666 0.8243894452288941 -0.0002167558462146964 0.8237507896105825 0.034696417954815824 0.8704550943816883 0.03621525713436399
0 0.16210937500000006 0.421875 0.14257812500000006 0.421875 0.14257812500000006 0.4856770833333333 0.16210937500000006 0.4856770833333333
0 0.6868471598756906 0.6345030501841623 0.6699596426104972 0.6142380294659302 0.6429611964779005 0.6542357274401474 0.659848713743094 0.6745007481583795
0 0.023437500000000024 0.24479166666666666 0.0009765625000000226 0.24479166666666666 0.0009765625000000258 0.31640625 0.023437500000000028 0.31640625
0 0.10089724344978168 0.2957150655021834 0.055736558406113565 0.2876864992721979 0.052742903930131035 0.3176230440320233 0.09790358897379915 0.32565161026200873
0 0.4589843749999999 0.5117187500000001 0.4482421874999999 0.4817708333333336 0.40387319711538455 0.5100641025641027 0.41461538461538455 0.5400120192307692
0 0.36608430096633426 0.3820396924355777 0.3320239440461347 0.34095100789692434 0.3121273963528679 0.37027223607647547 0.3461877532730674 0.41136092061512886
0 0.04682736280487805 0.007240853658536594 0.026581554878048787 -0.014354674796747962 -0.007621951219512195 0.04265116869918698 0.012623856707317065 0.06424669715447154
0 0.2666177710062242 0.9623206258644539 0.2366685036307056 0.9392018931535271 0.2174127982365147 0.9835483661825729 0.24736206561203328 1.0066670988934994
0 0.8181640625 0.13984375000000013 0.7416015625 0.08880208333333345 0.7255859375 0.1315104166666668 0.8021484375 0.18255208333333345
0 0.7779844810520362 0.2021116138763199 0.7119140625000001 0.1979166666666668 0.7094660279977376 0.2664616327300153 0.7755364465497738 0.27065657993966835
0 0.31165540540540543 0.12996199324324328 0.2640044341216216 0.009952139639639679 0.19571368243243245 0.05815737612612614 0.24336465371621624 0.17816722972972973