0 0.9007812499999999 0.0028645833333333925 0.8988281249999999 -0.0049479166666666075 0.8876953125 0 0.8896484375 0.0078125
0 0.45703125 7.199583721549869e-17 0.4248046875 6.936476010795555e-17 0.4248046875 0.01562500000000007 0.45703125 0.015625000000000073
0 0.19686351102941174 0.26087622549019607 0.15579044117647062 0.22801776960784317 0.13476562500000003 0.2747395833333333 0.17583869485294118 0.3075980392156863
0 0.2763107388005781 0.35497952793834303 0.2568359375 0.3359375 0.252986136199422 0.3429371387283237 0.2724609375000001 0.36197916666666674
0 0.4196242958690988 0.3748435264663807 0.39550781249999994 0.3671875000000001 0.3915051636266094 0.3896023336909871 0.4156216469957082 0.3972583601573677
0 0.2660412397540983 0.5074069330601093 0.26171875 0.4440104166666667 0.2347752305327869 0.44727629781420764 0.23909772028688528 0.5106728142076503
0 0.2863352531934306 0.7827212591240876 0.2489607093978102 0.7431987530413626 0.2329265510948905 0.7701547293187349 0.2703010948905109 0.80967723540146
0 0.36410310952970304 0.8523231229372938 0.3319055538366338 0.8480301155115513 0.3285987778465348 0.8921204620462047 0.36079633353960405 0.8964134694719472
0 0.4511718750000001 0.8789062500000002 0.4326171875 0.8489583333333335 0.4185854108146067 0.8644136235955059 0.4371400983146068 0.8943615402621726
0 0.7763598357120451 0.8911216541196154 0.7679052795639899 0.8633155583437893 0.6909247078889587 0.9049266781681307 0.6993792640370138 0.9327327739439568
0 0.765234375 0.6403645833333333 0.753515625 0.5934895833333332 0.7417968749999999 0.5986979166666665 0.7535156249999999 0.6455729166666667
0 0.9022317253740649 0.6337314266417292 0.8798828124999998 0.6067708333333335 0.8573488154613464 0.6399788289692437 0.8796977283354115 0.6669394222776395
0 1.0019204519052045 0.40788607496902124 0.9775390625000002 0.40364583333333354 0.9746420480947957 0.43325975836431246 0.9990234375 0.4375000000000002
0 0.900390625 0.25390625 0.8941082802547772 0.2254262871549893 0.8779296875 0.2317708333333333 0.8842120322452228 0.26025079617834396