0 0.16406249999999997 0.014322916666666666 0.1632764862804878 0.004890752032520326 0.15234375 0.006510416666666663 0.1531297637195122 0.015942581300813004
0 0.18606387867647062 0.08708639705882357 0.1745749080882353 0.08325674019607847 0.171875 0.09765625000000003 0.1833639705882353 0.10148590686274514
0 0.5961794969512195 0.7348831300813007 0.5834365472560975 0.721290650406504 0.5726705411585364 0.7392339939024388 0.5854134908536585 0.7528264735772355
0 0.5404897836538461 0.27954727564102566 0.5341796875 0.2669270833333333 0.5125450721153846 0.28615785256410253 0.5188551682692307 0.2987780448717949
0 0.4806007179054054 0.17032657657657665 0.4658203125 0.1562500000000001 0.4527554898648648 0.18063766891891903 0.4675358952702703 0.1947142454954956
0 0.9865308077830187 0.14091981132075487 0.958984375 0.13932291666666685 0.9582841981132075 0.1607950078616354 0.9858306308962262 0.16239190251572344
0 0.7024432488207548 0.14185338050314467 0.6928618808962265 0.11885809748427664 0.6741229363207548 0.13273879716981127 0.6837043042452831 0.15573408018867926
0 0.10449218749999997 1.7115938296304497e-17 0.06645629722404729 -0.0013003723171265723 0.0661765460742444 0.013246687472623753 0.1042124363501971 0.014547059789750343
0 0.046083192567567585 0.5939259572072072 0.04265202702702704 0.566476632882883 0.015730574324324332 0.572459177927928 0.019161739864864868 0.5999085022522522
0 0.9118799811241608 0.10633389261744976 0.8877018666107382 0.10064492449664444 0.8840250104865772 0.12842561521252813 0.9082031249999998 0.13411458333333345
0 0.3320788871951219 0.5423971036585367 0.3174066310975609 0.517943343495935 0.28906249999999994 0.5481770833333334 0.30373475609756095 0.572630843495935
0 0.2426849941037736 0.6077044025157232 0.24170106132075472 0.577530463836478 0.20898437500000006 0.5794270833333334 0.20996830778301892 0.6096010220125785
0 0.06450076219512195 0.026772103658536613 0.05040015243902438 0.003271087398373995 0.014791349085365852 0.041253810975609755 0.028891958841463415 0.06475482723577237
0 1 1.608146219974096e-16 0.9697265625 1.5834300410850543e-16 0.9697265625 0.05859375000000016 1 0.05859375000000016
0 0.40546875 0.6309895833333333 0.3966796875 0.5958333333333333 0.3591796875 0.6125 0.36796875 0.64765625
0 0.41472656249999995 0.23145833333333335 0.408828125 0.17640625000000001 0.38394531249999997 0.18114583333333337 0.38984374999999993 0.2361979166666667
0 0.4778262867647059 0.8695618872549019 0.46042049632352944 0.8308823529411764 0.4294002757352941 0.8556985294117646 0.44680606617647056 0.8943780637254901
0 0.49864890112931815 0.707594063699439 0.4433593750000001 0.6966145833333334 0.43883639420947756 0.7371060304103927 0.4941259203387956 0.7480855107764983
0 0.09705010775862073 0.6464170258620691 0.05957031250000004 0.625 0.045932112068965546 0.6674299568965518 0.08341190732758623 0.6888469827586208
0 0.2619951356132076 0.28449292452830194 0.20627579599056606 0.24321933962264156 0.19070607311320759 0.28058667452830194 0.2464254127358491 0.3218602594339623
0 0.5070588385757718 0.38953850951044594 0.4873046875 0.3229166666666667 0.4562721074017773 0.33927492594324915 0.4760262584775491 0.4058967687870284
0 0.5754970828862661 0.22591425250357666 0.5132695144849786 0.2061594688841203 0.5074436695278971 0.23878420064377692 0.5696712379291846 0.2585389842632333
0 0.2796562790427509 0.12132609200743498 0.25565970608736055 0.07973203221809172 0.21483648931226762 0.12160199814126398 0.23883306226765794 0.1631960579306072
0 0.148203125 0.2678125 0.1208984375 0.21927083333333333 0.0744921875 0.26567708333333334 0.10179687499999998 0.31421875000000005
0 0.958233173076923 0.0766225961538461 0.9395126542089984 -0.001379565795839414 0.8935546874999998 0.018229166666666727 0.9122752063679244 0.09623132861635225