0 0.4857421875 0.17291666666666664 0.48148437499999996 0.13317708333333336 0.42789062499999997 0.1433854166666667 0.4321484375 0.18312499999999995
0 0.5263671875 0.21875000000000008 0.5107421875 0.19791666666666677 0.474609375 0.24609375000000008 0.490234375 0.2669270833333334
0 0.23828125 0.039062500000000035 0.2080078125 0.03906250000000003 0.2080078125 0.06380208333333337 0.23828125 0.06380208333333338
0 0.13894772873711345 0.1598770403780069 0.1063446359536083 0.15790109536082475 0.10339682667525776 0.2443701675257732 0.13599991945876294 0.24634611254295535
0 0.35190521816037734 0.402437106918239 0.3496056898584906 0.33191823899371065 0.2802734375 0.33593749999999994 0.2825729658018868 0.40645636792452833
0 0.43942095588235286 0.3122763480392158 0.42569623161764697 0.26735906862745107 0.37773897058823525 0.29340992647058833 0.39146369485294114 0.33832720588235304
0 0.2734375 0.2903645833333334 0.2587890625 0.2812500000000001 0.25449789005474455 0.2935104927007301 0.26914632755474455 0.3026250760340634
0 0.20360527663934427 0.38855447404371596 0.17645117433795712 0.3689000761874738 0.1541293939155107 0.4237255017864649 0.18128349621689788 0.4433798996427071
0 0.3271484375 0.4869791666666667 0.3231469131097561 0.4389608739837398 0.2920636432926829 0.44356580284552843 0.2960651676829268 0.4915840955284552
0 0.07590793918918921 0.5903364301801801 0.05484586148648649 0.5702773085585585 0.04046135979729728 0.5971283783783784 0.0615234375 0.6171875
0 0.10362119932432434 0.646290822072072 0.0993454391891892 0.6101844031531531 0.07677892736486486 0.6149352477477478 0.0810546875 0.6510416666666666
0 0.3924809106334842 0.6636441836349926 0.3744653209841629 0.6129336349924586 0.3314788956447964 0.6400829562594268 0.3494944852941177 0.6907935049019608
0 0.4967032822986578 0.5605949384787472 0.4931640625000001 0.5338541666666666 0.47399984270134227 0.5383633948545862 0.4775390625 0.5651041666666666
0 0.5147235576923077 0.6505408653846154 0.478290264423077 0.6408253205128206 0.4733323317307693 0.6738782051282052 0.509765625 0.6835937500000001
0 0.44140625 0.7838541666666666 0.3945312500000001 0.7838541666666666 0.3945312500000001 0.8216145833333334 0.44140625 0.8216145833333334
0 0.2458984375 0.9041666666666666 0.23593750000000005 0.8643229166666667 0.15976562500000002 0.8981770833333333 0.16972656249999998 0.9380208333333332
0 0.20133646418539336 0.9618884597378279 0.1602550035112361 0.9276539091760301 0.14313772823033716 0.9641707631086144 0.18421918890449446 0.9984053136704122
0 0.05859375000000004 0.9335937500000001 0.04849137931034488 0.9129400143678162 0.024779302055703 0.9335592119805483 0.03488167274535816 0.9542129476127321
0 0.4240543221046772 0.961613191351151 0.40561490812917594 0.9497755428730514 0.3916472369153675 0.9884552477728286 0.41008665089086876 1.0002928962509283
0 0.7424817944004525 0.48797369909502275 0.7020388503959276 0.41917420814479645 0.6627014988687783 0.460283512443439 0.7031444428733031 0.5290830033936653
0 0.582265625 0.78296875 0.5732421874999999 0.78125 0.5719921874999999 0.7929166666666667 0.581015625 0.7946354166666667
0 0.49609375 0.9752604166666664 0.4919921875 0.9588541666666667 0.4755859375 0.9661458333333334 0.4796875 0.9825520833333331