0 0.15827205882352938 0.0014093137254902169 0.1465533088235294 -0.016819852941176435 0.13183593749999994 2.960594732333751e-17 0.14355468749999994 0.01822916666666668
0 0.6910156249999999 0.15338541666666664 0.666796875 0.056510416666666695 0.6357421874999999 0.07031250000000003 0.6599609375 0.16718749999999996
0 0.7547679227941176 0.18558517156862747 0.7505170036764706 0.16291360294117657 0.7231732536764706 0.17202818627450991 0.7274241727941176 0.19469975490196081
0 0.6669921875000001 0.33333333333333337 0.6640625000000001 0.3033854166666667 0.6505358387546469 0.3057378794919455 0.6534655262546469 0.3356857961586122
0 0.8154116586538462 0.4509535256410258 0.7867037259615385 0.4081730769230771 0.7545042067307692 0.44658653846153856 0.783212139423077 0.4893669871794873
0 0.8037591256264456 0.5283546967360576 0.7581821932825751 0.4708702775636084 0.7334368374132614 0.5057494458365459 0.7790137697571318 0.5632338650089951
0 0.72265625 0.5325520833333334 0.7216796875 0.5104166666666667 0.7015288254310345 0.5119971264367817 0.7025053879310343 0.5341325431034483
0 0.51171875 0.5611979166666666 0.4462890625000001 0.5182291666666667 0.4230406423673361 0.5811642837934744 0.48847032986733596 0.6241330337934744
0 0.427734375 0.4570312500000002 0.3727761588352686 0.4192821722302857 0.36386095110667643 0.4423568275278183 0.4188191672714079 0.4801059052975329
0 0.28452272366751274 0.37202834179357036 0.2542542433375635 0.3617042089678512 0.24174532043147212 0.42690223138747896 0.27201380076142134 0.4372263642131981
0 0.17382812500000006 0.3684895833333333 0.13867187500000006 0.3684895833333333 0.13867187500000006 0.4166666666666667 0.17382812500000006 0.4166666666666667
0 0.28125 0.5143229166666667 0.262975 0.4698895833333333 0.2387078125 0.4876333333333333 0.2569828125 0.5320666666666668
0 0.42648859797297306 0.8277942004504504 0.4033203125 0.8229166666666665 0.3994404560810811 0.8556798986486487 0.4226087415540542 0.8605574324324325