0 1 0.010416666666666827 0.96484375 0.010416666666666826 0.96484375 0.07682291666666682 1 0.07682291666666684
0 1 0.13281250000000017 0.958984375 0.13281250000000014 0.958984375 0.23046875000000017 1 0.23046875000000017
0 0.8125 0.2096354166666669 0.7841796875000001 0.19791666666666685 0.7768395810737527 0.22945193872017372 0.8051598935737528 0.24117068872017378
0 0.6100390625 0.04197916666666678 0.522265625 0.02526041666666677 0.51640625 0.07994791666666677 0.6041796875 0.09666666666666678
0 0.38867187500000006 0.09765625 0.3874743707579186 0.06412613122171945 0.3701216063348417 0.06522789404223227 0.37131911057692313 0.09875801282051283
0 0.42147288602941185 0.06464460784313726 0.4193818933823531 0.02840073529411764 0.3671070772058823 0.03376225490196078 0.3691980698529412 0.07000612745098041
0 0.30354256465517243 0.15355603448275862 0.24360183189655174 0.12158764367816093 0.23302801724137928 0.15683369252873566 0.29296874999999994 0.18880208333333337
0 0.2840625 0.2536979166666667 0.26578125 0.22119791666666666 0.23953125000000003 0.24744791666666666 0.2578125 0.27994791666666674
0 0.28894761029411764 0.3560814950980392 0.27877987132352944 0.3334865196078432 0.2572380514705882 0.3507199754901961 0.26740579044117646 0.37331495098039214
0 0.3906249999999999 0.3424479166666667 0.3854068870708154 0.31322648426323324 0.36718749999999994 0.31901041666666674 0.3724056129291845 0.34823184907010013
0 0.46239483173076923 0.2969551282051282 0.4453575721153847 0.26774839743589746 0.4079026442307693 0.3065905448717949 0.4249399038461538 0.3357972756410257
0 0.1723478153280543 0.49196950414781304 0.13346206872171945 0.4349370757918552 0.115234375 0.45703125 0.15412012160633487 0.5140636783559578
0 0.2483161067495922 0.5633453983143013 0.2477903879486134 0.5388118542686243 0.20112089620717782 0.540589739668298 0.20164661500815662 0.565123283713975
0 0.25417868983300596 0.7694954363130322 0.2314453125 0.7213541666666666 0.1996389212917485 0.7480558284217421 0.22237229862475444 0.7961970980681076
0 0.3324693834459459 0.8600154842342341 0.3159575591216216 0.8297438063063063 0.27490498310810807 0.8695523648648649 0.29141680743243237 0.8998240427927927
0 0.418719951923077 0.9311899038461539 0.4033203125 0.9270833333333334 0.4006159855769231 0.9451121794871795 0.416015625 0.9492187500000001
0 0.4912043539325842 0.8760797050561797 0.4853515625 0.84375 0.4487579002808989 0.855527270599251 0.4546106917134831 0.8878569756554306
0 0.5538998463114754 0.8941769125683059 0.5458984375 0.8697916666666666 0.5058881915983606 0.8931309767759562 0.513889600409836 0.9175162226775956
0 0.44137693480300183 0.7406362374921825 0.40710563731238275 0.6522924484052532 0.37830712066135075 0.6721534943714821 0.41257841815196994 0.7604972834584114
0 0.5356574944690266 0.8446603060471976 0.5345340154867257 0.8221907264011798 0.51171875 0.8242187499999999 0.5128422289823009 0.8466883296460176
0 0.5117187500000001 0.8111979166666667 0.49921875 0.8028645833333333 0.493359375 0.8184895833333333 0.5058593750000001 0.8268229166666667
0 0.5552697523584906 0.7639494889937108 0.5542084316037736 0.73140231918239 0.5191185141509435 0.7334365172955976 0.5201798349056604 0.7659836871069184
0 0.5130158943965516 0.563099856321839 0.5007354525862068 0.4957848419540229 0.4495016163793103 0.5124012212643677 0.4617820581896551 0.5797162356321838
0 0.544921875 0.5026041666666667 0.5078125 0.5026041666666667 0.5078125 0.5247395833333335 0.544921875 0.5247395833333335
0 0.6335410629610118 0.3406587526343522 0.5665678098656481 0.28514938970846515 0.5358940743545838 0.35094232964524075 0.6028673274499474 0.4064516925711278
0 0.6607517149390244 0.3782393292682927 0.6595607850609755 0.3639481707317073 0.6441263338414633 0.36623475609756095 0.6453172637195121 0.38052591463414637
0 0.7403056569343065 0.33111884124087587 0.7267335766423357 0.29234146897810215 0.6776559648722627 0.3228786496350365 0.6912280451642334 0.36165602189781015
0 0.662109375 0.24609375 0.646484375 0.22526041666666666 0.62890625 0.24869791666666666 0.64453125 0.26953125
0 0.6121188365051904 0.512718966262976 0.583984375 0.5013020833333334 0.5811932309688581 0.5135299524221454 0.6093276924740485 0.5249468353517879
0 0.7218878073770492 0.6492913251366119 0.7066790471311475 0.6249573087431692 0.6741162909836065 0.6611381489071037 0.6893250512295082 0.6854721653005463
0 0.7467082162921348 0.5724046114232212 0.7314453124999999 0.5677083333333334 0.728877721207865 0.5825433052434458 0.7441406249999999 0.5872395833333335
0 0.7749668337264153 0.615860849056604 0.7626953125000001 0.6067708333333336 0.7572597287735849 0.6198162342767297 0.7695312500000001 0.6289062500000001
0 0.8977202018805309 0.4387790376106196 0.8706184319690266 0.4071603060471978 0.8338374585176991 0.46320750368731584 0.8609392284292035 0.49482623525073766
0 0.8646637991573034 0.5870640215355806 0.8178765800561798 0.5726679541198503 0.8068820224719102 0.6361920646067418 0.8536692415730338 0.6505881320224721
0 0.8203529493343196 0.651172645463511 0.8037109375 0.6419270833333334 0.7859999075443787 0.6986023791913216 0.8026419193786982 0.707847941321499
0 0.9460969518442621 0.5935365437158471 0.9416303790983604 0.5280268101092896 0.9078189036885247 0.5321251707650273 0.9122854764344263 0.5976349043715847
0 0.994140625 0.6953125000000002 0.951171875 0.6953125000000002 0.951171875 0.7825520833333336 0.994140625 0.7825520833333336
0 0.8990609374999998 0.9450666666666668 0.8884093749999998 0.9191687500000001 0.8446703124999999 0.9511499999999999 0.8553218749999999 0.9770479166666667