0 0.4105281464041096 0.014690353881278536 0.410084011130137 -0.0012985159817351635 0.38378906249999994 0 0.3842331977739726 0.015988869863013698
0 0.4824218750000001 0.011718750000000118 0.4677734374999999 0.005208333333333393 0.4648437499999999 0.01692708333333339 0.4794921875000001 0.023437500000000118
0 0.267578125 0.01562500000000004 0.2412109375 0.01562500000000004 0.2412109375 0.04036458333333338 0.267578125 0.04036458333333338
0 0.30273437499999994 0.10546875 0.30093749999999997 0.08869791666666664 0.28042968749999997 0.09260416666666664 0.28222656249999994 0.109375
0 0.24753080802828623 0.07272991195230175 0.17913991004575708 0.01965040904048808 0.1486965084234609 0.0893840127565169 0.21708740640599 0.14246351566833057
0 0.019531250000000007 0.057291666666666664 8.55100059951521e-18 0.057291666666666664 1.1899644190933754e-17 0.13020833333333334 0.01953125000000001 0.13020833333333334
0 0.046875000000000035 0.16796875000000003 0.0010181827537776244 0.15849598024021697 -0.009724004746222389 0.2509438969068836 0.036132812500000014 0.2604166666666667
0 0.10156250000000003 0.20442708333333334 0.09884495623877917 0.18051269823459004 0.06661839373877917 0.18702311490125673 0.0693359375 0.2109375
0 0.05761718750000007 0.43489583333333337 0.012535220286885296 0.4294313524590164 0.009013191598360698 0.4810877732240437 0.05409515881147546 0.4865522540983607
0 0.08398437500000003 0.5221354166666666 0.057707331730769286 0.5125801282051282 0.05238882211538467 0.5385817307692308 0.07866586538461542 0.5481370192307692
0 0.18191406250000003 0.29302083333333334 0.163046875 0.28942708333333333 0.15984375 0.3193229166666667 0.17871093750000006 0.3229166666666667
0 0.17227632705479454 0.26054152397260283 0.15917968750000006 0.25260416666666674 0.15389554794520552 0.26810430936073065 0.16699218750000003 0.27604166666666674
0 0.224609375 0.3997395833333333 0.2135446530963303 0.39179568042813456 0.2067087155963303 0.40872276376146793 0.2177734375 0.4166666666666667
0 0.03143105611313869 0.7940883515815086 0.030304801551094884 0.7385264598540145 -0.0009751368613138717 0.7396536648418491 0.00015111770072992746 0.7952155565693431
0 0.289075494178608 0.751761877345616 0.23558445816274315 0.696742526015012 0.20522306006908914 0.7492190165472536 0.258714096084954 0.8042383678778575
0 0.31650504620622566 0.680493069066148 0.2958984375000001 0.6562500000000001 0.27845710724708184 0.6826057879377434 0.29906371595330744 0.7068488570038912
0 0.3514873798076924 0.6997195512820513 0.33308293269230765 0.6948116987179487 0.32955228365384615 0.7183493589743589 0.3479567307692309 0.7232572115384616
0 0.3756019905821918 0.5125570776255709 0.34602418664383566 0.49463113584474894 0.33010488013698636 0.5413277682648403 0.35968268407534254 0.5592537100456622
0 0.4466602446266969 0.2760652337858221 0.400355274321267 0.2731252356711916 0.3988572893099548 0.3150688159879337 0.4451622596153847 0.31800881410256415
0 0.45276380565068497 0.35675299657534254 0.4230120933219178 0.34187714041095896 0.4137815710616438 0.3746967751141554 0.443533283390411 0.3895726312785389
0 0.5703010110294118 0.3136029411764706 0.5693129595588236 0.29647671568627454 0.552734375 0.2981770833333333 0.5537224264705882 0.3153033088235294
0 0.7587890625 0.3307291666666668 0.7412109375 0.3072916666666668 0.708984375 0.3502604166666668 0.7265625 0.3736979166666668
0 0.8173828124999998 0.4296875 0.811368361051502 0.39600657188841204 0.7990460702789698 0.39991841022889846 0.8050605217274678 0.4335993383404864
0 0.6817325367647059 0.428936887254902 0.6607029898356401 0.39938184832756635 0.609412170198962 0.46426254325259525 0.6304417171280277 0.4938175821799309
0 0.576171875 0.7252604166666667 0.5390625 0.67578125 0.5126953125 0.7109375 0.5498046875000001 0.7604166666666667
0 0.44921875000000017 0.6367187500000002 0.43767107664233584 0.629533531021898 0.43083513914233584 0.6490647810218978 0.44238281250000017 0.6562500000000002
0 0.2890625000000001 0.8841145833333335 0.2551562500000001 0.87765625 0.2526953125000001 0.9006250000000001 0.28660156250000013 0.9070833333333336
0 0.5527343750000001 0.8997395833333334 0.536649592655642 0.8808163099870298 0.5185812864785992 0.9081195282101168 0.5346660688229573 0.9270428015564202
0 0.604345420881503 0.9609676059730251 0.5830078125000001 0.9401041666666667 0.5772952041184972 0.9504907273603085 0.5986328125000001 0.9713541666666667
0 0.6917584528688525 0.8007385587431695 0.6904136782786885 0.7810151980874317 0.6777343750000001 0.7825520833333334 0.679079149590164 0.802275443989071