0 0.9468060661764703 0.11083026960784312 0.9246897977941174 0.06449142156862754 0.884627757352941 0.09848345588235308 0.9067440257352939 0.14482230392156867
0 0.6157789265799257 0.04521472273853789 0.5939859723513012 0.041424643742255365 0.5905117332713756 0.07693908767038424 0.6123046875000001 0.08072916666666678
0 0.6517578124999999 0.11302083333333333 0.6481249999999998 0.07911458333333335 0.6262499999999999 0.08328125000000001 0.6298828124999998 0.1171875
0 0.5091213368775934 0.23727091977869993 0.4931640625 0.20052083333333337 0.4692970370850622 0.21894450207468888 0.48525431146265563 0.25569458852005544
0 0.3320601423816568 0.10946745562130185 0.3187985392011835 0.10218657544378708 0.3097378883136095 0.1315258259368837 0.3229994914940828 0.13880670611439846
0 0.3019002503453039 0.24787925874769806 0.2544296011740331 0.22028947974217314 0.23359051277624307 0.2840325736648251 0.2810611619475138 0.31162235267035
0 0.17482607208029197 0.2619658607055961 0.16619382983576642 0.2373023114355231 0.1394631044708029 0.2539347627737226 0.14809534671532845 0.2785983120437956
0 0.1196806066176471 0.23933823529411766 0.07771139705882356 0.23503370098039217 0.07228860294117649 0.3290287990196079 0.11425781250000003 0.3333333333333334
0 0.1823321368243243 0.32623873873873876 0.14257812499999997 0.2981770833333333 0.09221917229729729 0.4250070382882883 0.13197318412162162 0.4530686936936937
0 0.2578125 0.43098958333333337 0.23423589869430242 0.3667518870221573 0.20489978999269537 0.3858931778061846 0.22847639129839298 0.4501308741173607
0 0.11730468749999998 0.7654166666666667 0.1107421875 0.7041666666666668 0.032265625000000006 0.7191145833333334 0.03882812500000001 0.7803645833333335
0 0.017178867403314924 0.7125417242173114 0.015225742403314918 0.6630625575506446 0.0009765624999999945 0.6640625 0.0029296875 0.7135416666666667
0 0.10621995192307701 0.9624399038461539 0.08218149038461546 0.9560296474358975 0.07647235576923088 0.9940905448717946 0.10051081730769243 1.000500801282051
0 0.35020363209939154 0.9619437753549696 0.34340929259634895 0.9057772354631509 0.3058898801977688 0.9138459263015551 0.3126842197008114 0.9700124661933739
0 0.5009289253048782 0.7688008130081303 0.4794921875000001 0.7656250000000001 0.47746760670731714 0.7899199695121951 0.49890434451219523 0.7930957825203253
0 0.30687040441176466 0.49731924019607837 0.28417968750000006 0.47916666666666674 0.27556295955882354 0.49831495098039225 0.2982536764705882 0.5164675245098039
0 0.4006423163659794 0.5394920532646048 0.3769531250000001 0.52734375 0.3620529961340207 0.5789975300687286 0.3857421875 0.5911458333333335
0 0.45703125 0.5807291666666666 0.4267578125 0.5807291666666666 0.4267578125 0.6015625 0.45703125 0.6015625
0 0.453125 0.5416666666666666 0.431640625 0.5416666666666666 0.431640625 0.5651041666666666 0.453125 0.5651041666666666
0 0.486328125 0.4908854166666667 0.42559017296081814 0.41679373049121077 0.40352823512198127 0.4489460119927715 0.46426618716116314 0.5230376981682274
0 0.5295233862144421 0.4735907868344275 0.5049490563457331 0.45131006108679805 0.47912036720459517 0.501954549598833 0.5036946970733042 0.5242352753464625
0 0.6158234542560322 0.40199815683646123 0.6092571841487935 0.3821003686327078 0.584123135891421 0.3968456769436997 0.5906894059986596 0.41674346514745314
0 0.5906250000000001 0.5059895833333334 0.5560546875000001 0.49062500000000014 0.5404296875000001 0.5531250000000002 0.5750000000000001 0.5684895833333335
0 0.501953125 0.625 0.4765625 0.625 0.4765625 0.6458333333333334 0.501953125 0.6458333333333334
0 0.612272903529292 0.6413666259831842 0.5717078163140765 0.5807238693382154 0.544777257933279 0.6127493982234882 0.5853423451484946 0.6733921548684568
0 0.6083984375 0.8138020833333334 0.5919921875 0.7700520833333333 0.5802734375 0.7778645833333333 0.5966796875 0.8216145833333334
0 0.6669921875 0.8072916666666666 0.6595597248237108 0.7124392858454535 0.6067891967827236 0.7197904041795212 0.6142216594590126 0.8146427850007346
0 0.7215294471153847 0.7353766025641026 0.7172926682692308 0.7146634615384616 0.6842397836538461 0.7266826923076924 0.6884765625 0.7473958333333336
0 0.5908203125000001 0.9505208333333334 0.568359375 0.9505208333333334 0.5683593750000001 1 0.5908203125000002 1
0 0.634765625 0.9518229166666666 0.6337730532786885 0.9372651980874317 0.6230308657786885 0.9385672814207651 0.6240234375 0.953125
0 0.4609375 0.9778645833333336 0.4500335151627219 0.9718780818540436 0.443197577662722 0.9940134985207102 0.4541015625000001 1.0000000000000002
0 0.728515625 0.9960937500000001 0.7272037304897739 0.9710219882490133 0.6806913936356297 0.9753487172587011 0.6820032881458558 1.000420479009688
0 0.880859375 0.8815104166666667 0.8654597355769231 0.8774038461538463 0.8625300480769231 0.8969350961538463 0.8779296875 0.9010416666666667
0 0.823828125 0.8174479166666667 0.8173828125 0.7916666666666666 0.7951171875 0.8015625 0.8015625 0.82734375
0 0.8380378709922013 0.5541910384171002 0.7591133421793761 0.5239186164067016 0.7423090202556326 0.6018053148469096 0.8212335490684577 0.6320777368573082
0 0.9001263786764706 0.5576593137254904 0.8888786764705883 0.5481158088235296 0.8780215992647058 0.5708639705882355 0.8892693014705882 0.5804074754901962
0 0.984375 0.4127604166666668 0.9659355860244989 0.40092276818856726 0.9514306966870825 0.44109015404602825 0.9698701106625836 0.4529278025241278
0 0.76171875 0.43359375000000017 0.724609375 0.38411458333333354 0.7001953125 0.4166666666666668 0.7373046875 0.4661458333333334
0 0.8021816037735849 0.36590998427672955 0.7936320754716981 0.3260121855345913 0.718436762971698 0.3546580188679247 0.7269862912735847 0.3945558176100629
0 0.9948400198938991 0.27456689323607425 0.9892578124999998 0.23437500000000003 0.9480634532493367 0.24454644672855883 0.953645660643236 0.28473833996463305
0 0.5754056490384616 0.31155849358974375 0.543915264423077 0.3063100961538463 0.5400991586538463 0.3470152243589745 0.5715895432692308 0.3522636217948719
0 0.8004468107876713 0.7653039383561645 0.7880859375000002 0.7578125000000001 0.783537564212329 0.7711543949771691 0.7958984375000001 0.7786458333333336