0 0.8198012793624161 0.1236542225950784 0.8079645553691275 0.10110808165548117 0.7708027474832215 0.13579243568232677 0.78263947147651 0.15833857662192402
0 0.841796875 0.032552083333333454 0.807479319852941 0.027818627450980495 0.8046874999999998 0.06380208333333344 0.8390050551470589 0.0685355392156864
0 0.7998046875000001 1.258252761241844e-16 0.738312244175063 -0.0013014273719562117 0.73784044395466 0.0383297911418977 0.7993328872795971 0.03963121851385403
0 0.3360757211538462 0.045661057692307654 0.30767127403846156 0.02754807692307688 0.2876081730769231 0.08348157051282047 0.31601262019230775 0.10159455128205125
0 0.39123391544117647 0.12383578431372551 0.38656939338235297 0.04298406862745099 0.351171875 0.04661458333333334 0.35583639705882353 0.12746629901960788
0 0.36479318464701277 0.29770886943387787 0.3271484375 0.1796875 0.2698487584610651 0.212179272022078 0.30749350560807787 0.33020064145595585
0 0.31827580608190714 0.25359744295028536 0.21074887301344747 0.1476288712306439 0.12526503285452323 0.3018350142624288 0.2327919659229829 0.4078035859820702
0 0.3054101038873995 0.3333926776139411 0.28691825150804295 0.26999204088471856 0.2608102588806971 0.2835295185433423 0.27930211126005366 0.3469301552725649
0 0.3558593750000001 0.6377604166666668 0.2931640625000001 0.6098958333333333 0.261328125 0.7372395833333336 0.32402343750000007 0.7651041666666669
0 0.4150390625 0.47656250000000006 0.3906250000000001 0.4440104166666668 0.3574218750000001 0.4882812500000001 0.38183593750000006 0.5208333333333334
0 0.5184044471153845 0.3525641025641026 0.4560546874999999 0.33593750000000006 0.4461388221153846 0.4020432692307693 0.5084885817307692 0.41866987179487186
0 0.5957240700402144 0.3864185377569259 0.5667282799932976 0.36940767426273463 0.5573108662868632 0.39794529155495983 0.5863066563337801 0.4149561550491511
0 0.5117187500000001 0.5898437500000001 0.49185583726415094 0.5822769261006291 0.4834905660377359 0.6213148584905661 0.5033534787735849 0.6288816823899371
0 0.5844006147540984 0.6254055669398908 0.5146644467213115 0.6169526980874317 0.5103899846311476 0.6796448087431696 0.5801261526639345 0.6880976775956286
0 0.4609375000000001 0.9986979166666666 0.4605342060810811 0.9755757319819819 0.4157274070945946 0.97696509009009 0.4161307010135135 1.0000872747747749
0 0.7914766182372176 0.49302820303210476 0.7649317683561236 0.4558654131985732 0.7173565695600475 0.5162783640507335 0.7439014194411414 0.553441153884265
0 0.8183930495689655 0.3249820402298852 0.779498922413793 0.30275682471264376 0.7712149784482758 0.3285290948275863 0.8101091056034482 0.3507543103448277