0 0.5075120192307693 0.22846554487179496 0.4964693509615385 0.15484775641025644 0.4202223557692307 0.17518028846153844 0.4312650240384615 0.24879807692307696
0 0.23027343750000004 0.18281250000000007 0.20019531250000006 0.1770833333333334 0.19800781250000005 0.1975000000000001 0.22808593750000003 0.20322916666666674
0 0.3036596443141254 0.5821122567142614 0.2747019019314125 0.5336018506714261 0.22201882011728702 0.589510427290498 0.25097656249999994 0.6380208333333333
0 0.12902120801129616 0.6356427120491479 0.08831562128418555 0.6343189531311932 0.08722410077288947 0.6939887410820452 0.12792968750000006 0.6953125
0 0.16032462284482762 0.6302981321839081 0.15103044181034486 0.6013829022988506 0.1255724676724138 0.6159303160919541 0.13486664870689657 0.6448455459770115
0 0.05078125000000004 0.5455729166666667 0.022460937500000045 0.5078125000000001 0.004882812500000067 0.5312500000000001 0.03320312500000007 0.5690104166666667
0 0.10910620358910901 0.7521452145214521 0.06462523205445551 0.7387530940594059 0.051535426980198085 0.8160452764026404 0.09601639851485158 0.8294373968646866
0 0.251727764423077 0.7628205128205129 0.24504206730769235 0.7182491987179489 0.17968750000000006 0.7356770833333335 0.18637319711538464 0.7802483974358975
0 0.0908203125 0.9999999999999999 0.08984375 0.96484375 0.07337328767123288 0.9656571061643836 0.07434985017123288 1.0008133561643835
0 0.21289062499999994 0.9986979166666665 0.21219798322683703 0.9756098575612353 0.18778392072683706 0.9769119408945687 0.18847656249999997 0.9999999999999999
0 0.38281250000000006 0.88671875 0.367578125 0.8799479166666667 0.36328124999999994 0.8971354166666666 0.378515625 0.90390625
0 0.41035335435779824 0.7973169915902142 0.36990754013761473 0.7956828172782875 0.3687338732798166 0.8473241590214068 0.4091796875000001 0.8489583333333335
0 0.5594692887931035 0.9554148706896551 0.5545191271551724 0.9400143678160919 0.531182650862069 0.9533494971264368 0.5361328125 0.96875
0 0.6118093588917526 0.7007275558419246 0.5656068782216495 0.697927405498282 0.563903431056701 0.7478951890034365 0.6101059117268043 0.7506953393470791
0 0.7421875 0.6536458333333335 0.69140625 0.6536458333333334 0.69140625 0.7291666666666666 0.7421875 0.7291666666666667
0 0.8630443406205923 0.5785014838975082 0.8564494446403386 0.5320231693700047 0.8150674365303244 0.5424618741184768 0.8216623325105783 0.5889401886459803
0 0.8212890625 0.9427083333333334 0.8076171875 0.8880208333333334 0.7759765625 0.9020833333333333 0.7896484375 0.9567708333333333
0 0.484375 0.4778645833333334 0.45233180949781665 0.4451930949781661 0.44307365584061137 0.46133551673944706 0.4751168463427947 0.4940070050946144