0 0.829815463362069 0.1333692528735632 0.8269531250000002 0.06848958333333334 0.7267712823275861 0.0763469827586207 0.7296336206896552 0.1412266522988506
0 0.7451171875000002 0.0182291666666668 0.7308168316831684 0.01635983910891102 0.7257555157559026 0.08519373571972594 0.7400558715727343 0.08706306327748174
0 0.7904947028478851 0.06341305707139604 0.7646484374999998 0.02343750000000006 0.742934910044338 0.04839557753524346 0.7687811753922233 0.08837113460663944
0 0.904296875 0.001302083333333474 0.8616393244649225 -0.00008515408244140026 0.8610099583828774 0.034320191736028675 0.9036675089179548 0.035707429151803555
0 0.7339532960766423 0.053935523114355274 0.7143932481751825 0.005118993309002443 0.6272436701642337 0.06719814476885648 0.6468037180656935 0.1160146745742093
0 0.7110072251679967 0.00009570121097589775 0.6387001752152457 -0.001301536469270496 0.6383687755932381 0.029187228755425006 0.7106758255459892 0.030584466435671403
0 0.6646695085580913 0.029923063623789818 0.6320223353215766 -0.03617738589211612 0.5799881677904564 0.009511151452282244 0.6126353410269708 0.07561160096818818
0 0.6162109375 0.05468750000000012 0.5400390625 -0.04687499999999988 0.4892578125 0.02083333333333339 0.5654296875 0.1223958333333334
0 0.33430519908435075 0.07096715455049951 0.3089264966009989 0.012314153255641861 0.2495220154689234 0.05800990797262299 0.2749007179522753 0.11666290926748064
0 0.23080070882262044 0.16654112587556655 0.12918147404202718 0.07210708951380311 0.10935810027812114 0.11003006540997119 0.21097733505871438 0.20446410177173466
0 0.27148437499999994 0.17317708333333334 0.26660156249999994 0.12760416666666666 0.23488281249999998 0.13364583333333335 0.23976562499999998 0.17921875
0 0.322265625 0.16015625000000006 0.3017578125 0.13281250000000006 0.279296875 0.16276041666666677 0.2998046875 0.19010416666666677
0 0.0342809409106412 0.1294267280582083 0.0009765624999999945 0.09114583333333333 -0.008382716575716247 0.10562151830377445 0.024921661834924957 0.1439024130286494
0 0.23847262011143816 0.22206598682366144 0.18517891873423048 0.18405807576394734 0.14930564681455008 0.2734813043173535 0.2025993481917578 0.3114892153770676
0 0.17727481617647056 0.3009344362745098 0.1298828125 0.2630208333333333 0.1181640625 0.2890625 0.16555606617647056 0.32697610294117646
0 0.11733688916430599 0.3208657932011333 0.07698521600566578 0.2955470963172805 0.058593750000000035 0.34765625000000006 0.09894542315864024 0.37297494688385274
0 0.06621093750000004 0.3432291666666666 0.0017578125000000332 0.31458333333333327 -0.012695312499999977 0.3723958333333333 0.05175781250000002 0.4010416666666667
0 0.17250410369177402 0.42595159192269577 0.1591796875 0.36718750000000006 0.1171875 0.38411458333333337 0.13051191619177402 0.4428786752560291
0 0.28000998351926976 0.4197330332995267 0.27277787461967545 0.34901907961460454 0.2542132828346856 0.35239445993914814 0.26144539173427994 0.4231084136240703
0 0.3224840255591054 0.31066543530351437 0.3218257038738018 0.28872137912673057 0.2752595846645367 0.291204905484558 0.2759179063498402 0.3131489616613418
0 0.46339574353448276 0.2711027298850575 0.44612068965517243 0.217358117816092 0.41524110991379304 0.23500359195402304 0.4325161637931035 0.2887482040229886
0 0.56640625 0.4049479166666667 0.5380859375 0.2890625 0.449802993394773 0.3274176367648178 0.47812330589477287 0.4433030534314844
0 0.5133203125000001 0.44463541666666667 0.5009765625 0.43229166666666674 0.481640625 0.46666666666666673 0.49398437500000003 0.4790104166666667
0 0.546747036637931 0.4515265804597701 0.5458984374999999 0.4322916666666667 0.5252896012931034 0.4339080459770115 0.5261382004310344 0.45314295977011493
0 0.6056640625 0.4252604166666668 0.5939453124999999 0.41744791666666675 0.5828125 0.44713541666666673 0.59453125 0.4549479166666668
0 0.19238281250000006 0.39062500000000006 0.18042448999480254 0.3901106635481636 0.1794093522609148 0.4320696898821899 0.19136767476611233 0.43258402633402643
0 0.2995044838418383 0.5875505943231889 0.23722903617814323 0.510146083102777 0.22012343173608978 0.534612280971411 0.28239887939978486 0.612016792191823
0 0.2626467053167421 0.5116598322021118 0.2608880090497738 0.4624163367269985 0.2335133272058824 0.4641544117647059 0.2352720234728507 0.5133979072398192
0 0.2762421875 0.9201875000000002 0.2536015625 0.8765833333333334 0.22800781250000002 0.9002083333333334 0.25064843750000004 0.9438125
0 0.31292503238341973 0.8564402525906736 0.2804302946891192 0.8450385902417962 0.267578125 0.9101562499999999 0.30007286269430056 0.9215579123488773
0 0.3190822963800906 0.7841240101809955 0.2632980415723983 0.7825414781297134 0.2625751201923078 0.8278445512820513 0.3183593750000001 0.8294270833333334
0 0.20488975253807107 0.8311191307106599 0.1865234375 0.8098958333333334 0.1765991830583756 0.8251639170896785 0.19496549809644667 0.8463872144670052
0 0.03710937500000009 0.9114583333333334 0.015625000000000087 0.9114583333333334 0.01562500000000009 0.9778645833333334 0.03710937500000009 0.9778645833333334
0 0.02148437500000009 0.89453125 0.0015775240384616307 0.8892227564102565 -0.002328725961538369 0.9152644230769231 0.01757812500000009 0.9205729166666666
0 0.5 0.9388020833333334 0.42265625 0.9044270833333333 0.4033203124999999 0.9817708333333335 0.48066406249999993 1.0161458333333335
0 0.5518960727725793 0.8626593436398157 0.5166015624999999 0.8098958333333334 0.49449263247558983 0.836187533902902 0.5297871427481693 0.8889510442093844
0 0.519068137886598 0.6999570446735397 0.45672922036082486 0.663015463917526 0.43764094716494856 0.7202802835051547 0.49997986469072175 0.7572218642611686
0 0.6098734115663901 0.6466977869986169 0.584466578060166 0.6270854944674966 0.558123703319502 0.6877539332641772 0.5835305368257261 0.7073662257952975
0 0.6484375000000001 0.8190104166666666 0.6477681587837838 0.7806348536036036 0.5995565878378378 0.782129786036036 0.600225929054054 0.8205053490990991
0 0.9067670036764707 0.9113051470588232 0.8900505514705884 0.8741574754901962 0.87109375 0.8893229166666669 0.8878102022058822 0.9264705882352939
0 1.00390625 0.9518229166666671 0.96875 0.9049479166666671 0.91796875 0.9726562500000003 0.953125 1.0195312500000004
0 0.9885889340753427 0.6855557933789956 0.9198374579298536 0.6835629969689815 0.9174050469414265 0.8327508709258388 0.9861565230869156 0.834743667335853
0 0.9928946659482758 0.6501436781609197 0.9736328125 0.6197916666666667 0.9436018318965516 0.653672772988506 0.9628636853448274 0.6840247844827589
0 1 0.6067708333333336 0.98046875 0.6067708333333336 0.98046875 0.6432291666666669 1 0.6432291666666669
0 0.8773723323170731 0.5881986788617887 0.8525390625 0.5729166666666667 0.8365043826219513 0.6192390752032522 0.8613376524390244 0.6345210873983741
0 0.8994569359756097 0.4872459349593496 0.8930830792682928 0.4475863821138212 0.8399294969512197 0.4627731199186992 0.8463033536585366 0.5024326727642275
0 1 0.50390625 0.9990234375 0.4401041666666667 0.9840822751873437 0.4405107289064668 0.9850588376873437 0.5043128122398002
0 0.82430713959854 0.4327459701946472 0.7913420962591241 0.3911059154501218 0.7418154083029196 0.4608101429440391 0.7747804516423356 0.5024501976885645
0 0.8183216682483732 0.36737843456254543 0.7478625779555315 0.2772674891540132 0.6936406927874186 0.3526397550614609 0.7640997830802603 0.4427507004699931
0 0.7840073529411764 0.3076746323529413 0.7420726102941175 0.2741268382352942 0.6974379595588236 0.37331495098039225 0.7393727022058824 0.40686274509803927
0 0.862777502828054 0.3265047605580695 0.8090586114253391 0.2351208993212671 0.7687075791855202 0.2772895456259429 0.8224264705882349 0.36867340686274525