0 0.79296875 0.5833333333333336 0.78515625 0.5833333333333336 0.78515625 0.5976562500000002 0.79296875 0.5976562500000002
0 0.5919692095588236 0.7816329656862746 0.5827780330882353 0.7785692401960785 0.580078125 0.7929687500000002 0.5892693014705882 0.7960324754901964
0 0.501953125 0.28515624999999994 0.5009765625 0.2630208333333333 0.4801387392241379 0.2646551724137931 0.4811153017241379 0.28679058908045973
0 0.49225484913793116 0.12477550287356316 0.48679956896551724 0.10780352011494253 0.46982758620689663 0.11750179597701153 0.47528286637931033 0.13447377873563218
0 0.91015625 0.8346354166666669 0.8876953125 0.8346354166666669 0.8876953125 0.8580729166666669 0.91015625 0.8580729166666669
0 0.6816406250000001 0.8242187500000002 0.6642878605769231 0.817908653846154 0.658203125 0.84765625 0.675555889423077 0.8539663461538463
0 0.24125482794943826 0.734989466292135 0.2099609375 0.7005208333333336 0.19599280196629218 0.7230658941947568 0.2272866924157304 0.7575345271535582
0 0.08321522400442487 0.8544086467551623 0.06358026825221245 0.8315011983775811 0.03581305309734515 0.873813145280236 0.05544800884955756 0.8967205936578172
0 0.09696061643835616 0.17678010844748862 0.0849609375 0.13411458333333334 0.05906196489726027 0.1470640696347032 0.07106164383561643 0.18972959474885845
0 0.9841180965430016 0.15721832841483957 0.9441959580522765 0.13146211003372663 0.9306838243043846 0.16869554525014033 0.9706059627951096 0.19445176363125327
0 0.5977586664512555 0.22822039635647448 0.5673222281203841 0.18439192516001957 0.5385403203471197 0.21992514463318555 0.5689767586779911 0.26375361582964046
0 0.5758384146341463 0.29697027439024404 0.5397294207317073 0.2367886178861789 0.5128144054878048 0.26549796747967486 0.5489233993902438 0.32567962398374
0 0.30612470518867924 0.24199095911949692 0.24511718750000006 0.21875000000000006 0.23041347287735853 0.2873673349056604 0.29142099056603776 0.31060829402515727