0 0.5527343749999999 0.11328125000000007 0.543359375 0.10911458333333343 0.5365234375 0.1364583333333334 0.5458984374999999 0.14062500000000006
0 0.6738281249999999 0.18359375000000017 0.6411338484789391 0.15202686232449317 0.6191223430187207 0.19255598348933975 0.6518166195397816 0.22412287116484678
0 0.6679687500000002 0.26171875 0.6271264792899409 0.21428901627218924 0.6072808801775149 0.2446699334319526 0.6481231508875741 0.2920996671597634
0 0.5976562500000002 0.2721354166666667 0.5947265625000002 0.2526041666666667 0.5770733173076924 0.25731169871794873 0.5800030048076924 0.27684294871794873
0 0.404296875 0.33203125000000006 0.3427734375 0.30208333333333337 0.32630474655402397 0.36222985678820224 0.387828184054024 0.392177773454869
0 0.3146407614628821 0.2377069687045124 0.26244370906113534 0.22842749272197965 0.25969739355895194 0.2558906477438137 0.3118944459606987 0.26517012372634646
0 0.189453125 0.32421874999999994 0.17351488797169812 0.28596698113207547 0.149303508254717 0.30390133647798745 0.16524174528301885 0.3421531053459119
0 0.08496093750000003 0.20833333333333334 0.050405649038461564 0.19911858974358976 0.044020432692307716 0.24168669871794873 0.07857572115384617 0.2509014423076923
0 0.3482421875 0.5979166666666667 0.32714843750000006 0.5885416666666666 0.32070312500000003 0.6143229166666667 0.34179687500000006 0.6236979166666666
0 0.4414062500000001 0.8033854166666667 0.44052308017151776 0.7668810637560639 0.4091796875 0.7682291666666667 0.41006285732848236 0.8047335195772696
0 0.7890625000000001 0.7122395833333336 0.7783203125000001 0.7057291666666669 0.7741063784246576 0.7180900399543381 0.7848485659246576 0.7246004566210047
0 0.8830334417420815 0.7470717854449472 0.8818801258484165 0.7147789404223229 0.8623002686651583 0.7160221059577678 0.8634535845588234 0.7483149509803922
0 0.9396002782534246 0.4545162671232878 0.9287109375 0.4479166666666668 0.9256340967465754 0.45694206621004585 0.9365234375 0.46354166666666685
0 0.31933593750000006 0.9609375 0.29414062500000004 0.9497395833333333 0.28203125000000007 0.9981770833333334 0.3072265625 1.0093750000000001
0 0.18397004013761478 0.927453650611621 0.17480468750000008 0.9270833333333335 0.17374749139908266 0.9735999617737003 0.18291284403669733 0.9739702790519879