0 0.322265625 0.0611979166666667 0.2417301829268293 0.02449822154471549 0.22988953775107607 0.07069135581061697 0.31042497982424677 0.10739105093256818
0 0.185546875 0.11067708333333336 0.1752068014705882 0.10240502450980392 0.16796874999999997 0.11848958333333334 0.17830882352941177 0.12676164215686278
0 0.17414918664383564 0.25244363584474894 0.15527343749999997 0.22135416666666666 0.14802547089041093 0.2291773687214612 0.1669012200342466 0.2602668378995434
0 0.4183930495689655 0.4026221264367817 0.3506263469827586 0.32616738505747134 0.3111395474137931 0.3883890086206897 0.37890625 0.46484375
0 0.2822244256017505 0.6096855625455873 0.2707962937636761 0.5296886396790664 0.2380376435995623 0.5380082968636033 0.24946577543763673 0.6180052197301241
0 0.22546494745575227 0.5323677175516225 0.1955769496681416 0.5160651733038348 0.17591433904867257 0.5801507190265487 0.2058023368362832 0.5964532632743363
0 0.2039751838235294 0.8475490196078431 0.17015165441176466 0.6446078431372547 0.04234834558823529 0.6824754901960782 0.07617187500000001 0.8854166666666666
0 0.26367187500000006 0.7903645833333334 0.2314453125 0.6692708333333334 0.17436785177911276 0.6962752233518176 0.2065944142791128 0.8173689733518176
0 0.20568307522123894 0.7535259955752213 0.19176922013274336 0.7323239306784661 0.17289477323008848 0.7543441187315634 0.18680862831858408 0.7755461836283186
0 0.4199218750000001 0.8528645833333335 0.3583984375 0.8177083333333335 0.33991109913793105 0.8752244971264368 0.40143453663793116 0.9103807471264368
0 0.32143282043147214 0.9725769352791879 0.29958657201776656 0.9389673223350256 0.26367187500000006 0.9804687500000002 0.2855181234137056 1.0140783629441625
0 0.5065308988764047 0.8583596676029965 0.4814453125000001 0.8307291666666669 0.46472524578651686 0.8577159410112362 0.48981083216292143 0.8853464419475657
0 0.7189453125 0.7817708333333334 0.6785156250000001 0.7638020833333334 0.6712890625000001 0.7927083333333336 0.71171875 0.8106770833333335
0 0.701771811006826 0.9482055247440275 0.6727682380546076 0.9176754479522187 0.6345223176194541 0.9822685580204781 0.6635258905716723 1.012798634812287
0 0.701771811006826 0.9482055247440275 0.6727682380546076 0.9176754479522187 0.6345223176194541 0.9822685580204781 0.6635258905716723 1.012798634812287
0 0.708984375 0.5755208333333334 0.66796875 0.5755208333333334 0.66796875 0.60546875 0.708984375 0.60546875
0 0.5357651654411766 0.2850183823529413 0.5069393382352942 0.28206188725490206 0.5038947610294119 0.3348345588235295 0.5327205882352942 0.3377910539215688
0 0.55700699385511 0.13532065275981028 0.5515683113680466 0.07875835489435104 0.5043180991267787 0.08683531425183273 0.5097567816138422 0.14339761211729193
0 0.6284151463150289 0.20863439306358397 0.5963240606936415 0.17725644267822743 0.5654635567196531 0.23336644990366093 0.5975546423410405 0.26474440028901747
0 0.822821514423077 0.4133413461538461 0.7261718750000001 0.24765624999999988 0.6071814903846156 0.3710536858974358 0.7038311298076925 0.536738782051282
0 0.647350383254717 0.30807783018867935 0.6357421875 0.2994791666666667 0.6269899764150944 0.3204844732704403 0.6385981721698114 0.32908313679245293
0 0.6617638221153846 0.1421474358974359 0.6475661057692308 0.12742387820512815 0.6226412259615385 0.17015224358974362 0.6368389423076923 0.18487580128205133
0 0.66796875 0.11067708333333333 0.6333533653846153 0.07477964743589745 0.6158954326923076 0.10470753205128205 0.6505108173076923 0.14060496794871793
0 1 0.4791666666666668 0.95703125 0.4791666666666668 0.95703125 0.5611979166666669 1 0.5611979166666669
0 0.9640625 0.4315104166666666 0.9146484375 0.2997395833333333 0.8224609374999998 0.3611979166666667 0.871875 0.49296875
0 0.8589693509615387 0.22828525641025632 0.7713641826923079 0.07810496794871788 0.6790114182692311 0.17387820512820504 0.7666165865384617 0.3240584935897435
0 0.7615804385729612 0.2937567060085838 0.7542876542381973 0.2529171137339057 0.6969009857832618 0.2711351037195995 0.7041937701180256 0.3119746959942776
0 0.869140625 0.2773437500000001 0.8199218749999998 0.25546875000000013 0.8066406249999998 0.3085937500000001 0.855859375 0.33046875000000014
0 0.830078125 0.1315104166666668 0.808984375 0.09401041666666679 0.7821093749999999 0.12088541666666673 0.8032031249999999 0.15838541666666675
0 0.8247427591463415 0.08311102642276426 0.7978467987804878 0.005411585365853651 0.7405011432926829 0.04070121951219511 0.7673971036585366 0.11840066056910571
0 0.8342672413793103 0.06832794540229886 0.8297750538793103 -0.0035470545977011564 0.7925983297413792 0.0005836925287356317 0.7970905172413792 0.07245869252873564
0 0.88671875 0.0013020833333334517 0.8522581335616438 -0.01592822488584466 0.8388939426369862 0.03158889840182653 0.8733545590753424 0.048819206621004634
0 0.9872931985294116 0.020251225490196135 0.8948529411764705 -0.007138480392156765 0.8775965073529411 0.09640012254901974 0.9700367647058823 0.12378982843137264
0 1 0.12500000000000017 0.92578125 0.12500000000000014 0.92578125 0.22526041666666685 1 0.22526041666666685
0 1.0056249999999998 0.1423437500000001 0.9826562499999998 0.11937500000000015 0.9616796874999999 0.15666666666666676 0.9846484375 0.17963541666666671
0 1.000383890086207 0.0004130747126438461 0.9749663254310343 -0.0015804597701147838 0.9726293103448276 0.05139188218390821 0.9980468750000002 0.05338541666666684