0 0.013456230283911663 0.8331074198212408 0.010526542783911675 0.8005553364879074 0.000976562500000011 0.8020833333333334 0.00390625 0.8346354166666666
0 0.05273437500000002 0.8372395833333334 0.04980468750000002 0.8177083333333335 0.036658653846153855 0.8212139423076924 0.039588341346153855 0.8407451923076923
0 0.2599218750000001 0.7550520833333333 0.24707031250000006 0.7526041666666666 0.24496093750000006 0.7722916666666665 0.2578125000000001 0.7747395833333333
0 0.6533203125 0.9088541666666669 0.6416015625 0.8932291666666669 0.6298828125000001 0.9088541666666667 0.6416015625000001 0.9244791666666667
0 0.2949218750000001 0.9153645833333334 0.2783203125000001 0.9088541666666666 0.2748059315286625 0.9247860270700637 0.2914074940286625 0.9312964437367304
0 0.015625 0.3684895833333333 0.014639795353982299 0.3487854904129793 -0.00000864214601770108 0.35008757374631266 0.0009765625 0.3697916666666667
0 0.328125 0.0013020833333333814 0.3095703125 4.810966440042345e-17 0.3087340296961326 0.021185831031307605 0.3272887171961326 0.022487914364640937
0 0.07470489901746732 0.6500864264919941 0.062423239628821035 0.647903020378457 0.05803084061135377 0.6918270105531296 0.07031250000000007 0.6940104166666666
0 0.7421875000000001 0.18880208333333348 0.71703125 0.18401041666666682 0.7146875 0.20588541666666685 0.7398437500000001 0.21067708333333351
0 0.41673677884615384 0.1259214743589744 0.4007512019230769 0.11374198717948722 0.3864483173076923 0.14711538461538468 0.40243389423076925 0.15929487179487187
0 0.21562499999999996 0.31953124999999993 0.2095703125 0.2953124999999999 0.1837890625 0.30677083333333327 0.18984374999999998 0.3309895833333333
0 0.35449218749999994 0.05989583333333336 0.33886718749999994 0.03906250000000003 0.3203125 0.06380208333333333 0.3359375 0.08463541666666667
0 0.2714038337628866 0.8218562070446737 0.26269531250000006 0.7916666666666669 0.23887524162371135 0.8038820876288661 0.24758376288659792 0.834071628006873
0 0.19997118340163939 0.6673497267759564 0.16475089651639355 0.6630806010928963 0.16310194672131156 0.6872651980874319 0.19832223360655743 0.691534323770492
0 0.11562398801813474 0.31859887737478415 0.0884168555699482 0.30905251511226256 0.08216786755181349 0.3407140544041451 0.10937500000000003 0.3502604166666667
0 0.8367337740384615 0.9969751602564101 0.8356340144230769 0.9705809294871793 0.7903094951923076 0.9739383012820512 0.7914092548076923 1.000332532051282
0 0.5512526939655172 0.5583243534482759 0.5424636314655172 0.5309806034482759 0.5052195581896552 0.5522629310344828 0.5140086206896552 0.5796066810344828
0 0.5283203125000001 0.9401041666666667 0.5058593750000002 0.9101562500000002 0.48730468750000017 0.9348958333333337 0.509765625 0.9648437500000002
0 0.20635465550341295 0.22084755403868034 0.18102402410409554 0.19418373151308307 0.1622260292235495 0.22593145620022753 0.18755666062286688 0.2525952787258248
0 0.7246986040609137 0.3102593591370559 0.6950299413071066 0.2759755710659899 0.6767925126903552 0.3040331535532996 0.7064611754441624 0.3383169416243656
0 0.610961318597561 0.3846608231707318 0.5653439405487805 0.371627286585366 0.5578982469512195 0.41795604674796755 0.603515625 0.4309895833333334
0 0.15362448770491804 0.3887679303278689 0.11047963627049184 0.38353825136612024 0.10673347848360662 0.4384818989071039 0.1498783299180328 0.44371157786885257
0 0.5060709047833936 0.08073386732851998 0.46520335063176893 0.06888819945848382 0.45466211642599286 0.13354110258724433 0.4955296705776175 0.1453867704572805
0 0.1250000000000001 0.9101562499999999 0.07843353186160307 0.8949790307548927 0.07000396813839711 0.9409584692451071 0.11657043627679416 0.9561356884902142
0 0.14794610867834396 0.6248838906581742 0.0958150875796179 0.6044403529723993 0.07482210390127395 0.6996085456475584 0.12695312500000003 0.7200520833333334
0 0.3996660259647534 0.3842912661372714 0.3704505084981889 0.31816001729822607 0.2814633254388409 0.38804949440419806 0.3106788429054054 0.4541807432432433
0 0.34418822826339424 0.5761748993496438 0.3212890625 0.4739583333333334 0.2606018576765252 0.498128129193765 0.28350102343991945 0.6003446952100754