0 0.8828125 0.7044270833333335 0.8710787259615385 0.7001602564102566 0.868689903846154 0.7118389423076924 0.8804236778846155 0.7161057692307693
0 0.2656250000000001 0.8385416666666666 0.2578125000000001 0.8385416666666666 0.2578125000000001 0.87890625 0.2656250000000001 0.87890625
0 0.729296875 0.22994791666666678 0.7093749999999999 0.22109375000000006 0.7035156249999999 0.24453125000000006 0.7234375 0.2533854166666668
0 0.06745312500000003 0.1733125 0.04046875000000001 0.16677083333333334 0.035375000000000004 0.20412499999999997 0.062359375000000015 0.21066666666666664
0 0.974609375 0.7187500000000002 0.953125 0.7187500000000002 0.953125 0.7565104166666669 0.974609375 0.7565104166666669
0 0.5359825721153847 0.7197516025641026 0.5029296875 0.7109375 0.4981971153846154 0.742487980769231 0.5312500000000001 0.7513020833333335
0 0.4546274038461539 0.5225360576923077 0.4298377403846154 0.5159254807692307 0.42375300480769235 0.5564903846153847 0.44854266826923084 0.5631009615384616
0 0.40294005807522126 0.8999469948377583 0.38330510232300885 0.8770395464601771 0.35819966814159293 0.9152954461651919 0.37783462389380534 0.938202894542773
0 0.322265625 0.23828125 0.3125 0.19921875 0.2767578125 0.21510416666666668 0.2865234375 0.25416666666666665
0 0.453279659219457 0.18286906108597306 0.40340868919683254 0.15137160633484179 0.39442077912895923 0.17667090874811478 0.44429174915158365 0.20816836349924606
0 0.2242997332317073 0.15383638211382114 0.22008384146341461 0.10324568089430895 0.18664253048780488 0.10819994918699186 0.19085842225609756 0.15879065040650406
0 0.8115234375 0.17187500000000017 0.7822265625 0.13281250000000017 0.7529296875 0.1718750000000001 0.7822265625 0.2109375000000001
0 0.8017241379310344 0.24402837643678174 0.7577788254310344 0.1919450431034484 0.7330482219827584 0.22904094827586222 0.7769935344827585 0.28112428160919556
0 0.5312499999999999 0.27734375000000006 0.4716796874999999 0.24218750000000003 0.452280547752809 0.3006244147940075 0.511850860252809 0.33578066479400753