0 0.95703125 0.024739583333333513 0.9361439443005184 0.0189105677892921 0.9273548818005184 0.07490015112262544 0.9482421875 0.08072916666666684
0 0.853515625 0.01692708333333339 0.8466192815721648 -0.006980240549828131 0.8330078125 5.921189464667501e-17 0.8399041559278351 0.023907323883161583
0 1 0.09765625000000018 0.9765625 0.09765625000000017 0.9765625 0.17187500000000017 1 0.17187500000000017
0 1.0000000000000002 0.09765625000000017 0.9747884615384615 0.09706650641025656 0.9738088942307691 0.17151362179487195 0.9990204326923078 0.17210336538461551
0 1 0.06380208333333348 0.9910553788716813 0.06300700589970518 0.9900788163716813 0.08253825589970518 0.9990234375 0.08333333333333348
0 1 0.06380208333333348 0.9893701603982299 0.06285720870206504 0.9883935978982299 0.08238845870206504 0.9990234375 0.08333333333333348
0 1.0009711671270722 0.04413415055248618 1.0000000000000004 0.01953125 0.9960020286602213 0.01981180939226519 0.996973195787293 0.04441470994475137
0 0.956461451306914 0.5026985841765038 0.9326204811340641 0.48731731309724585 0.9138467669688028 0.539049325463744 0.9376877371416527 0.554430596543002
0 0.8849299969059405 0.5459854579207923 0.8483814201732672 0.5411123143564358 0.8447072246287128 0.5901015882838286 0.8812558013613861 0.594974731848185
0 0.935546875 0.63671875 0.9298677884615383 0.6089543269230769 0.8885516826923077 0.6239783653846154 0.8942307692307692 0.6517427884615384
0 0.8671875 0.7070312499999999 0.8609375 0.68203125 0.8404296875 0.6911458333333333 0.8466796875 0.7161458333333333
0 0.90625 0.68359375 0.903125 0.6710937499999999 0.8943359375 0.6749999999999999 0.8974609375 0.6875
0 0.7890624999999998 0.8502604166666666 0.7841796874999998 0.8229166666666669 0.7645520386266094 0.8291476663090129 0.7694348511266094 0.8564914163090129
0 0.701171875 0.5208333333333335 0.67578125 0.5208333333333335 0.67578125 0.5651041666666666 0.701171875 0.5651041666666666
0 0.6610618512110726 0.4189599553056517 0.6470588235294118 0.3576133578431373 0.6078881920415224 0.37350868656286046 0.6218912197231834 0.4348552840253749
0 0.6774133133561644 0.2980165525114155 0.6742348030821917 0.2577554223744292 0.6267043022260272 0.2644263698630137 0.6298828124999999 0.3046875
0 0.5772367294520547 0.23781392694063938 0.5298587328767124 0.23116438356164393 0.5260862585616438 0.27894905821917815 0.5734642551369863 0.2855986015981736
0 0.46484375 0.37890625 0.4638671875 0.34895833333333337 0.4347951061320755 0.3506436713836479 0.4357716686320755 0.38059158805031446
0 0.4013671875 0.4192708333333333 0.40005733944954136 0.3616375191131499 0.37066907970183494 0.3628249235474007 0.37197892775229363 0.4204582377675841
0 0.2994864817415731 0.30999824438202256 0.2822265625 0.30468750000000006 0.27863851825842695 0.3254184222846443 0.29589843750000006 0.33072916666666674
0 0.4571538850793127 0.0001213441837409864 0.3984729996282221 -0.0013012227362854641 0.3976519900446134 0.058906146728354335 0.45633287549570395 0.06032871364838078
0 0.24425480769230773 0.17664663461538463 0.2431640625 0.09375 0.20620312500000004 0.09461458333333334 0.20729387019230777 0.17751121794871796
0 0.212890625 0.0013020833333333667 0.18192454572683706 -0.0003494408945686626 0.18117262380191693 0.024714623269435593 0.21213870307507987 0.026366147497337625
0 0.05078125 4.225669293932924e-18 2.09290224463659e-18 7.97296093194893e-20 4.843573766158966e-18 0.059895833333333336 0.05078125 0.05989583333333334
0 0.037109375000000014 0.11588541666666669 0.000976562500000011 0.09635416666666669 -0.013102111433500624 0.14265736093684653 0.023030701066499376 0.16218861093684653
0 0.08584730437571267 0.10814269764348158 0.060943290336374 0.08632203772329915 0.034666298460661354 0.13963767341315092 0.05957031250000002 0.16145833333333337
0 0.16796875 0.1158854166666667 0.16639122596153846 0.10536858974358974 0.1416015625 0.11197916666666667 0.14317908653846154 0.12249599358974361
0 0.10315441297886396 0.24325565554821674 0.05371351758586529 0.21123678996036993 0.021848167107001337 0.29871030107881985 0.07128906250000001 0.3307291666666667
0 0.13098242711126012 0.3621153094280608 0.034656187164879414 0.31216837019660404 0.0069092451407507085 0.4073007428507596 0.1032354850871314 0.4572476820822163
0 0.12232592281879195 0.5227646112975392 0.08771497483221477 0.4605652265100671 0.05581611786912748 0.4921210850111857 0.09042706585570466 0.5543204697986577
0 0.010228488869863018 0.627340182648402 0.009211793664383558 0.5907391552511415 -0.0009738869863013727 0.5912421518264839 0.00004280821917808653 0.6278431792237443
0 0.05664062500000007 0.6848958333333334 0.028320312500000066 0.6848958333333334 0.028320312500000066 0.7473958333333334 0.05664062500000007 0.7473958333333334
0 0.6093841609990618 0.6153748436522828 0.5947265624999999 0.5989583333333334 0.571179130511257 0.6363352095059411 0.5858367290103189 0.6527517198248906
0 0.5012644619245837 0.6467987369409076 0.4725873836924584 0.5642892486940909 0.4295679404382958 0.590870368103167 0.45824501867042117 0.6733798563499838
0 0.4418883816120907 0.7589801112510496 0.4344497795969772 0.7275726805205708 0.3725229258501259 0.7536471452560872 0.3799615278652393 0.7850545759865659
0 0.259765625 0.6705729166666666 0.2353515625 0.6197916666666666 0.19875640726933833 0.6510695771202236 0.22317046976933833 0.7018508271202236
0 0.26648518458549225 0.6150353518998274 0.2509765625 0.5364583333333334 0.20838730569948188 0.5514019322107082 0.22389592778497408 0.6299789507772022
0 0.2578125000000001 0.7903645833333334 0.23632812500000008 0.7903645833333334 0.23632812500000008 0.84375 0.2578125000000001 0.84375
0 0.3653395432692308 0.7931490384615384 0.35177283653846153 0.7698918269230769 0.33311298076923074 0.7892427884615384 0.3466796875 0.8125
0 0.5087890625000001 0.8307291666666666 0.4888257051991151 0.8289546460176992 0.48784050055309747 0.8486587389380531 0.5078038578539824 0.8504332595870207
0 0.4769665948275862 0.9284303160919539 0.46430495689655177 0.886224856321839 0.45016163793103453 0.8937679597701149 0.46282327586206895 0.93597341954023