0 0.4794921875 0.045572916666666755 0.4435546875 0.021614583333333423 0.4259765625 0.06848958333333342 0.4619140625 0.09244791666666675
0 0.12083872412420382 0.19181263269639065 0.11303244426751594 0.15642416401273884 0.06132439291401274 0.17670183121019106 0.06913067277070065 0.2120902998938429
0 0.39431027600364954 0.5538701338199512 0.3818359375 0.5182291666666666 0.35318059990875905 0.5360591545012166 0.3656549384124087 0.5717001216545011
0 0.5411911867977528 0.42042661516853935 0.5103800912921349 0.4109462780898877 0.5030723314606742 0.4531688904494383 0.5338834269662922 0.46264922752808996
0 0.6523437499999999 0.52734375 0.6332959847740668 0.48700730599214154 0.6110211505402751 0.5057071668303865 0.6300689157662082 0.5460436108382449
0 0.7834284855769231 0.4324919871794873 0.7274038461538461 0.4121193910256411 0.7220402644230769 0.43834134615384623 0.7780649038461539 0.45871394230769236
0 0.876953125 0.5117187500000003 0.8427460328507795 0.45276018466963647 0.7909882203507795 0.5061456013363032 0.8251953125 0.5651041666666671
0 0.836449535472973 0.8026745495495498 0.8132970861486488 0.7863316441441444 0.8050306165540541 0.8071509009009011 0.8281830658783782 0.8234938063063065
0 0.943359375 0.9986979166666666 0.9425279529816514 0.9621153478593273 0.9072265625 0.9635416666666667 0.9080579845183486 1.0001242354740063
0 0.122391588828987 0.8241756519558675 0.0966796875 0.7734374999999999 0.06384485487713136 0.8030184302908725 0.08955675620611836 0.8537565822467402
0 0.2070409189356436 0.898308580858086 0.19120320235148522 0.8724989686468648 0.18301361386138618 0.8814330651815183 0.19885133044554454 0.9072426773927394
0 0.349609375 0.9257812500000001 0.3271484375 0.9140625000000001 0.3206358862704919 0.9362534153005465 0.3430968237704919 0.9479721653005465
0 0.19531250000000003 0.9960937500000001 0.19042968750000003 0.9817708333333335 0.17718589469178087 0.989797374429224 0.18206870719178087 1.0041202910958906