0 0.6953124999999998 0.12890625000000006 0.6841558619430239 0.09850845355490634 0.6377209927410518 0.12880638239590952 0.6488776307980277 0.15920417884100324
0 0.18651440285954582 0.09418037741799833 0.1591796875 0.02604166666666668 0.11471529383936079 0.05775270710681246 0.14205000919890662 0.12589141785814412
0 0.44386288331600837 0.04038623960498969 0.4130859375000001 0.039062500000000076 0.41258242918399174 0.05987417706167714 0.443359375 0.06119791666666675
0 0.35053066037735847 0.2613256682389937 0.3474167158018868 0.16583136792452832 0.31368293042452833 0.1677869496855346 0.316796875 0.26328125
0 0.08735123190423165 0.3437413001113586 0.07043864838530069 0.3328838390868597 0.056329603981069065 0.3719550389755011 0.07324218750000003 0.3828125
0 0.11999189268867924 0.3155611242138365 0.08567585495283021 0.3069821147798742 0.08204967570754719 0.3327682783018868 0.11636571344339623 0.3413472877358491
0 0.06527578271575986 0.46679076766729205 0.04779659650562852 0.4217333098811757 0.0077337154080675315 0.44936288305190736 0.02521290161819887 0.4944203408380237
0 0.05078125 0.5247395833333333 0.04751345562390158 0.5041991615407146 0.015060344354130051 0.5133778192735793 0.018328138730228472 0.533918241066198
0 0.09765625000000004 0.5078125 0.07226562500000004 0.5078125 0.07226562500000004 0.5651041666666666 0.09765625000000004 0.5651041666666666
0 0.020464939024390328 0.6802146849593497 0.007974466463414709 0.6740790142276424 0.00020483993902447039 0.7021976626016259 0.012695312500000088 0.7083333333333334
0 0.17873470778397574 0.8081368323191346 0.14348733836206903 0.8005567528735633 0.1395652415060853 0.8329794202163625 0.174812610927992 0.8405594996619338
0 0.13671875000000008 0.44921875000000006 0.12597656250000008 0.4453125000000001 0.12354266826923084 0.45721153846153856 0.13428485576923083 0.4611177884615385
0 0.3075502996575343 0.6017587043378997 0.28577161815068497 0.5885595034246577 0.2760728809931508 0.6170091324200915 0.2978515625000001 0.6302083333333335
0 0.3400663860103627 0.6282990608808291 0.3198773477979275 0.6212151878238342 0.312464580634715 0.6587732081174439 0.3326536188471502 0.6658570811744388
0 0.2668610873287672 0.8578446061643835 0.23327001284246585 0.8561857876712329 0.23203392551369872 0.9006849315068494 0.26562500000000006 0.9023437500000001
0 0.16015625000000003 0.9960937500000001 0.15958563458070335 0.9841742279080253 0.11368719708070336 0.9880804779080253 0.11425781250000003 1.0000000000000002
0 0.3132890625 0.9571041666666668 0.30063281249999996 0.9327291666666666 0.27991406249999995 0.9518541666666667 0.2925703125 0.9762291666666667
0 0.49991945876288657 0.8999812070446737 0.48844233247422675 0.8601938359106531 0.41213957796391754 0.8993234536082475 0.4236167042525773 0.9391108247422681
0 0.45713682432432445 0.9565737612612614 0.40882601351351366 0.9367539414414415 0.3986486486486488 0.9808558558558559 0.44695945945945964 1.0006756756756758
0 0.6835937500000001 0.9414062500000002 0.6643909207962138 0.9290785077951005 0.6510452916202673 0.9660356347438753 0.6702481208240536 0.9783633769487751
0 0.6875 0.79296875 0.6787109375 0.7604166666666666 0.6406720299220963 0.7786753423040604 0.6494610924220963 0.8112274256373938
0 0.7542509191176473 0.6177236519607844 0.7160156250000002 0.6138020833333334 0.7142348345588236 0.644669117647059 0.7524701286764708 0.64859068627451
0 0.728515625 0.5091145833333335 0.7151446368243243 0.4996762387387389 0.7047877956081081 0.5257601351351352 0.7181587837837838 0.5351984797297298
0 0.5625302029639175 0.4696359536082475 0.5482341333762887 0.42007624570446744 0.5178700869845361 0.4356475515463919 0.5321661565721649 0.4852072594501719
0 0.43306828997461927 0.40295182952622677 0.4062995717005077 0.3720190884094755 0.38045784422588835 0.41177559221658216 0.4072265625 0.44270833333333337
0 0.5769743966584158 0.3870023721122112 0.5716758199257426 0.31635468234323444 0.5029296875 0.32552083333333337 0.5082282642326732 0.3961685231023102
0 0.491015625 0.2794270833333334 0.4775390625 0.27343750000000006 0.4736328125 0.2890625000000001 0.487109375 0.29505208333333344
0 0.6599880105198022 0.2878609735973596 0.6454072555693072 0.2444925742574257 0.5971225247524753 0.2733524133663367 0.6117032797029703 0.3167208127062706
0 0.736328125 0.18098958333333334 0.7223195043103449 0.16518498563218387 0.6900929418103449 0.21596623563218392 0.7041015625 0.2317708333333334
0 0.97265625 0.43098958333333354 0.9248046875 0.36718750000000017 0.8916015625 0.4114583333333334 0.939453125 0.4752604166666668
0 0.4259314903846154 0.6786858974358975 0.4100060096153847 0.6468349358974359 0.38927283653846156 0.6652644230769231 0.40519831730769235 0.6971153846153847
0 0.6295159819162437 0.623360829103215 0.5992524587563451 0.5883896467851101 0.5724440831218274 0.629633301607445 0.602707606281726 0.6646044839255499
0 0.755859375 0.9440104166666666 0.751953125 0.9283854166666666 0.7373046875 0.9348958333333334 0.7412109374999999 0.9505208333333334