0 0.7528545673076924 0.012520032051282055 0.7504507211538463 -0.003505608974358972 0.7373046875000001 0 0.7397085336538463 0.016025641025641028
0 0.503125 0.020052083333333363 0.5005859375 -0.0036458333333333334 0.4623046874999999 0.003645833333333348 0.4648437499999999 0.027343750000000045
0 0.35156250000000006 0.15234375 0.3313761753318584 0.10642975663716818 0.30305586283185837 0.12856517330383485 0.3232421875 0.17447916666666666
0 0.38500293816297015 0.17114297050787536 0.37004373342574737 0.16804032063645138 0.3629704827627772 0.22866818346190942 0.3779296875 0.23177083333333343
0 0.46384420955882344 0.2433517156862746 0.4453929227941176 0.22769607843137266 0.4150735294117647 0.29122242647058827 0.43352481617647054 0.3068780637254902
0 0.5135079265510948 0.2359527068126521 0.502430713959854 0.20430352798053528 0.4833984375 0.2161458333333333 0.49447565009124084 0.24779501216545008
0 0.32597469730559336 0.3069346151659846 0.29589843749999994 0.26041666666666674 0.24853049326398358 0.31486257958162805 0.278606753069577 0.3613805280809459
0 0.1887842465753425 0.2871182933789955 0.17480468750000006 0.2786458333333334 0.1702563142123288 0.29198772831050235 0.18423587328767127 0.30046018835616445
0 0.3847656250000001 0.3450520833333334 0.3609317215236687 0.3427268244575938 0.3579292252218936 0.3974389792899409 0.38176312869822493 0.3997642381656805
0 0.810546875 0.28255208333333326 0.8018927693138197 0.24280730166346765 0.7587197096928981 0.2595194537747921 0.7673738153790787 0.2992642354446577
0 0.49609375 0.5794270833333335 0.487398330479452 0.5539205194063929 0.455171767979452 0.5734517694063929 0.4638671875 0.5989583333333335
0 0.10742187500000004 0.546875 0.06835937500000004 0.546875 0.06835937500000006 0.6119791666666666 0.10742187500000004 0.6119791666666666
0 0.08984375000000007 0.7760416666666666 0.06738281250000007 0.7760416666666666 0.06738281250000007 0.7994791666666666 0.08984375000000007 0.7994791666666666
0 0.5494140625000001 0.9026041666666667 0.5303578969594595 0.8985923423423423 0.5265413851351352 0.9308206644144144 0.5455975506756758 0.9348324887387387
0 0.62540625 0.7386562500000001 0.6123046875000001 0.7265625000000001 0.6050625000000001 0.7405104166666667 0.6181640625000001 0.7526041666666667
0 0.87109375 0.8502604166666666 0.8671772023286468 0.8256421170181604 0.8335347100175747 0.8351571653485647 0.837451257688928 0.8597754649970708
0 1.0026415215163933 0.7776639344262296 0.9892578125 0.7760416666666667 0.9862961065573771 0.8194800204918035 0.9996798155737704 0.8211022882513662