0 0.86328125 0.019531250000000118 0.849461570945946 0.009776182432432575 0.8399123733108107 0.03382601351351363 0.8537320523648647 0.04358108108108117
0 0.884765625 0.2018229166666668 0.86328125 0.17317708333333334 0.84765625 0.19401041666666666 0.869140625 0.2226562500000001
0 0.9356048886138613 0.14270059818481862 0.9196511448019802 0.12529651402640277 0.9049446936881187 0.14926258250825092 0.9208984374999998 0.1666666666666668
0 0.603515625 0.26953125000000006 0.5884024784482759 0.26834590517241386 0.5874259159482759 0.29048132183908054 0.6025390625 0.29166666666666674
0 0.6330355211937717 0.2373981761822376 0.6272876567906576 0.21221705594002313 0.5982982807093425 0.22398086072664367 0.6040461451124568 0.24916198096885814
0 0.7421875000000001 0.4049479166666668 0.737118083200637 0.3819665605095542 0.720516520700637 0.3884769771762208 0.7255859375000001 0.4114583333333334
0 0.6079611449115044 0.3936416851032449 0.5936255530973452 0.3480618547197641 0.5612624446902655 0.3661573561946903 0.5755980365044249 0.4117371865781711
0 0.5614681603773585 0.34856525157232715 0.4980100235849057 0.3243907232704404 0.48688089622641517 0.3763266509433964 0.550339033018868 0.4005011792452831
0 0.5104593211206897 0.23297413793103455 0.46683728448275863 0.229552801724138 0.46321390086206893 0.31168283045977024 0.5068359375 0.3151041666666668
0 0.5234375 0.18880208333333337 0.5135667067307692 0.17856570512820513 0.49263822115384615 0.21444310897435898 0.502509014423077 0.2246794871794872
0 0.470703125 0.11848958333333341 0.44959324827981656 0.1176366590214068 0.44861668577981656 0.1606054090214068 0.4697265625 0.16145833333333343
0 0.39897410942832756 0.1482153014789534 0.340730322098976 0.04984801621160413 0.2778470296501706 0.11604095563139932 0.33609081697952214 0.2144082408987486
0 0.41499032809500963 0.2633757197696737 0.4052734375 0.21874999999999997 0.36564486864203455 0.23409009117082533 0.3753617592370442 0.2787158109404991
0 0.4316406250000001 0.34765625 0.4169921875 0.30208333333333326 0.38894127155172414 0.31811242816091945 0.4035897090517242 0.36368534482758624
0 0.2265625 0.29817708333333337 0.2179754849137931 0.27146192528735635 0.1974676724137931 0.28318067528735635 0.2060546875 0.30989583333333337
0 0.18359375 0.29296875 0.12524987230683507 0.21244737493808816 0.08422438010772658 0.26529377166914314 0.1425682578008915 0.34581514673105496
0 0.027727640086206894 0.26260775862068964 0.025195312500000004 0.20520833333333333 0.0038995150862068994 0.20687859195402297 0.006431842672413791 0.2642780172413793
0 0.3833984375 0.7458333333333333 0.3771484375 0.7208333333333334 0.3548828125 0.7307291666666668 0.3611328125 0.7557291666666667
0 0.44060103869472184 0.7191567849500714 0.4097661822396576 0.6913059468616264 0.38504563792796 0.739962256300523 0.4158804943830242 0.7678130943889682
0 0.24111264018052525 0.9023807895696573 0.22480169584245074 0.8703985457695114 0.19023736665754926 0.9017368708971554 0.2065483109956237 0.9337191146973015
0 1 0.6549479166666667 0.9668064106476164 0.6541977790541835 0.9658298481476164 0.7310206957208503 0.9990234375 0.7317708333333335
0 0.9239414278314918 0.9593692449355433 0.9008762085635361 0.9577506330570903 0.899775552486188 0.9856339203499079 0.9228407717541437 0.987252532228361