0 0.37377204517326734 0.037012685643564365 0.3708230198019802 -0.002307652640264024 0.32035117574257427 0.004421926567656757 0.32330020111386143 0.04374226485148514
0 0.19921875000000006 0.022135416666666727 0.15643840778295423 -0.005273633758107217 0.12030559528295423 0.09498678290855943 0.16308593750000003 0.12239583333333338
0 0.11584410691624365 0.07388166243654824 0.08914974619289338 0.04303484560067684 0.0635013483502538 0.08249391920473775 0.09019570907360407 0.11334073604060917
0 0.107421875 0.2018229166666667 0.07274164099761526 0.1602850092739799 0.017840508247217814 0.2417734830418654 0.05252074224960255 0.2833113904345523
0 0.029528837589073636 0.3045421367775139 0.028489645190023755 0.2643600306809184 -0.0009742428741092643 0.26571469220110844 0.00006494952494061762 0.3058967982977039
0 0.17476562499999998 0.31994791666666667 0.1689453125 0.265625 0.12109375 0.2747395833333333 0.12691406249999998 0.3290625
0 0.260323397737983 0.31011796065033 0.22458636457351555 0.2857121819038644 0.1960184598845429 0.3600794258561107 0.23175549304901039 0.3844852046025763
0 0.35546875 0.18619791666666669 0.3464458969763092 0.172901080631754 0.3247106842269326 0.19912133728179557 0.33373353725062344 0.21241817331670826
0 0.25833834134615385 0.4170673076923077 0.12086838942307696 0.38040865384615385 0.0988581730769231 0.5271434294871794 0.23632812500000006 0.5638020833333334
0 0.1953125 0.5872395833333334 0.19191298911529892 0.5483539500556999 0.027094333108986256 0.5739699374922638 0.03049384399368734 0.6128555707698973
0 0.130859375 0.5611979166666667 0.12076322115384616 0.5118389423076924 0.06738281250000001 0.5312500000000001 0.07747896634615384 0.5806089743589744
0 0.0234375 0.7486979166666667 0.014217894616788306 0.7389484489051096 -0.008243042883211694 0.7767088655717761 0.0009765625 0.7864583333333334
0 0.2124052329881657 0.9671782544378698 0.20594720784023668 0.8423231015779091 0.14545233912721892 0.8478858481262326 0.1519103642751479 0.9727410009861932
0 0.29296875 0.9752604166666666 0.290306474191647 0.8841514223363646 0.20953926248315935 0.8883471216458965 0.21220153829151228 0.9794561159761985
0 0.32079170539033464 0.9651535393432467 0.2974957888011154 0.9611020755885998 0.2940868959107808 0.9959485362453534 0.31738281250000006 1.0000000000000002
0 0.4919654323630137 0.8363798515981735 0.39111194349315076 0.7275221175799087 0.3385327482876713 0.814123144977169 0.43938623715753433 0.9229808789954338
0 0.5498046875000001 0.9817708333333336 0.5322265625 0.9583333333333335 0.5205078125 0.9739583333333334 0.5380859375 0.9973958333333336
0 0.701171875 0.8632812499999998 0.6910101172722344 0.8196233279103399 0.6631198312093275 0.8311641359363703 0.6732815889370931 0.8748220580260302
0 0.5745703124999999 0.6113541666666668 0.56078125 0.48265625000000006 0.46781249999999996 0.5003645833333334 0.48160156249999997 0.6290625000000001
0 0.63671875 0.3932291666666668 0.61328125 0.3932291666666668 0.61328125 0.4322916666666668 0.63671875 0.4322916666666668
0 0.6891217157643311 0.18142947186836522 0.6141816779458598 0.0475743099787687 0.5442451234076433 0.11718252388535036 0.6191851612261147 0.2510376857749469
0 0.60546875 0.1861979166666668 0.576171875 0.1471354166666668 0.5498046875 0.18229166666666685 0.5791015625 0.22135416666666685
0 0.6868009592828418 0.14004552055406622 0.6676781375670241 0.08209757596067924 0.6363914837466489 0.10045241286863274 0.6555143054624665 0.15840035746201972
0 0.7585495283018868 0.30775845125786155 0.6996793926886793 0.16647012578616346 0.6321860259433963 0.2164652122641509 0.6910561615566039 0.357753537735849
0 0.7688061628218884 0.38661257153075834 0.7158203125 0.3697916666666668 0.7106860246781116 0.3985436784692419 0.763671875 0.4153645833333334
0 0.62890625 0.5533854166666666 0.6152456647398844 0.5285479889210021 0.6005972272398844 0.5428709055876688 0.6142578125 0.5677083333333334
0 0.8292647839943343 0.7344008203493863 0.8050139429886688 0.6445828906987724 0.6978825469192634 0.6960059608120869 0.7221333879249292 0.7858238904627008
0 0.999628586065574 0.7791453210382517 0.9495357325819673 0.7377988387978145 0.9051229508196723 0.8334571379781422 0.955215804303279 0.8748036202185795
0 0.931640625 0.9986979166666666 0.9313178136147442 0.9810508942726912 0.8904694002675386 0.9823792979587792 0.8907922116527944 1.0000263203527546
0 0.994485294117647 0.785922181372549 0.9921874999999998 0.74609375 0.9696346507352942 0.7484068627450979 0.9719324448529413 0.788235294117647
0 0.9882812499999998 0.6731770833333335 0.9744729971945137 0.656519508520366 0.9559183096945137 0.683863258520366 0.9697265624999998 0.7005208333333335
0 0.989251757639504 0.5560437887511074 0.936695568534101 0.4614426483613819 0.9124069281443756 0.4854314289932094 0.9649631172497786 0.5800325693829348
0 0.9550933573440205 0.4370125649913346 0.9178401213171575 0.3830223678509533 0.8803093181325821 0.4290601530906991 0.9175625541594451 0.48305035023108045
0 0.8746544471153845 0.34423076923076934 0.862530048076923 0.28495592948717957 0.8331129807692307 0.2956530448717949 0.8452373798076922 0.35492788461538466
0 0.8461899038461539 0.24735977564102576 0.8085667067307692 0.20247596153846156 0.7840985576923076 0.23893830128205143 0.8217217548076924 0.2838221153846156
0 0.830078125 0.07421875000000024 0.7828077134389984 0.05269726180962545 0.7518438665423547 0.17360371159651936 0.7991142781033564 0.19512519978689413
0 0.8676162347560975 0.003969766260162751 0.8093083079268293 -0.004668445121951074 0.8059498856707318 0.035632621951219655 0.8642578125 0.04427083333333348
0 0.893831219059406 0.10498917079207928 0.8780437809405941 0.058031662541254116 0.8378345451732674 0.08206476897689766 0.8536219832920793 0.12902227722772283
0 1.0038476196060038 0.026444750625390985 0.9765478424015008 -0.004130999843652105 0.950114695708255 0.03782637585991265 0.977414472912758 0.06840212632895575
0 0.9990234375 0.04166666666666683 0.970703125 0.04166666666666683 0.970703125 0.16406250000000017 0.9990234375 0.16406250000000017
0 1.0183863146551724 0.29027478448275873 0.9991918103448276 0.23055854885057472 0.9310681573275861 0.2694863505747127 0.9502626616379309 0.3292025862068967
0 0.9673480043316832 0.2153078589108913 0.9414352568069309 0.21185282590759097 0.9374903310643565 0.264451835808581 0.963403078589109 0.2679068688118813
0 0.982421875 0.18098958333333334 0.9795377266839378 0.16637656519861838 0.9609830391839378 0.17288698186528506 0.9638671875 0.1875