0 0.8195070876288659 0.025853737113402116 0.7660478414948454 -0.005825816151202663 0.7462346971649485 0.053613616838488136 0.7996939432989689 0.08529317010309292
0 0.5859375000000002 0.01692708333333345 0.5626214378238343 -0.0012076316925733485 0.5489495628238343 0.03004236830742665 0.5722656250000002 0.048177083333333454
0 0.1628220016891892 0.4265906531531531 0.15914801520270272 0.3955658783783784 0.126953125 0.40234375000000006 0.13062711148648648 0.4333685247747747
0 0.10475094546178347 0.2961186305732485 0.08537768710191085 0.27206906847133766 0.04769108280254778 0.32604000796178345 0.06706434116242041 0.35008957006369434
0 0.21255387931034483 0.36085668103448276 0.19308997844827586 0.2959770114942529 0.14527209051724138 0.3214798850574712 0.16473599137931036 0.3863595545977011
0 0.28508112980769224 0.1489383012820513 0.2369579789201183 0.12220321745562131 0.21361293454142008 0.19690735946745563 0.261736085428994 0.22364244329388563
0 0.107421875 0.18359375000000003 0.00025987970249118173 0.18228289990461766 -0.0002107310427537234 0.2506783282135443 0.1069512642547551 0.2519891783089267
0 0.1062833460365854 0.6639227642276424 0.03275057164634154 0.6004827235772358 -0.012261814024390149 0.6932355182926829 0.06127096036585371 0.7566755589430895
0 0.0697265625 0.8687499999999999 0.0537109375 0.8046875 0.0203125 0.81953125 0.036328125 0.8835937499999998
0 0.25408135775862073 0.826885775862069 0.19146686422413797 0.7526760057471265 0.13290005387931045 0.8405262212643677 0.1955145474137932 0.9147359913793103
0 0.18164062500000006 0.71875 0.15039062500000006 0.71875 0.15039062500000008 0.7903645833333334 0.18164062500000008 0.7903645833333334
0 0.24821868454874335 0.5385745906321401 0.14606489194592537 0.4968791650799696 0.1245775418888043 0.5904685119954303 0.22673133449162228 0.6321639375476008
0 0.3606418918918919 0.4411247184684685 0.2749894425675676 0.4230926238738739 0.2674989442567568 0.48634572072072074 0.3531513935810811 0.5043778153153153
0 0.3183593749999999 0.3763020833333333 0.29575560164944353 0.34092226417594074 0.2652384116653418 0.3755837639109699 0.2878421850158982 0.4109635830683625
0 0.3368566176470588 0.428079044117647 0.3264590992647059 0.3726256127450981 0.3039407169117647 0.3801317401960785 0.31433823529411764 0.4355851715686274
0 0.3827064479638009 0.8006457390648568 0.3705767463235294 0.7553615196078433 0.326839119061086 0.7761889611613877 0.3389688207013575 0.8214731806184012
0 0.44306297424121405 0.9237137247071352 0.4393033646166134 0.798393403887114 0.3471071285942492 0.8033105364749733 0.3508667382188498 0.9286308572949946
0 0.5615602889150942 0.838713639937107 0.5484780365566037 0.7776631289308178 0.4874705188679244 0.8009040880503145 0.5005527712264151 0.8619545990566039
0 0.5417786996861154 0.7652134108813391 0.5149484744276219 0.7265778865091088 0.4798960833641064 0.7698524433776465 0.5067263086225997 0.8084879677498767
0 0.5172555905963302 0.7264310970948011 0.5080364822247706 0.6854572821100917 0.47148258314220187 0.7000788417431193 0.48070169151376146 0.7410526567278287
0 0.5657681002475248 0.6542517533003303 0.5088664139851485 0.5921771864686469 0.4784962871287129 0.641669245049505 0.5353979733910891 0.7037438118811882
0 0.5137367090248962 0.6175116701244813 0.49846829616182575 0.5411696058091285 0.4144677126556016 0.5710364799446749 0.4297361255186722 0.6473785442600276
0 0.43443923028523496 0.5454505732662193 0.40120988884228187 0.5144365212527965 0.36212117239932884 0.5888912192393737 0.39535051384228187 0.6199052712527966
0 0.5101697198275863 0.5338092672413793 0.49097521551724144 0.4740930316091954 0.44807381465517243 0.498608117816092 0.46726831896551724 0.5583243534482759
0 0.44476149244332486 0.3678992180940387 0.42028593356423166 0.3509294972712007 0.38766825409319894 0.43456457283795136 0.4121438129722922 0.4515342936607894
0 0.3916015625 0.3802083333333333 0.35644531250000006 0.33333333333333337 0.3408203125 0.3541666666666668 0.37597656249999994 0.4010416666666667
0 0.39825358504641906 0.27758206233421756 0.39550781249999994 0.2578125 0.369140625 0.26432291666666663 0.3718863975464191 0.2840924790008842
0 0.490234375 0.26171875000000006 0.4752541686660269 0.19292076535508637 0.39657809500959695 0.2233760196737044 0.4115583013435701 0.2921740043186181
0 0.5124528556034482 0.19664152298850582 0.49266567887931034 0.17431752873563228 0.4827384159482758 0.18996048850574723 0.5025255926724137 0.2122844827586208
0 0.4996875 0.15526041666666676 0.475078125 0.15057291666666675 0.4721875000000001 0.17755208333333344 0.4967968750000001 0.18223958333333343
0 0.6966258081896551 0.14304956896551732 0.6287378771551724 0.10425646551724146 0.5922683189655171 0.21771731321839086 0.6601562499999999 0.25651041666666674
0 0.654296875 0.1835937500000001 0.6298828125 0.1510416666666668 0.5986328125 0.19270833333333345 0.623046875 0.2252604166666668
0 0.7606351669520549 0.26958476027397277 0.7406223244863014 0.2574557648401828 0.728515625 0.2929687500000001 0.7485284674657535 0.30509774543379015
0 0.7606351669520549 0.26958476027397277 0.7406223244863014 0.2574557648401828 0.728515625 0.2929687500000001 0.7485284674657535 0.30509774543379015
0 0.6412109375 0.44375 0.6357421875 0.421875 0.608203125 0.43411458333333336 0.6136718749999999 0.45598958333333334
0 0.672918911637931 0.6521192528735633 0.6240234375 0.6145833333333335 0.6066716056034482 0.6547665229885058 0.6555670797413793 0.6923024425287356
0 0.7326811990992103 0.9986323626192826 0.7321721912018756 0.9680918887792037 0.6831946415350444 0.9695430754359987 0.6837036494323792 1.0000835492760776
0 0.865234375 0.8710937500000002 0.8046406186432058 0.799036310008137 0.7737775884865744 0.8451749813534041 0.8343713448433686 0.9172324213452673
0 0.8666860219594594 0.8683840090090093 0.7974028716216217 0.8024000563063065 0.7756281672297298 0.8430461711711714 0.8449113175675675 0.9090301238738742
0 0.87109375 0.7929687500000001 0.841796875 0.75390625 0.7929687499999999 0.8190104166666667 0.822265625 0.8580729166666669
0 0.861328125 0.6940104166666671 0.7978515624999999 0.6536458333333337 0.7686522307655225 0.7352783736662813 0.8321287932655226 0.7756429569996147
0 0.8673828125 0.44479166666666653 0.8369140625 0.3229166666666667 0.810546875 0.3346354166666667 0.841015625 0.45651041666666653
0 0.8203125 0.2942708333333334 0.763671875 0.2942708333333334 0.763671875 0.3841145833333334 0.8203125 0.3841145833333334
0 0.7813974056603775 0.4237912735849059 0.7197449882075472 0.4003046383647801 0.7051149764150944 0.46857802672955995 0.7667673938679247 0.4920646619496857
0 0.8866436298076923 0.2830528846153848 0.8453275240384613 0.2720352564102565 0.8385667067307689 0.3171073717948719 0.8798828125 0.3281250000000001
0 0.9990234375 0.34375000000000017 0.9263168203796562 0.3388207378223497 0.9233871328796562 0.41564365448901636 0.99609375 0.42057291666666685
0 0.886861661585366 0.9735454776422766 0.8634956173780489 0.9700838414634149 0.8613281250000002 0.9960937500000002 0.8846941692073171 0.999555386178862