0 0.9865004595588236 0.17670036764705876 0.9796070772058825 0.13993566176470587 0.9276769301470591 0.15724571078431365 0.9345703125000002 0.19401041666666655
0 1 0.23046875000000017 0.9886315135095012 0.22994606096595424 0.9876549510095012 0.26770647763262095 0.9990234375 0.26822916666666685
0 0.4629032290591121 0.14196539967303384 0.4382244813177595 0.066942006539322 0.3934805756324213 0.09310803325589403 0.4181593233737739 0.1681314263896059
0 0.24148720854922284 0.12410810664939552 0.19335937500000003 0.11067708333333336 0.19015341645077724 0.13110022668393786 0.23828125 0.14453125000000003
0 0.10632812500000004 0.33182291666666663 0.09238281250000005 0.32916666666666666 0.08859375000000005 0.36453125 0.10253906250000004 0.3671875
0 0.13671875 0.34505208333333337 0.13229132933937823 0.3226198186528498 0.1071992389896373 0.33142406088082904 0.11162665965025909 0.35385632556131263
0 0.18457031249999997 0.3567708333333333 0.16464843750000002 0.34791666666666665 0.16074218750000002 0.36354166666666665 0.18066406249999997 0.3723958333333333
0 0.7252147973574823 0.07424658551068894 0.6962890625 0.07291666666666677 0.6956836401425178 0.09632633115597794 0.7246093750000001 0.09765625000000012
0 0.6360713052486189 0.30000431629834257 0.6323053349447514 0.20459973526703504 0.5963235928867404 0.20712476979742178 0.6000895631906078 0.30252935082872934
0 0.7773437500000001 0.32421875000000017 0.763671875 0.31901041666666685 0.7611291273584906 0.33087657232704415 0.7748010023584906 0.33608490566037746
0 0.951657255569307 0.32886757425742574 0.9365234375000002 0.28385416666666674 0.8875096689356438 0.3131497524752475 0.9026434870049508 0.35816316006600657
0 0.8709624954346239 0.4032882121986854 0.7919921875000001 0.36718750000000017 0.7762416396548576 0.4284396305088874 0.8552119475894815 0.4645403427075726
0 0.7162499999999999 0.4363020833333335 0.6882531249999999 0.4158312500000001 0.6663390625 0.4691125000000001 0.6943359375 0.4895833333333334
0 0.850153411548443 0.5141021482122261 0.8394382569204153 0.4671595660322953 0.8101380028114187 0.4790495242214533 0.8208531574394465 0.525992106401384
0 0.9261653478470437 0.6591554198800346 0.8872434326799485 0.6286284275921169 0.864398397332905 0.6804105077120826 0.9033203125000002 0.7109375000000002
0 0.6308452730144405 0.7085072578219014 0.6247109092960288 0.6708831603489771 0.5983578237815884 0.6785217358604091 0.6044921875 0.7161458333333334
0 0.71875 0.7018229166666666 0.693359375 0.7018229166666666 0.693359375 0.7421875 0.71875 0.7421875
0 0.5961476293103448 0.6646641522988508 0.5760102370689655 0.6419450431034484 0.564453125 0.6601562500000001 0.5845905172413793 0.6828753591954025
0 0.4905731471238939 0.8554733591445429 0.4716796875000001 0.8125000000000001 0.4484219441371682 0.8306784660766963 0.46731540376106206 0.8736518252212391
0 0.5639696465163935 0.9311902322404374 0.5318615522540984 0.9144381830601095 0.5214875768442624 0.9497865437158471 0.5535956711065575 0.9665385928961749
0 0.7519531249999999 0.9778645833333334 0.7451171874999998 0.9505208333333331 0.7099609374999998 0.9661458333333331 0.7167968749999999 0.9934895833333334
0 0.791015625 0.9466145833333336 0.7785251524390244 0.9183752540650407 0.7404392149390244 0.9483231707317075 0.7529296875 0.9765625000000002
0 0.986328125 0.8450520833333334 0.9815641639198784 0.805670005070994 0.9380883145283978 0.8150196501014199 0.9428522756085194 0.8544017283637594
0 0.984375 0.9986979166666666 0.9838227370689655 0.9861799568965516 0.9672211745689655 0.987482040229885 0.9677734375 1
0 0.3698082481568365 0.39440208891867745 0.34742323642761397 0.38126954870420016 0.3340603007707775 0.42176329311885613 0.3564453125000001 0.4348958333333334
0 0.4014280225409836 0.3652151639344262 0.36539446721311475 0.35391051912568305 0.36091188524590156 0.37931181693989074 0.39694544057377046 0.39061646174863396
0 0.3487128586065573 0.506382342896175 0.32309810450819665 0.4640326161202186 0.28713646752837324 0.5027010429802438 0.3127512216267339 0.5450507697562001
0 0.333984375 0.5768229166666665 0.3299061423238897 0.5556765250127615 0.29305698459035223 0.5683105219499744 0.2971352172664624 0.5894569136038794
0 0.3829554115853659 0.617600355691057 0.37809641768292684 0.5592924288617884 0.35258669969512196 0.5630716463414632 0.357445693597561 0.6213795731707318
0 0.420390625 0.4969270833333334 0.4078125 0.49453125000000003 0.40625 0.5091145833333334 0.418828125 0.5115104166666666
0 0.3007812500000001 0.734375 0.2880859375000001 0.734375 0.2880859375000001 0.7682291666666666 0.3007812500000001 0.7682291666666666
0 0.27787076854799214 0.8773899159320929 0.2301062454089129 0.8478768772445316 0.20884377295543594 0.9090531137773428 0.2566082960945152 0.9385661524649039
0 0.14925088367609254 0.8994584136675238 0.14547266629177377 0.8800275814053129 0.11829209511568124 0.8894233344044559 0.1220703125 0.9088541666666667
0 0.12550000000000003 0.9533645833333334 0.08183593750000004 0.8692708333333333 0.04964062500000006 0.8989895833333333 0.09330468750000005 0.9830833333333333
0 0.16210937500000008 0.9713541666666666 0.10058593750000008 0.9713541666666666 0.10058593750000008 1 0.16210937500000008 1