0 0.19440739329268295 0.20007621951219515 0.1567740091463415 0.1599339430894309 0.14000571646341464 0.18788109756097562 0.17763910060975613 0.22802337398373987
0 0.4401890401430843 0.057204723105458447 0.42724065977742454 0.01749635665076843 0.3512519872813991 0.061547760996290383 0.3642003676470589 0.10125612745098041
0 0.24772487331081078 0.3052364864864865 0.2265625 0.30078125 0.2240603885135135 0.32191019144144145 0.2452227618243243 0.32636542792792794
0 0.3062719452247192 0.37114056647940086 0.27250482794943826 0.3339477996254683 0.2466116573033708 0.3757402855805244 0.2803787745786518 0.41293305243445705
0 0.09570312500000007 0.47526041666666674 0.06888712471131644 0.46909581889915325 0.06400431221131644 0.5068562355658198 0.09082031250000007 0.5130208333333334
0 0.2700123856707317 0.6666222052845527 0.2585508765243903 0.5953061483739839 0.2206697789634146 0.6061293191056911 0.23213128810975608 0.6774453760162601
0 0.1754450563524591 0.6807120901639345 0.11733158299180335 0.6736680327868853 0.11571465163934433 0.6973830259562842 0.17382812500000008 0.7044270833333335
0 0.20507812500000008 0.8606770833333334 0.16406250000000008 0.8606770833333334 0.16406250000000008 0.953125 0.20507812500000008 0.953125
0 0.14648437499999997 0.9518229166666665 0.1259679101447135 0.8726365610848591 0.08098143089190786 0.8933576060740303 0.10149789574719432 0.9725439616558377
0 0.1015625 0.99609375 0.0994087837837838 0.9779068130630632 0.0808540962837838 0.9818130630630632 0.08300781250000001 1
0 0.44663474834070804 0.9253779498525074 0.4072265625 0.9218750000000001 0.40563640763274333 0.9536780973451326 0.4450445934734514 0.95718104719764
0 0.6162423550603218 0.8185600983020554 0.5881629105227881 0.8020868241733691 0.5745119805630026 0.8434532785969616 0.6025914251005362 0.859926552725648
0 0.7310922918713164 0.7510539456450559 0.6926034503929274 0.718742325638507 0.6726424361493124 0.7610127087426328 0.7111312776277015 0.7933243287491817
0 0.8125 0.8164062499999998 0.797440231017192 0.7808806411174786 0.7656473853868194 0.8048404668099332 0.7807071543696275 0.8403660756924545
0 0.97265625 0.8763020833333334 0.9694708959227467 0.8584641005007152 0.9489630834227467 0.8649745171673818 0.9521484375 0.8828125
0 0.6660693807339448 0.5848743310397554 0.6494140625 0.5729166666666667 0.6405712442660552 0.5948131689602447 0.6572265625 0.6067708333333334
0 0.6933593750000001 0.3710937500000001 0.6793774341617211 0.365873825420376 0.6720140949554896 0.40093734545004955 0.6859960357937686 0.4061572700296737
0 0.84765625 0.3385416666666668 0.8046875 0.3385416666666668 0.8046875 0.4322916666666668 0.84765625 0.4322916666666668
0 0.6347656249999999 0.1627604166666667 0.6220703125 0.15885416666666677 0.6163755266853933 0.19175737359550574 0.6290708391853932 0.1956636235955057