0 0.2333984375 3.460265044465828e-17 0.1904296875 3.1094547634600764e-17 0.1904296875 0.03906250000000003 0.2333984375 0.039062500000000035
0 0.037109375 0.15494791666666666 0.0355247641509434 0.10635318396226416 -0.0004974941037735825 0.10844143081761007 0.0010871167452830184 0.15703616352201258
0 0.036132812500000014 0.109375 1.1301672121037585e-17 0.109375 1.3573965986643024e-17 0.15885416666666666 0.036132812500000014 0.15885416666666666
0 0.009218750000000003 0.21755208333333337 0.007265625000000003 0.19932291666666668 0.0009765625000000028 0.20052083333333334 0.0029296875000000026 0.21875
0 0.19620907103242322 0.253510736632537 0.18780996693686008 0.23932558304891924 0.16482241894197952 0.2635230019908988 0.17322152303754265 0.2777081555745165
0 0.3075005332764505 0.24021437713310584 0.3001146544368601 0.15650775028441413 0.24753359641638223 0.16475575938566553 0.25491947525597264 0.24846238623435724
0 0.33789062499999994 0.3138020833333333 0.327409293635487 0.273740105673417 0.285417106135487 0.29327135567341694 0.2958984375 0.3333333333333333
0 0.15766433189655174 0.4187769396551725 0.14847117456896552 0.41352370689655177 0.14412715517241378 0.4270384339080461 0.1533203125 0.4322916666666668
0 0.27351472094985535 0.5890175486178078 0.26375192110655743 0.5053364071038251 0.21387377953230474 0.5156815031340405 0.2236365793756027 0.5993626446480232
0 0.05400042507035652 0.55031220684803 0.0029296875000000442 0.5286458333333333 -0.0028160911116322353 0.5527233818011257 0.04825464645872424 0.5743897553158223
0 0.1632808889787431 0.8224208641404805 0.14576594269870619 0.8141342228897105 0.13385224121996311 0.8589008587492298 0.15136718750000006 0.8671875
0 0.19921875 0.80859375 0.19431853341584157 0.7796591377887789 0.15924930383663366 0.7902176155115513 0.16414952042079206 0.8191522277227724
0 0.14208263422818787 0.9361000419463088 0.1179635067114094 0.8927555229306489 0.08232618498322149 0.9280096476510067 0.10644531249999996 0.9713541666666666
0 0.123046875 0.9960937500000001 0.1221241722605225 0.9809204160619256 0.0859913597605225 0.9848266660619256 0.0869140625 1.0000000000000002
0 0.16796874999999997 0.9986979166666666 0.16695312499999998 0.9892187499999999 0.147265625 0.99296875 0.14828124999999998 1.0024479166666667
0 0.2109375 0.9361979166666669 0.200390625 0.9315104166666669 0.19746093750000002 0.9432291666666667 0.2080078125 0.9479166666666666
0 0.43468078337104077 0.7609056843891404 0.43137107607466063 0.6682338800904978 0.39805748020362 0.6703490290346908 0.4013671875 0.7630208333333335
0 0.5263066924778762 0.5480849004424779 0.4980468750000001 0.5455729166666666 0.49707895464601776 0.5649313237463127 0.5253387721238939 0.567443307522124
0 0.5710482662671234 0.7934146689497719 0.5595703125000001 0.7864583333333336 0.5539517337328769 0.8029394977168951 0.5654296875000001 0.8098958333333335
0 0.5039062500000002 0.9023437500000002 0.47687651070441994 0.8818888121546962 0.4548277796961326 0.9336858310313076 0.4818575189917128 0.9541407688766116
0 0.6549069522471911 0.9056764981273407 0.6496927668539326 0.832677902621723 0.5783532303370787 0.841736891385768 0.5835674157303371 0.9147354868913858
0 0.7417853860294117 0.8168658088235293 0.7332835477941175 0.7715226715686275 0.6799747242647058 0.7892922794117648 0.6884765624999999 0.8346354166666666
0 0.7818796591400174 0.6588552920628061 0.7732703786732931 0.6284695962978969 0.7232479270203113 0.6536660904638433 0.7318572074870355 0.6840517862287524
0 0.8262683022749273 0.716076506534366 0.8123137630082283 0.6936209261051952 0.7721782732333009 0.737961086237496 0.7861328125 0.7604166666666667
0 0.6328608446782178 0.9915300123762376 0.6294767172029704 0.9464083127062707 0.5948619275990099 0.9510236179867987 0.5982460550742574 0.9961453176567656