0 0.8389246323529411 0.2379748774509805 0.8339269301470587 0.22686887254901975 0.826171875 0.2330729166666668 0.8311695772058822 0.24417892156862753
0 0.3144531250000001 0.7539062500000001 0.3037109375000001 0.7473958333333335 0.2991625642123289 0.7607377283105025 0.3099047517123289 0.7672481449771691
0 0.197265625 0.0494791666666667 0.1796875 0.0494791666666667 0.1796875 0.08203125000000003 0.197265625 0.08203125000000003
0 0.013671875000000019 0.2109375 2.170638613723092e-17 0.2109375 2.4038477209825976e-17 0.26171875 0.013671875000000023 0.26171875
0 0.8779983108108107 0.498409346846847 0.8605785472972972 0.48151745495495507 0.8419552364864865 0.5156601914414415 0.859375 0.5325520833333335
0 0.9636034443430658 0.4101467457420927 0.9440009124087592 0.40064248783455003 0.9354755930656934 0.43190199209245755 0.955078125 0.44140625000000017
0 0.02148933217005076 0.8060821171742809 0.019159462246192898 0.762591211928934 -0.0016606519670050723 0.7645740799492385 0.0006692179568527912 0.8080649851945855
0 0.5962649828767124 0.46805436643835624 0.582552975171233 0.4278324771689498 0.5554767765410958 0.44424229452054803 0.5691887842465754 0.4844641837899545
0 0.19933693272292996 0.49139132165605104 0.16084668590764334 0.4762971072186837 0.15291600318471343 0.5122495355626328 0.19140625000000006 0.5273437500000001
0 0.6504957932692309 0.47804487179487165 0.6291466346153848 0.441446314102564 0.5953425480769232 0.47650240384615383 0.6166917067307693 0.5131009615384615
0 0.3964843750000001 0.9960937500000001 0.3736328125 0.93515625 0.3384765625 0.95859375 0.36132812500000006 1.0195312500000002
0 0.20812690548780485 0.3126270325203252 0.18002096036585363 0.2826473577235772 0.14924733231707316 0.33393673780487804 0.17735327743902438 0.36391641260162605
0 0.09382260687732343 0.05065539807930609 0.08831174488847585 -0.0056778578066914425 0.03286913336431228 0.003964335501858736 0.03837999535315985 0.060297591387856266
0 0.7817514780405406 0.5936444256756758 0.7370935388513515 0.5837204391891894 0.7251636402027029 0.6791596283783785 0.7698215793918919 0.689083614864865
0 0.1136806759098787 0.4208121208838822 0.07128906250000001 0.359375 0.03418137998266901 0.4048937572212594 0.07657299339254771 0.4663308781051416
0 0.34375 0.0013020833333333773 0.2541943805355661 -0.0001027106974812749 0.25374758900152233 0.05053366316080824 0.3433032084659563 0.0519384571916229
0 0.6646093750000002 0.8842187500000002 0.5888671875000002 0.8697916666666667 0.5823046875000002 0.931041666666667 0.6580468750000001 0.9454687500000003
0 0.05664062500000004 0.375 3.5100960502905094e-17 0.375 3.934656219916789e-17 0.4674479166666667 0.05664062500000004 0.4674479166666667
0 0.22207572418136023 0.5526704187657431 0.17730636020151133 0.5216303264063812 0.1305223748425693 0.6415892632241814 0.17529173882241816 0.6726293555835433
0 0.462890625 0.3880208333333334 0.384765625 0.3880208333333334 0.384765625 0.4596354166666668 0.462890625 0.4596354166666668
0 0.5699103860294119 0.5867800245098042 0.49959788602941185 0.5633425245098042 0.4824218750000001 0.6549479166666667 0.5527343750000001 0.6783854166666667
0 0.12200636445615984 0.6211399949130597 0.08427376699500559 0.5740756798002221 0.007233716009988988 0.6838798903995562 0.044966313471143236 0.7309442055123938