0 0.5355611661585367 0.4573805894308945 0.523556592987805 0.45560213414634165 0.5211985518292683 0.48389862804878064 0.5332031250000001 0.4856770833333334
0 0.9267578125000002 0.47395833333333337 0.9066069504310346 0.4723778735632184 0.9056303879310346 0.49451329022988516 0.9257812500000002 0.4960937500000001
0 0.9439223345588237 0.9199142156862745 0.9426585477941177 0.8980085784313726 0.9215992647058823 0.9001685049019609 0.9228630514705882 0.9220741421568628
0 0.9671415441176471 0.02657781862745098 0.9665273260746607 0.009379713423831074 0.93145061510181 0.011606806184012072 0.9320648331447965 0.028804911387631978
0 1 0.6093750000000002 0.982421875 0.6093750000000002 0.982421875 0.6601562500000002 1 0.6601562500000002
0 0.9588641826923077 0.6172075320512821 0.9425030048076923 0.6002403846153846 0.9199969951923077 0.6388221153846153 0.936358173076923 0.6557892628205128
0 0.9182674632352941 0.7934589460784314 0.8916015624999998 0.7708333333333335 0.8727022058823527 0.8104319852941179 0.8993681066176469 0.8330575980392159
0 0.8806724906191372 0.7122004964040028 0.8478889393761726 0.6895911507191996 0.83203125 0.7304687500000001 0.8648148012429646 0.7530780956848032
0 0.7030533256880734 0.7351275802752295 0.6742044151376148 0.723588016055046 0.6606042144495413 0.7840333524464832 0.6894531250000001 0.7955729166666666
0 0.997449448529412 0.928324142156863 0.953986672794118 0.9238664215686277 0.9515165441176473 0.9666819852941179 0.9949793198529413 0.9711397058823532
0 0.46484375 0.50390625 0.4580078125 0.4583333333333334 0.4133112980769231 0.470252403846154 0.420147235576923 0.5158253205128206
0 0.6853515625 0.39791666666666664 0.6455078125 0.3802083333333333 0.6326171875 0.4317708333333333 0.6724609374999999 0.44947916666666665
0 0.7266666005710661 0.6191505393401017 0.6830831614847717 0.6149997356175976 0.6798907439720813 0.6745915291878174 0.7234741830583757 0.6787423329103216
0 0.378978737113402 0.47495704467353955 0.34567292203608246 0.4383859536082475 0.3004006926546392 0.5116838487972509 0.33370650773195876 0.548254939862543