0 0.9374999999999998 0.08203125 0.9342411341292134 0.06320224719101125 0.9238281250000002 0.06640624999999994 0.9270869908707866 0.08523525280898868
0 0.8046875 0.01953125000000015 0.7926923643867925 0.014961674528302016 0.7887861143867925 0.033190841194968713 0.80078125 0.037760416666666845
0 0.9326171875000002 0.6979166666666669 0.9203125 0.6924479166666668 0.9154296875 0.7119791666666667 0.9277343750000002 0.7174479166666669
0 0.443359375 0.7942708333333334 0.4296875 0.7942708333333334 0.4296875 0.8216145833333334 0.443359375 0.8216145833333334
0 0.88671875 0.5481770833333336 0.8720703125 0.5312500000000001 0.8600838753172588 0.5496906725888325 0.8747323128172588 0.566617755922166
0 0.9781574099344976 0.25032409934497835 0.9530738264192138 0.22474868085880662 0.9443146151746724 0.24002115174672511 0.9693981986899562 0.26559657023289684
0 0.9983088795731708 0.13878302845528473 0.9687261814024388 0.1344004065040652 0.9663205030487804 0.16326854674796765 0.9959032012195124 0.16765116869918717
0 0.6827772797131149 0.627348019125683 0.6806640625 0.5963541666666666 0.6509029200819672 0.5999615778688524 0.653016137295082 0.6309554303278688
0 0.9180482890271493 0.998320842760181 0.9171556843891402 0.9733279128959277 0.8703867364253395 0.9762973699095024 0.8712793410633486 1.0012902997737556
0 0.62890625 0.5299479166666666 0.6079751993433395 0.49672402673545973 0.5859888015947468 0.5213487922138837 0.6069198522514071 0.5545726821450907
0 0.6796875 0.7578125 0.6474609375 0.7578125 0.6474609375 0.80078125 0.6796875 0.80078125
0 0.83203125 0.8125000000000002 0.806640625 0.8125000000000002 0.806640625 0.8684895833333336 0.83203125 0.8684895833333336
0 0.144089033018868 0.5932095125786164 0.10668484669811326 0.5789602987421385 0.09765625000000007 0.62109375 0.1350604363207548 0.635342963836478
0 0.9622758709016395 0.40927681010928957 0.9297995645491806 0.38247096994535507 0.9123174948770494 0.42012465846994523 0.9447938012295085 0.44693049863387974
0 0.596875 0.7231770833333333 0.5576171875 0.7057291666666666 0.54609375 0.7518229166666667 0.5853515625 0.7692708333333333
0 0.46656945633561653 0.6910316780821919 0.42742669092465757 0.6673087899543381 0.4141160102739727 0.7063534531963472 0.4532587756849316 0.730076341324201
0 0.486328125 0.11718750000000008 0.447265625 0.11718750000000007 0.447265625 0.16796875000000006 0.486328125 0.16796875000000006
0 0.38757812499999994 0.53796875 0.38265625 0.49203125 0.330703125 0.5019270833333332 0.33562499999999995 0.5478645833333334
0 0.787109375 0.7291666666666669 0.75390625 0.7291666666666669 0.75390625 0.8164062500000002 0.787109375 0.8164062500000002
0 0.7472286739864865 0.5807643581081083 0.7041543496621622 0.5711922860360361 0.6928842905405406 0.6613527590090091 0.7359586148648649 0.6709248310810811
0 0.4977056226765799 0.3940810873605949 0.4613658805762081 0.35680955700123923 0.4239370353159851 0.4216862221189591 0.46027677741635686 0.4589577524783148
0 0.30166527041770574 0.26418653886118043 0.2568554200436409 0.2611992155029094 0.2533607387780549 0.354390715918537 0.2981705891521197 0.357378039276808