0 0.7802574282786885 0.06877561475409853 0.7176069415983607 0.04912056010928977 0.7052990522540984 0.11886526639344273 0.7679495389344263 0.1385203210382515
0 0.986328125 0.5078125000000001 0.927734375 0.5078125000000001 0.927734375 0.5638020833333336 0.986328125 0.5638020833333336
0 0.7060546875 0.17708333333333345 0.6962890625 0.1640625000000001 0.6787109375 0.18750000000000017 0.6884765625 0.2005208333333335
0 0.6355261338495575 0.1566648230088496 0.6115701050884955 0.12016039823008857 0.5763101493362832 0.16129701327433638 0.6002661780973451 0.19780143805309738
0 0.572265625 0.06250000000000008 0.541015625 0.06250000000000008 0.541015625 0.13151041666666677 0.572265625 0.13151041666666677
0 0.3255859375 0.09010416666666664 0.31738281249999994 0.057291666666666664 0.28691406249999996 0.07083333333333335 0.29511718749999993 0.10364583333333331
0 0.11755697651273886 0.2231687898089172 0.1118531050955414 0.18079717356687902 0.06168640525477707 0.1928028795116773 0.06739027667197453 0.23517449575371552
0 0.259765625 0.2799479166666667 0.22504969489644977 0.2396326429980276 0.1869498890532545 0.2979582716962525 0.22166581915680475 0.33827354536489157
0 0.20605468750000006 0.39322916666666674 0.18586436411465895 0.3910464290033866 0.1822033177612482 0.45125030237058544 0.20239364114658928 0.4534330400338656
0 0.13191105769230774 0.44971955128205127 0.08661358173076923 0.40945512820512814 0.05401141826923075 0.4746594551282051 0.09930889423076925 0.5149238782051282
0 0.06738281250000004 0.5781250000000001 0.030273437500000045 0.5286458333333335 0.003906250000000044 0.5638020833333335 0.04101562500000004 0.6132812500000001
0 0.2502251838235294 0.7255238970588237 0.23144531249999994 0.6640625 0.1883892463235294 0.6874509803921569 0.20716911764705884 0.7489123774509806
0 0.3377047280593325 0.7245651138236509 0.32410045194684795 0.6985395421302021 0.27566102055006186 0.7435539632262053 0.2892652966625464 0.769579534919654
0 0.450375 0.6113437500000001 0.443859375 0.5635625000000001 0.40484374999999995 0.5730208333333334 0.41135937499999997 0.6208020833333333
0 0.40234375 0.49609375000000006 0.3759765625000001 0.4765625000000001 0.3670400943396227 0.49801002358490576 0.39340728183962265 0.5175412735849058
0 0.6386718750000001 0.8111979166666669 0.5978944998324397 0.787275189901698 0.5838979767091153 0.8296888963360144 0.6246753518766757 0.8536116231009833
0 0.7052734375 0.7768229166666668 0.6537109375 0.7424479166666668 0.6455078125 0.7643229166666666 0.6970703125 0.7986979166666668
0 0.2745643028846154 0.9176682692307694 0.2553185096153846 0.8846754807692306 0.21867487980769235 0.922676282051282 0.23792067307692316 0.9556690705128206
0 0.046875 0.9986979166666666 0.0263671875 0.9583333333333335 -0.005547320791726129 0.9871593408226345 0.014960491708273871 1.0275239241559677