0 0.7797926682692304 0.14591346153846174 0.7646484374999998 0.13020833333333362 0.7525540865384613 0.15094150641025675 0.767698317307692 0.16664663461538484
0 0.597943474264706 0.6872702205882354 0.5795611213235294 0.6811427696078433 0.5753676470588236 0.7035079656862745 0.5937500000000001 0.7096354166666666
0 0.97063228626943 0.669108916234888 0.9595460249352332 0.6437688903281522 0.9292472878886011 0.667334574697755 0.940333549222798 0.6926746006044908
0 0.6759470813679245 0.4675707547169813 0.6523990271226414 0.45012775157232715 0.6380269752358491 0.484620676100629 0.6615750294811321 0.5020636792452831
0 1 0.09375000000000017 0.9755859375 0.09375000000000015 0.9755859375 0.13541666666666685 1 0.13541666666666685
0 0.7795199072185971 0.9960852535345296 0.7788571829119088 0.9651581192224035 0.7378750127446982 0.966719344752583 0.7385377370513867 0.9976464790647092
0 0.919921875 0.05859375000000012 0.8863731971153846 0.046394230769230896 0.8783052884615385 0.0858373397435899 0.9118539663461538 0.09803685897435913
0 0.5733077286073827 0.4753215883668904 0.5656984060402686 0.4178289289709171 0.5410746119966443 0.42362276286353456 0.5486839345637584 0.4811154222595079
0 1.0029432195438799 0.4603120188606622 0.9697829460161665 0.45268896747498094 0.9638852302251735 0.49829796959199396 0.9970455037528868 0.5059210209776752
0 0.72578125 0.41067708333333347 0.7087890625 0.3653645833333333 0.6806640625 0.38411458333333326 0.6976562500000001 0.4294270833333334
0 0.7920751521017699 0.03688237463126847 0.7548828125 0.007812500000000059 0.7393390486725664 0.043166943215339336 0.7765313882743363 0.07223681784660775
0 0.8368286715023846 0.5971263082935877 0.8030479928457869 0.5442522025702174 0.7764292900437202 0.574485790937997 0.8102099687003179 0.6273598966613673
0 0.3917564655172413 0.9956986350574712 0.3878569504310344 0.9073096264367816 0.35682920258620693 0.9097431752873564 0.3607287176724138 0.998132183908046
0 0.7253367456896552 0.6384608477011494 0.6788523706896552 0.6348150143678162 0.6759226831896552 0.7012212643678162 0.7224070581896552 0.7048670977011494
0 0.20193407012195128 0.9062182418699188 0.14941406250000008 0.8984375000000001 0.14122046493902446 0.9967606707317074 0.19374047256097565 1.004541412601626
0 0.32807538250577367 0.15612670804464976 0.3184450779445728 0.08165235277136257 0.23708140877598147 0.1003566445342571 0.24671171333718242 0.1748309998075443
0 0.9071704023562297 0.9929196618743343 0.9039443140974438 0.8853833865814696 0.8022320537140573 0.8908080404685835 0.8054581419728433 0.9983443157614483
0 0.7518216520847287 0.7593221491962493 0.6720849642079706 0.7397376995423087 0.6508491449681849 0.8934445816588525 0.730585832844943 0.9130290313127932
0 0.2127673287302727 0.3017246532759446 0.12997052098278342 0.297982424677188 0.12423444225251082 0.5236015214012435 0.20703125000000008 0.5273437500000001