0 0.7171672952586208 0.3392600574712644 0.7109038254310345 0.3197737068965517 0.7007677801724139 0.3255657327586207 0.7070312500000001 0.34505208333333337
0 0.80078125 0.7122395833333336 0.7869755993150684 0.7053367579908676 0.780714897260274 0.7275970319634705 0.7945205479452054 0.7344998573059363
0 0.5150390625 0.2424479166666668 0.4978515625 0.2309895833333334 0.486328125 0.26171875000000006 0.503515625 0.27317708333333346
0 0.8623046875 0.6718749999999999 0.8544921875 0.640625 0.829296875 0.6518229166666667 0.837109375 0.6830729166666666
0 0.32079594678217827 0.8360019595709572 0.30313080136138615 0.8072143151815183 0.287708849009901 0.8240382632013202 0.30537399443069313 0.8528259075907592
0 0.20280414947991404 0.9279053084648494 0.16210937500000008 0.9205729166666667 0.15959441131635588 0.9453872250119562 0.2002891857962698 0.9527196168101388
0 0.5745430424528303 0.6961428852201258 0.5735591096698114 0.6659689465408806 0.5390625 0.6679687500000001 0.5400464327830189 0.6981426886792453
0 0.4619410021551724 0.6454022988505749 0.4423828125 0.6145833333333335 0.42373383620689653 0.6356232040229887 0.44329202586206895 0.6664421695402301
0 0.32361778846153844 0.6654647435897438 0.30637019230769225 0.652323717948718 0.284375 0.7036458333333333 0.3016225961538462 0.7167868589743591
0 1.0000000000000002 0.6002604166666666 0.9970013786764707 0.5482843137254902 0.9636948529411764 0.5517003676470588 0.966693474264706 0.6036764705882353
0 0.40023497750642684 0.9813423843187662 0.3584109897172237 0.9485392566409598 0.3433985379177378 0.9825674807197945 0.38522252570694093 1.0153706083976008
0 0.45328832050068835 0.7602625315439323 0.4150390625 0.7005208333333335 0.38891584759979353 0.7302545738701538 0.4271651056004819 0.7899962720807527
0 0.900390625 0.3971354166666668 0.8681640625 0.3541666666666668 0.8359375 0.39713541666666685 0.8681640625 0.44010416666666685
0 0.596033630838438 0.33909799323634515 0.5556640625 0.3072916666666667 0.527940455111026 0.36984749872383876 0.568310023449464 0.40165382529351723
0 0.2793128842213115 0.09481728142076508 0.22789126536885246 0.0885843579234973 0.22121542008196723 0.18649675546448094 0.27263703893442626 0.19272967896174872
0 0.904296875 0.9296875000000002 0.8359375 0.9296875000000002 0.8359375 0.9830729166666669 0.904296875 0.9830729166666669
0 0.9039062499999998 0.4533854166666667 0.8388671875 0.42447916666666674 0.8255859375 0.4776041666666668 0.8906249999999998 0.5065104166666667
0 0.8310434948065903 0.25057455826170005 0.8073261774713467 0.1946260148042024 0.7542308381088825 0.23463989374403055 0.7779481554441261 0.29058843720152816
0 0.4574108195754717 0.5302869496855347 0.4311099646226415 0.4790340015723272 0.375866008254717 0.529431996855346 0.4021668632075472 0.5806849449685536
0 0.7170016163793103 0.17719288793103444 0.7053151939655172 0.1131339798850575 0.6485991379310343 0.13152837643678167 0.6602855603448274 0.1955872844827586
0 0.9765624999999998 0.26953125000000006 0.9109624587981744 0.20661659060175802 0.8833655552738335 0.25777182640297513 0.948965596475659 0.32068648580121717
0 0.9101528606290673 0.16297733640636303 0.8747483392082429 0.1137625406724513 0.8184059788503255 0.18581943691250907 0.8538105002711498 0.23503423264642082
0 1.0000000000000002 0.18359375 0.9987892015124558 0.09803065688018982 0.9217971530249113 0.09996756376037962 0.9230079515124556 0.1855306568801898
0 1 0.7682291666666669 0.88671875 0.7682291666666669 0.88671875 0.9075520833333336 1 0.9075520833333336