0 0.013887928650442477 0.7478106563421829 0.010958241150442471 0.6892169063421828 0.0009765624999999945 0.6901041666666665 0.00390625 0.7486979166666666
0 0.36539652122641514 0.998462067610063 0.364928508254717 0.9841096698113208 0.31610775353773585 0.9869398584905659 0.316575766509434 1.001292256289308
0 0.11914062500000008 0.9960937500000001 0.09909932324840769 0.9471039012738854 0.08336236066878984 0.958548964968153 0.10340366242038224 1.0075388136942676
0 0.16794181034482758 0.13610811781609197 0.15090921336206894 0.11592133620689656 0.1254242995689655 0.15414870689655175 0.14245689655172414 0.17433548850574715
0 0.5722656249999999 0.5455729166666666 0.5438304227941176 0.5228247549019609 0.5274586397058825 0.5592064950980393 0.5558938419117647 0.5819546568627452
0 0.7470325448895029 0.93654322053407 0.745937284185083 0.9087966160220996 0.6828923515193371 0.9132208218232045 0.6839876122237569 0.940967426335175
0 0.7202754333941606 0.4312557025547444 0.7060546875 0.3906249999999999 0.6690593635948904 0.4136443126520681 0.6832801094890509 0.45427501520681257
0 0.44921875 0.3020833333333334 0.4140625 0.3020833333333334 0.4140625 0.3580729166666668 0.44921875 0.3580729166666668
0 0.15624999999999997 0.57421875 0.11523437500000003 0.5195312500000001 0.08984375000000004 0.5533854166666667 0.130859375 0.6080729166666666
0 0.7109375 0.78515625 0.6840345330739298 0.7445028777561608 0.6406249999999998 0.7955729166666667 0.66752796692607 0.836226288910506
0 0.24398009417808217 0.24682505707762561 0.2292513912671233 0.19445633561643835 0.16974796660958902 0.2242080479452055 0.18447666952054792 0.2765767694063927
0 0.4155797043355567 0.7707284451428082 0.3742258650269369 0.6821727488455618 0.33587887618650586 0.7140079848640328 0.37723271549512566 0.8025636811612793