0 0.24874730603448278 0.7505118534482761 0.23978313577586205 0.7363864942528736 0.21220366379310346 0.7675017959770115 0.2211678340517242 0.7816271551724139
0 0.5936708192567569 0.8639146959459459 0.5661159206081081 0.8577913851351352 0.5625000000000001 0.8867187500000001 0.5900548986486489 0.892842060810811
0 0.6977419969512195 0.18279979674796742 0.6778534679878049 0.16158536585365854 0.6606088033536585 0.19032647357723587 0.6804973323170731 0.21154090447154475
0 0.23337732263513508 0.18681024774774774 0.2064980996621622 0.18115146396396398 0.20163640202702707 0.22220579954954958 0.22851562499999994 0.22786458333333337
0 0.8064262576219512 0.0064786585365854835 0.7704125381097561 0.0011432926829269441 0.7679592225609756 0.030583079268292814 0.8039729420731708 0.03591844512195135
0 0.133359375 0.18369791666666666 0.10546875 0.17838541666666666 0.10078125 0.22213541666666667 0.12867187500000002 0.2274479166666667
0 0.1328125 0.7825520833333335 0.12322362839366516 0.74675362933635 0.08437323246606335 0.7652538178733033 0.09396210407239818 0.8010522718702867
0 0.4212951209379615 0.9291162758493354 0.3959405580686853 0.897814346381093 0.36204215518833077 0.9466280465288034 0.38739671805760706 0.9779299759970459
0 0.5892738726790452 0.22555744363395233 0.553050397877984 0.19405876989389917 0.5307474718169761 0.23965586317418205 0.5669709466180372 0.2711545369142352
0 0.9290926395939086 0.7870730224196278 0.9248046875000002 0.7070312500000001 0.8902432979060915 0.7103228109137056 0.89453125 0.7903645833333334
0 0.5762876797566371 0.18075682153392333 0.5595029037610619 0.12738984144542784 0.49708068307522124 0.1622925884955753 0.5138654590707964 0.21565956858407082
0 0.5422564338235295 0.6347886029411764 0.5172380514705883 0.555563725490196 0.4639751838235295 0.5854656862745098 0.48899356617647066 0.6646905637254902
0 0.3602126641137856 0.7753863512035012 0.3081578227571117 0.7621660740335522 0.2956014086433261 0.8500609728300511 0.3476562500000001 0.8632812500000001