0 1 0.18229166666666685 0.986328125 0.18229166666666685 0.986328125 0.23046875000000017 1 0.23046875000000017
0 0.20763739224137936 0.8195941091954023 0.17834051724137934 0.8039691091954022 0.169854525862069 0.8322557471264368 0.199151400862069 0.8478807471264368
0 0.43261718750000017 0.8984375000000002 0.4082250702247192 0.8909322331460675 0.4022011060393259 0.9257373595505618 0.4265932233146069 0.9332426264044945
0 0.15234375 0.5195312499999999 0.1442440257352941 0.4763327205882353 0.12172564338235295 0.4838388480392157 0.12982536764705882 0.5270373774509803
0 0.7174876143292683 0.1762576219512195 0.714010099085366 0.1345274390243902 0.6861423399390245 0.13865599593495936 0.6896198551829269 0.18038617886178862
0 0.77734375 0.16796875000000017 0.7548828124999998 0.1380208333333334 0.72265625 0.18098958333333334 0.7451171875 0.2109375000000001
0 0.3295664436900958 0.02461062300319495 0.3042974990015974 -0.006489616613418499 0.2712378943690095 0.04126314563365282 0.29650683905750796 0.07236338525026627
0 0.9210508765243903 0.3059959349593497 0.8759765625000002 0.28385416666666685 0.8525676448170734 0.3685721544715449 0.8976419588414635 0.39071392276422773
0 0.23317023191982272 0.13873010676873496 0.1923828125 0.07031250000000003 0.15656791398066075 0.10827017022562455 0.1973553334004835 0.17668777699435947
0 0.7968750000000001 0.5989583333333335 0.7181972287735849 0.5689858490566039 0.705299233490566 0.6291764937106918 0.7839770047169812 0.6591489779874216
0 0.54515625 0.7230729166666667 0.4974609375 0.6382812500000001 0.46214843749999995 0.6735937500000001 0.50984375 0.7583854166666667
0 0.81640625 0.8033854166666666 0.7848726251587637 0.7468423652272084 0.7245994522650295 0.8066003827970645 0.7561330771062659 0.8631434342365227
0 0.587890625 0.08854166666666675 0.509765625 0.08854166666666675 0.509765625 0.16276041666666677 0.587890625 0.1627604166666668
0 0.6944415118243245 0.28431165540540554 0.6228621199324325 0.268405123873874 0.611328125 0.3606770833333334 0.682907516891892 0.376583614864865
0 0.24700756962435233 0.3307345639032816 0.2055304808937824 0.2821351468048359 0.13037159974093265 0.3961693113126079 0.17184868847150261 0.4447687284110536
0 0.18322597830298334 0.17329715145938268 0.1376953125 0.08593750000000001 0.07273366367202634 0.14612795428128636 0.11826432947500969 0.233487605740669
0 0.34375 0.1901041666666667 0.2734375 0.1901041666666667 0.2734375 0.3723958333333333 0.34375 0.3723958333333333
0 0.10630527712264151 0.3394555817610063 0.10089180424528303 0.17344241352201262 -0.003276090801886786 0.17948113207547173 0.002137382075471693 0.3454943003144654