0 1 0.4088541666666668 0.986328125 0.4088541666666668 0.986328125 0.4335937500000001 1 0.4335937500000001
0 0.8066319828539822 0.6131084070796461 0.8056640624999998 0.59375 0.7867377627212389 0.5954323377581121 0.7877056830752212 0.6147907448377582
0 0.011718750000000026 0.28125 2.7446918008234135e-17 0.28125 2.906144259695379e-17 0.31640625 0.011718750000000028 0.31640625
0 0.47748378537735847 0.33033608490566047 0.45865271226415105 0.32316234276729566 0.4531250000000001 0.3489583333333334 0.47195607311320753 0.3561320754716982
0 0.7068359375000001 0.6111979166666669 0.6943359375 0.6028645833333335 0.681640625 0.6367187500000001 0.6941406250000001 0.6450520833333334
0 0.25585937500000006 0.9335937500000002 0.24121093750000006 0.9192708333333336 0.22717779082369946 0.9447856454720618 0.24182622832369946 0.9591085621387285
0 0.47578125 0.7674479166666667 0.46796875 0.7466145833333333 0.4453125 0.76171875 0.453125 0.7825520833333334
0 0.6015625000000002 0.11848958333333333 0.5732421875000001 0.08593749999999994 0.5621176351466576 0.1031434743065029 0.5904379476466577 0.1356955576398363
0 0.5003888965707964 0.4765279314159292 0.48483303373893805 0.45837942477876115 0.4617239352876107 0.4935932890855458 0.4772797981194691 0.5117417957227138
0 0.07812500000000004 0.9622395833333336 0.055780440414507824 0.9448604814335063 0.03895624190414519 0.9833157923143354 0.061300801489637416 1.0006948942141627
0 0.4541352370689654 0.6505028735632183 0.4293440193965517 0.6211206896551725 0.40612203663793106 0.6559536637931035 0.4309132543103448 0.6853358477011493
0 0.5582412347560974 0.518946900406504 0.540091463414634 0.46651422764227646 0.5148246951219511 0.4820630081300814 0.5329744664634145 0.534495680894309
0 0.6571461397058824 0.279779411764706 0.6181640625 0.2682291666666668 0.6121668198529411 0.3042126225490197 0.6511488970588235 0.3157628676470589
0 0.4140625 0.5416666666666666 0.3710937500000001 0.5416666666666666 0.3710937500000001 0.5872395833333334 0.4140625 0.5872395833333334
0 0.9924172794117647 0.6353400735294116 0.9778837316176471 0.557827818627451 0.9480124080882352 0.5677849264705882 0.9625459558823527 0.6452971813725489
0 0.23778748244382028 0.5640507958801498 0.20883075842696636 0.5551410346441947 0.19760577598314616 0.619996488764045 0.22656250000000008 0.6289062500000001
0 0.23307674632352948 0.22172181372549027 0.19319852941176469 0.2176317401960785 0.19019990808823528 0.26960784313725494 0.23007812500000005 0.2736979166666667
0 0.5242187500000002 0.7882812500000002 0.4807421875000002 0.78 0.4758203125000001 0.8259375000000001 0.5192968750000001 0.8342187500000001
0 0.9770215556569342 0.3223863290754258 0.952527657390511 0.28120818126520697 0.918543282390511 0.31714568126520704 0.9430371806569342 0.35832382907542587
0 0.2697642369923859 0.45268215947546536 0.22562559486040615 0.4484784792724197 0.22230429092639598 0.5104761527072758 0.2664429330583757 0.5146798329103215
0 0.837966675884956 0.8924064343657817 0.812432591261062 0.8343289085545724 0.7760422428097347 0.8627719395280238 0.8015763274336283 0.9208494653392331
0 0.8006211577868854 0.6156292691256832 0.7548347848360655 0.5423710724043715 0.7246734118852458 0.5758837090163934 0.7704597848360656 0.6491419057377049
0 0.3803790983606558 0.9588669740437158 0.3643570696721312 0.8680754781420764 0.3155865778688525 0.8833760245901637 0.3316086065573771 0.9741675204918032
0 0.666015625 0.8229166666666666 0.6171875 0.8229166666666666 0.6171875 0.9205729166666666 0.666015625 0.9205729166666666