0 0.6484375 0.003906250000000103 0.6162109375 1.0362081563168128e-16 0.6151223104508197 0.015966530054644917 0.6473488729508197 0.019872780054644917
0 0.9999999999999998 0.0872395833333335 0.9773448290745854 0.08564974677716405 0.9761254747928175 0.11654005524861892 0.998780645718232 0.11812989180478836
0 0.58984375 0.07161458333333333 0.5508111264052709 0.013198411967072114 0.4931802605510504 0.0816568950423885 0.5322128841457795 0.14007306640864972
0 0.3119612068965517 0.00830639367816097 0.2702855603448276 0.005037715517241424 0.2686557112068965 0.041980962643678205 0.3103313577586207 0.04524964080459775
0 0.2383961397058824 0.18160232843137258 0.17387408088235295 0.17498468137254902 0.17139246323529414 0.217999387254902 0.23591452205882354 0.22461703431372554
0 0.5234375000000001 0.18359375 0.5087890625000001 0.15364583333333334 0.48775799900530503 0.1719337146330681 0.502406436505305 0.2018816312997348
0 0.61328125 0.1510416666666668 0.556640625 0.1510416666666668 0.556640625 0.2031250000000001 0.61328125 0.2031250000000001
0 0.5148093654042989 0.2923530258444218 0.46502666805271237 0.2411479657113613 0.44119634403787106 0.28233618005800065 0.4909790413894576 0.33354124019106113
0 0.3558823529411764 0.28893995098039216 0.3472426470588235 0.23710171568627456 0.3162224264705882 0.2462928921568628 0.32486213235294115 0.2981311274509804
0 0.7631919261945391 0.34091474687144474 0.757845829778157 0.280325654152446 0.7023184193686006 0.28903583617747436 0.7076645157849828 0.3496249288964732
0 0.9999999999999998 0.2460937500000001 0.9928241540055248 0.24559018186003695 0.9918475915055248 0.2703297651933704 0.9990234374999998 0.27083333333333354
0 1.0000000000000002 0.27994791666666685 0.9884933540723984 0.2792173359728508 0.9875167915723984 0.30656108597285087 0.9990234375000002 0.3072916666666669
0 1.0000000000000002 0.3554687500000002 0.9872303998740557 0.3551984939126786 0.9862538373740557 0.4372297439126786 0.9990234375000002 0.4375000000000002
0 0.8937020931603772 0.6152712264150944 0.8555608785377359 0.5870184748427675 0.8124447228773585 0.6904972484276731 0.8505859374999998 0.71875
0 0.49903944672131145 0.549713968579235 0.49522925204918034 0.4938311133879781 0.46775742827868855 0.49716103142076495 0.4715676229508198 0.5530438866120219
0 0.3710937500000001 0.48307291666666674 0.3453725961538462 0.4787860576923077 0.3419621394230769 0.5151642628205129 0.3676832932692308 0.5194511217948719
0 0.18209998658798285 0.5993953415593706 0.14722706545064376 0.5438986498569385 0.08066825375536477 0.6182526376967096 0.11554117489270385 0.6737493293991417
0 0.02734375000000002 0.43098958333333337 0.0009765625000000221 0.40104166666666674 -0.02016314338235292 0.4341299019607844 0.006204044117647078 0.464077818627451
0 0.2949218750000001 0.8359375 0.24609375000000008 0.8359375 0.24609375000000008 0.921875 0.2949218750000001 0.921875
0 0.560546875 0.85546875 0.5473079091494846 0.8095736683848799 0.5109234052835051 0.8282323883161513 0.5241623711340205 0.8741274699312716
0 0.8671875000000002 0.9960937500000001 0.8661236356548857 0.9521206904019406 0.8198638091216217 0.9541103603603605 0.8209276734667361 0.99808341995842