0 0.7899241727941176 0.7441023284313727 0.773380055147059 0.7385876225490197 0.7679802389705884 0.7673866421568628 0.7845243566176471 0.7729013480392158
0 0.24169000589622644 0.28999606918238996 0.22593602594339623 0.27832645440251574 0.2140514445754717 0.3068494496855346 0.22980542452830194 0.31851906446540884
0 0.806900732015458 0.17197873315497436 0.7636718750000001 0.1705729166666668 0.7632178489149822 0.19539300931430847 0.80644670593044 0.19679882580261604
0 0.9136745505136986 0.042612014840182746 0.889380886130137 0.030465182648401996 0.8804714255136986 0.06214326484018281 0.9047650898972602 0.07429009703196356
0 0.849609375 0.2838541666666668 0.8125 0.2838541666666668 0.8125 0.3164062500000001 0.849609375 0.3164062500000001
0 0.5075389770240699 0.07751242250182369 0.4775689790754923 0.05033962436177995 0.46282010735776796 0.07925898067104323 0.4927901053063456 0.10643177881108695
0 0.54296875 0.3776041666666668 0.513671875 0.3776041666666668 0.513671875 0.4309895833333334 0.54296875 0.4309895833333334
0 1 0.16666666666666685 0.9619140625 0.16666666666666685 0.9619140625 0.2278645833333335 1 0.2278645833333335
0 0.2702205882352941 0.9168964460784313 0.24207261029411759 0.8847273284313725 0.21505055147058819 0.9267616421568625 0.24319852941176473 0.9589307598039215
0 0.634765625 0.7135416666666666 0.6015625 0.7135416666666666 0.6015625 0.765625 0.634765625 0.765625
0 0.9093930751928019 0.3396763871036848 0.8694694930912596 0.32587564267352204 0.8597515665167096 0.3758535507712084 0.8996751486182518 0.3896542952013712
0 1.0084765624999998 0.26854166666666685 0.9633593750000001 0.25994791666666683 0.9548828125000002 0.3390625000000002 1 0.3476562500000002
0 0.9927054227941176 0.395060661764706 0.9371557904411765 0.36155453431372553 0.8919958639705883 0.4946574754901961 0.9475454963235294 0.5281636029411766
0 0.47906249999999995 0.31369791666666663 0.46359374999999997 0.16932291666666668 0.40425781249999987 0.180625 0.4197265624999999 0.325