0 0.9510108612804877 0.06865091463414631 0.9009575076219513 0.005957825203252062 0.8684098704268294 0.0521544715447155 0.918463224085366 0.11484756097560975
0 1 0.007812500000000163 0.990234375 0.007812500000000161 0.990234375 0.05338541666666683 1 0.05338541666666683
0 0.3994140625 6.521882042334211e-17 0.373046875 6.306612097171591e-17 0.373046875 0.02473958333333339 0.3994140625 0.024739583333333395
0 0.501188666572398 0.07839602187028676 0.4306640624999999 0.033854166666666845 0.40743866657239813 0.09922935520362011 0.47796327064479627 0.14377121040724003
0 0.2783203125 0.0677083333333334 0.233203125 0.04765625000000004 0.216015625 0.11640625000000004 0.2611328125 0.1364583333333334
0 0.15099158653846154 0.19411057692307696 0.140625 0.18489583333333334 0.12379807692307691 0.2185496794871795 0.13416466346153846 0.2277644230769231
0 0.023473140967153285 0.19485629562043796 0.012695312499999995 0.16406249999999997 -0.006871578467153278 0.176237454379562 0.003906250000000011 0.20703125
0 0.05336525165929203 0.17537794985250735 0.05225041482300885 0.15308121312684364 0.028786988384955754 0.15516685103244837 0.029901825221238937 0.17746358775811205
0 0.11354325457317076 0.37706427845528456 0.09458365091463415 0.34546493902439024 0.05647389481707319 0.3861153455284552 0.07543349847560979 0.4177146849593496
0 0.38922413793103444 0.2963721264367816 0.3715247844827586 0.2753951149425288 0.34523168103448276 0.3148347701149426 0.3629310344827586 0.33581178160919545
0 0.14273902681484502 0.5348525013594345 0.14191699378058725 0.4964909597607396 0.09368627650897227 0.4983283204187059 0.09450830954323002 0.5366898620174008
0 0.08641387195121955 0.5086064532520326 0.034751333841463464 0.500952743902439 0.031130907012195164 0.5443978658536587 0.08279344512195126 0.5520515752032521
0 0.3828125000000001 0.5989583333333334 0.3574218750000001 0.5989583333333334 0.3574218750000001 0.6380208333333334 0.3828125000000001 0.6380208333333334
0 0.6093749999999998 0.7486979166666667 0.5946456319060772 0.7310226749539596 0.5711433874309391 0.7658408149171271 0.5858727555248617 0.7835160566298343
0 0.25420496323529407 0.890594362745098 0.22718290441176472 0.8597120098039215 0.1995404411764706 0.9027113970588234 0.22656249999999994 0.9335937499999999
0 0.3147479363207547 0.994717963836478 0.31325913915094333 0.9490615172955974 0.2571491745283019 0.9523142688679246 0.2586379716981132 0.9979707154088051
0 0.03515625000000004 0.9622395833333334 0.0029296875000000442 0.9479166666666666 -0.0078124999999999115 0.9908854166666665 0.02441406250000009 1.0052083333333333