0 0.7033203125 0.026822916666666786 0.6892578125 0.017447916666666844 0.681640625 0.03776041666666678 0.695703125 0.04713541666666673
0 0.6172138935810811 0.5596846846846847 0.6103515625 0.546875 0.5867029138513514 0.5693975225225226 0.5935652449324326 0.5822072072072072
0 0.3638323793316832 0.1736411922442245 0.3472018100247525 0.17142378300330038 0.3446975556930693 0.20481384075907594 0.36132812500000006 0.20703125000000006
0 0.83984375 0.76953125 0.8243336397058822 0.735064338235294 0.810546875 0.74609375 0.8260569852941178 0.780560661764706
0 1.0000000000000002 0.7044270833333335 0.9990234375000002 0.6770833333333334 0.9721127333144797 0.6787919494720964 0.9730892958144797 0.7061356994720966
0 0.4855018028846154 0.16045673076923084 0.4543269230769231 0.15214342948717957 0.45027043269230765 0.17918669871794876 0.4814453125 0.18750000000000006
0 0.053499516752577324 0.08364207474226808 0.034095119201030935 0.06001932989690723 0.011092541881443296 0.09361039518900345 0.030496939432989693 0.11723314003436429
0 1.0000000000000002 0.5611979166666666 0.9990234375000002 0.47135416666666674 0.9854393341820664 0.4716166614167717 0.9864158966820664 0.5614604114167716
0 0.81640625 1.3067682967464272e-16 0.775390625 1.2732818608322418e-16 0.775390625 0.0377604166666668 0.81640625 0.0377604166666668
0 0.3613281250000001 0.9492187500000002 0.3336342865566039 0.9287047955974844 0.3094044811320756 0.9868563286163524 0.3370983195754718 1.007370283018868
0 0.9304871757075472 0.7082891116352203 0.8944022700471699 0.699267885220126 0.8830041273584905 0.7803213443396229 0.9190890330188679 0.7893425707547173
0 0.9814453125 0.40885416666666696 0.9443359375 0.35937500000000006 0.9130859375 0.40104166666666674 0.9501953125 0.45052083333333365
0 0.26031692339716905 0.418408921384957 0.20858269150707748 0.3465558215376076 0.18455486313488761 0.37731144185401067 0.2362890950249792 0.44916454170136
0 0.6647897735155383 0.25101016231964496 0.632382205535516 0.22608126387347396 0.5984518070199778 0.3044981848871624 0.630859375 0.32942708333333337
0 0.7573985808486239 0.3072749426605506 0.7337747276376148 0.2738078172782875 0.6845792717889908 0.33554329128440374 0.708203125 0.3690104166666668
0 0.9315963615439091 0.37617667020774326 0.8669302186614731 0.34513692162417386 0.8517921166784703 0.4012039660056658 0.9164582595609063 0.4322437145892352
0 0.5459272540983606 0.908952356557377 0.5146036116803279 0.8022199453551911 0.46931352459016384 0.8258495560109289 0.5006371670081966 0.9325819672131147
0 1.0044907618613137 0.0584036648418491 0.9722570711678833 -0.033692594282238454 0.9055371806569342 0.007822004257907503 0.937770871350365 0.09991826338199505
0 0.5546874999999999 0.48046875 0.41164981617647045 0.3660386029411765 0.3683938419117646 0.4621629901960784 0.511431525735294 0.5765931372549019
0 0.4434280038066111 0.7126286493579734 0.2914014714016138 0.5718633415755685 0.23357534731259771 0.6828894998264795 0.3856018797175951 0.8236548076088844
0 0.9765797869296502 0.6023463728444988 0.8798929462173811 0.35148321856401665 0.6907691670322752 0.48106803022788563 0.7874560077445444 0.7319311845083677