0 0.12014920594262302 0.8042178961748634 0.09813652663934436 0.8015496926229508 0.09637551229508207 0.8273779030054645 0.11838819159836071 0.8300461065573771
0 0.3848367092720971 0.49576428004043904 0.35644531250000006 0.4609375 0.33927846078856155 0.48581699523396876 0.3676698575606586 0.5206437752744077
0 0.13867187500000003 0.4596354166666667 0.11425781250000003 0.4427083333333333 0.10076304707178844 0.4773102959697733 0.12517710957178846 0.4942373793031066
0 0.9687500000000002 0.9153645833333336 0.9414062500000002 0.8789062500000002 0.9208984375000002 0.9062500000000002 0.9482421875000002 0.9427083333333336
0 0.9025390625 0.19479166666666667 0.89296875 0.15651041666666668 0.8548828125 0.17343749999999994 0.864453125 0.21171874999999993
0 0.15940504807692307 0.22025240384615383 0.15294471153846156 0.17718349358974358 0.10787259615384617 0.18920272435897434 0.11433293269230771 0.2322716346153846
0 0.5803034855769231 0.7137419871794872 0.5559044471153846 0.6719150641025641 0.5242638221153846 0.7047275641025641 0.548662860576923 0.7465544871794872
0 0.780227481617647 0.5023284313725491 0.7488855698529411 0.4757352941176472 0.7115693933823529 0.5539215686274511 0.7429113051470588 0.580514705882353
0 0.8592026654411764 0.09076286764705888 0.8026769301470589 0.07192095588235305 0.79296875 0.12369791666666678 0.8494944852941175 0.1425398284313726
0 0.324609375 0.7294270833333333 0.299609375 0.6294270833333333 0.25273437500000007 0.6502604166666667 0.277734375 0.7502604166666667
0 0.837890625 1.2924169670689191e-16 0.740234375 1.2126873577494299e-16 0.740234375 0.07682291666666678 0.837890625 0.0768229166666668
0 0.876953125 0.2682291666666668 0.79296875 0.2682291666666668 0.79296875 0.4153645833333334 0.876953125 0.4153645833333334
0 0.48831923298362334 0.813543532497441 0.4691958002814739 0.6159347279085636 0.3932798106448311 0.6289955433299215 0.4124032433469805 0.8266043479187989
0 0.6990552283091673 0.35065871531025883 0.5515129867282507 0.2728845104458996 0.5176576020229187 0.3870634549423137 0.6651998436038353 0.4648376598066729