0 0.8591531440162271 0.06683939739688978 0.8361573751267747 0.026495943204868175 0.8031265846855982 0.05996714418526038 0.8261223535750506 0.100310598377282
0 0.4955078124999999 0.016666666666666698 0.469140625 0.004947916666666696 0.45703125 0.0533854166666667 0.4833984374999999 0.0651041666666667
0 0.36783738322953735 0.03089783511269282 0.32536212744661913 0.0012325771055753166 0.3089239045818505 0.043075326215895604 0.3513991603647687 0.0727405842230131
0 0.21408829599056603 0.014052672955974854 0.19468602594339623 -0.00031937893081758576 0.17515477594339623 0.04655562106918242 0.19455704599056606 0.060927672955974864
0 0.29882812500000006 0.22265625000000003 0.28211075774336286 0.21330890486725668 0.26941544524336286 0.25367348820059005 0.2861328125 0.26302083333333337
0 0.40359805045871566 0.26382119648318053 0.39160156249999994 0.25520833333333337 0.3831977494266055 0.27601777522935783 0.3951942373853211 0.28463063837920505
0 0.3949238885309278 0.4754617697594502 0.38157417847938147 0.468615764604811 0.3782518524484536 0.48013316151202756 0.3916015625 0.48697916666666674
0 0.5989615563118812 0.5213103341584159 0.5878422803217822 0.37305332095709576 0.49772780012376233 0.38506858498349833 0.5088470761138614 0.5333255981848185
0 0.5789348323170731 0.33784298780487804 0.560527820121951 0.284667174796748 0.544240663109756 0.2946900406504065 0.5626476753048779 0.3478658536585365
0 0.7174621315502183 0.39337131550218357 0.6920885644104803 0.3675002274381369 0.6665316252729256 0.4120610443959244 0.6919051924126637 0.43793213245997104
0 0.6515624999999999 0.57734375 0.6181640624999999 0.5625 0.612109375 0.58671875 0.6455078124999999 0.6015625
0 0.8203125 0.68359375 0.8038576916436464 0.6332613950276242 0.7657717541436464 0.6553968116942909 0.7822265625 0.7057291666666666