0 0.016625381097561065 0.8616933434959351 0.0009765625000000776 0.8593750000000001 -0.0025009527439023627 0.9011051829268292 0.013147865853658625 0.9034235264227642
0 0.35579044117647063 0.1493719362745099 0.3405560661764706 0.14780943627450988 0.3382008272058824 0.1886335784313726 0.3534352022058824 0.19019607843137262
0 0.103515625 0.3528645833333333 0.0915264423076923 0.33231169871794874 0.06853966346153847 0.3561498397435897 0.08052884615384617 0.37670272435897434
0 0.05241765202702715 0.9727266328828831 0.03523543074324338 0.9563626126126128 0.015704180743243423 0.9928209459459459 0.032886402027027195 1.0091849662162162
0 0.703125 0.5351562500000001 0.6902140427839117 0.5132467468454259 0.6565734670741326 0.5484892547318613 0.6694844242902208 0.5703987578864355
0 0.2564440684713376 0.41046311040339717 0.23755971337579615 0.39672903397027603 0.21692127786624202 0.44717854299363063 0.23580563296178347 0.4609126194267517
0 0.103515625 0.06640625000000001 0.07393897804054053 0.054272240990991 0.06496516047297296 0.09315878378378378 0.09454180743243243 0.10529279279279281
0 0.6292578124999999 0.5058854166666668 0.6006640624999999 0.4772916666666668 0.5796874999999999 0.5145833333333335 0.6082812499999999 0.5431770833333334
0 0.6210937500000001 0.9127604166666666 0.6194643473756907 0.8714822168508288 0.5660555507596685 0.875230202578269 0.567684953383978 0.9165084023941069
0 0.173828125 0.1809895833333334 0.16113281249999997 0.1640625 0.115234375 0.22526041666666669 0.1279296875 0.24218750000000006
0 0.556640625 0.03515625000000012 0.5228365384615384 0.005108173076923172 0.49504206730769224 0.06069711538461542 0.5288461538461539 0.09074519230769236
0 0.77734375 0.6328125000000002 0.71875 0.6328125000000001 0.71875 0.6966145833333335 0.77734375 0.6966145833333336
0 0.25604115099009905 0.27638201320132016 0.21177676361386139 0.2538985148514852 0.1862043626237624 0.3434019183168317 0.23046875000000006 0.36588541666666674
0 0.7595169026474531 0.4251459171134942 0.7080078125 0.39843750000000006 0.6839629063337801 0.4808771782841824 0.7354719964812332 0.5075855953976766
0 0.6210095097843451 0.7853600905218319 0.5262392671725239 0.7803056775825347 0.5242549420926517 0.8464498469116081 0.6190251847044729 0.8515042598509053
0 0.03532454502311 0.5654437658193021 0.0010836007139320369 0.5637835988224935 -0.0029909443091779035 0.7131835830031912 0.031250000000000056 0.7148437499999998
0 0.3769531250000001 0.7330729166666667 0.323313406422652 0.5510229627071824 0.2560568456491713 0.5862525897790056 0.30969656422651937 0.7683025437384899