0 0.6964062499999999 0.19901041666666672 0.6820703124999999 0.06520833333333335 0.5978515625 0.08125 0.6121874999999999 0.21505208333333334
0 0.787109375 0.13802083333333345 0.75390625 0.13802083333333345 0.75390625 0.16927083333333345 0.787109375 0.16927083333333345
0 0.8608298141891891 0.4014344031531534 0.8189727618243243 0.38373873873873887 0.8031894003378378 0.45010979729729744 0.8450464527027026 0.4678054617117119
0 0.9309682377049178 0.6802424863387979 0.8724001024590164 0.6618681693989072 0.8618980532786885 0.7213797814207652 0.92046618852459 0.7397540983606559
0 0.46317213038632987 0.16963650012382372 0.4523660963038633 0.12379271916790495 0.41595177841753345 0.1390520523774146 0.4267578125 0.18489583333333337
0 0.39238601434426235 0.1525572062841531 0.3547003073770492 0.14798924180327874 0.3504898821721312 0.20974214480874323 0.38817558913934425 0.21431010928961758
0 0.30270397616731515 0.1790339250972763 0.2820137706712062 0.14776872568093388 0.2549474100194552 0.17961150291828795 0.27563761551556415 0.21087670233463038
0 0.34251341750761616 0.5765410795887281 0.24159174481150036 0.43516557184564614 0.1905884067974105 0.4998926996064991 0.29151007949352625 0.6412682073495812
0 0.431640625 0.6549479166666666 0.415236569522472 0.6499005149812735 0.41128642907303387 0.6727235486891386 0.42769048455056186 0.6777709503745318
0 0.28968750000000015 0.9407812500000002 0.1789453125000001 0.9196875000000001 0.1711328125000001 0.9926041666666667 0.28187500000000015 1.0136979166666669
0 0.06445312500000008 0.8828125 0.035156250000000076 0.8828125 0.03515625000000008 0.9088541666666666 0.06445312500000008 0.9088541666666666
0 0.5060405653137788 0.9824156576853116 0.47066848567530695 0.9277068411778082 0.43883228171896305 0.9643001790586632 0.4742043613574351 1.0190089955661665