0 0.766388516708701 0.42335770018915514 0.6618475626576292 0.27424502154266517 0.610819031762295 0.3378457991803281 0.7153599858133668 0.48695847782681806
0 0.7672948849306429 0.42222802385456076 0.6609323277900376 0.27051708963850357 0.6089974286727615 0.33524754361076087 0.7153599858133668 0.48695847782681806
0 0.7168221745466322 0.359503184369603 0.6396484375000001 0.29947916666666685 0.6168029468911918 0.3516974309153715 0.693976683937824 0.4117214486183076
0 0.3823747306034483 0.2403915229885058 0.35802801724137934 0.16464619252873564 0.2573747306034483 0.2221623563218391 0.28172144396551724 0.2979076867816092
0 0.38339642396907214 0.24499301975945018 0.3610462306701031 0.16751234965635745 0.2581749355670103 0.2202668599656358 0.28052512886597936 0.29774753006872856
0 0.17382812500000006 0.2734375 0.14453125000000006 0.2734375 0.14453125000000006 0.3177083333333333 0.17382812500000006 0.3177083333333333
0 0.1781376234290844 0.31735066950927593 0.1728515625 0.27083333333333337 0.14126143121633752 0.27721517803710355 0.1465474921454219 0.3237325142130461
0 0.797918911637931 0.4880567528735632 0.7844827586206897 0.44625538793103453 0.7580818965517242 0.46134159482758624 0.7715180495689655 0.5031429597701149
0 0.801953125 0.48880208333333325 0.7865234375 0.4476562499999999 0.7576171875 0.46692708333333327 0.773046875 0.5080729166666667
0 0.818359375 0.3750000000000001 0.80078125 0.3750000000000001 0.80078125 0.4101562500000001 0.818359375 0.4101562500000001
0 0.5808963260135135 0.7122747747747751 0.5524440456081081 0.6851773648648651 0.5424144847972974 0.7038992117117119 0.5708667652027027 0.7309966216216218
0 0.6015625 0.6210937500000001 0.5732421875 0.5937500000000002 0.5618205196957878 0.6147803724648989 0.5901408321957878 0.6421241224648988
0 0.22460937500000006 0.9804687500000002 0.20214843750000006 0.9557291666666667 0.18451106039325843 0.9841965121722848 0.20697199789325843 1.0089360955056181
0 0.3977523053278689 0.37432547814207656 0.38049756659836065 0.36891222677595636 0.3714171362704918 0.4203679986338799 0.38867187500000006 0.4257812500000001
0 0.5960018382352941 0.43147977941176474 0.5654181985294118 0.40553002450980397 0.5494944852941177 0.43889399509803934 0.580078125 0.46484375000000006
0 0.5625000000000001 0.8789062500000001 0.533203125 0.83984375 0.5107421875 0.8697916666666667 0.5400390625 0.9088541666666669
0 0.08788389008620696 0.5691181752873563 0.04957570043103453 0.5648617097701151 0.046221713362069025 0.6185255028735632 0.08452990301724146 0.6227819683908045
0 0.08007976766190071 0.8925359633445472 0.06347656249999997 0.8125 0.020125893608073996 0.8284874807261002 0.036729098769974745 0.9085234440706474