0 0.7210805646713383 0.12491569614422957 0.6999269794956573 0.06169808527437836 0.61722952341591 0.11089246940386903 0.638383108591591 0.17411008027372024
0 0.46418391047297297 0.01164836711711712 0.46223078547297297 -0.00397663288288288 0.4443359374999999 0 0.4462890624999999 0.015625
0 0.17187500000000003 0.014322916666666704 0.16068507445848376 0.011079459987966334 0.15580226195848376 0.041027376654633 0.16699218750000003 0.04427083333333337
0 0.2367235137195122 0.01490091463414635 0.22026962652439025 -0.019004065040650397 0.19824218749999997 0 0.21469607469512192 0.03390497967479675
0 0.10732387689614935 0.11819330999611048 0.0969041715285881 0.01746949144301829 0.048326739352392054 0.026403272073123304 0.058746444719953314 0.1271270906262155
0 0.28808593750000006 0.30989583333333337 0.22851562500000006 0.23046875000000006 0.15820312500000006 0.32421875000000006 0.21777343750000006 0.40364583333333337
0 0.341796875 0.2877604166666667 0.3375919925307557 0.26132972685998823 0.30536543003075567 0.27044431019332166 0.3095703125 0.296875
0 0.4222166063881664 0.5342605385782402 0.38100922464239273 0.514956179562202 0.36504515807867355 0.5755377654963156 0.4062525398244473 0.5948421245123539
0 0.4868871228448276 0.8318606321839082 0.44293507543103444 0.7822737068965518 0.41796875 0.8216145833333335 0.46192079741379316 0.8712015086206898
0 0.8984160958904107 0.47759346461187213 0.8472308433219176 0.422345890410959 0.8127996575342464 0.4790560787671234 0.8639849101027396 0.5343036529680366
0 0.9199218749999998 0.7434895833333335 0.9111328125 0.7291666666666672 0.8987952506188119 0.7426258250825089 0.9075843131188117 0.756948741749175
0 1.0030417520491806 0.8368980532786885 0.9777952100409838 0.7748890027322404 0.9317194396279949 0.8082390841740227 0.9569659816361916 0.8702481347204709