0 0.28515625 0.029947916666666696 0.2630031115687679 -0.02231076886341931 0.2333984375 -1.4802973661668754e-17 0.2555515759312321 0.05225868553008599
0 0.712890625 0.0013020833333334469 0.64453125 0.0013020833333334412 0.64453125 0.10156250000000012 0.712890625 0.10156250000000012
0 0.8203125 0.0013020833333334666 0.7912964257188497 -0.0002454406283278828 0.7906755441293929 0.020450612353567748 0.8196916184105433 0.021998136315229098
0 0.9690089606629393 0.04899660543130989 0.9674458366613419 -0.0031075279552715608 0.8995076627396166 0.0005158413205537781 0.901070786741214 0.052619974707135225
0 0.9936899038461539 0.0642027243589745 0.9493689903846153 0.05238381410256423 0.9410306490384615 0.10797275641025654 0.9853515625 0.11979166666666681
0 1.0000145963078293 0.0028747775800713415 0.9865686165480427 0.0025365139383157023 0.9855774577402137 0.0725784030249112 0.9990234375000002 0.07291666666666684
0 0.4354897799939099 0.44433236906211954 0.367748934226553 0.39375253755582634 0.351429278319123 0.43260886114494534 0.4191701240864799 0.48318869265123854
0 0.44946120689655167 0.5588811063218391 0.44694234913793096 0.5017869971264368 0.4008014547413793 0.5054058908045977 0.4033203125 0.5625
0 0.2650482382550336 0.5689929390380313 0.24306575083892623 0.4029030341163311 0.1612835570469799 0.4221459032438479 0.18326604446308725 0.588235808165548
0 0.11518629807692311 0.36703926282051286 0.09838040865384617 0.3419951923076923 0.07354567307692311 0.37162259615384613 0.09035156250000004 0.39666666666666667
0 0.04508660475978648 0.32804715302491105 0.0438931828291815 0.24371200326215897 -0.0009758674377224191 0.244840784400949 0.0002175544928825622 0.3291759341637011
0 0.06835937500000004 0.5846354166666666 0.008106806506849385 0.5545091324200914 -0.01938409674657531 0.6522545662100456 0.040868471746575354 0.682380850456621
0 0.19921875000000003 0.6783854166666667 0.1841300126445087 0.6509513487475916 0.1760013999277457 0.6588993256262045 0.191090137283237 0.6863333935452796
0 0.5201606115328111 0.773477034361737 0.4189453125000001 0.7109375000000002 0.38254468658178264 0.8156691254489064 0.4837599856145937 0.8782086598106434