0 0.949384014423077 0.6914663461538463 0.9384765625000002 0.6875000000000002 0.9363581730769232 0.6978565705128207 0.947265625 0.7018229166666669
0 0.20703124999999994 0.5768229166666666 0.19767968749999998 0.5588125 0.18864062499999995 0.56715625 0.19799218749999992 0.5851666666666666
0 0.6588671875000001 0.03937500000000012 0.6430078124999999 0.03635416666666678 0.640390625 0.06078125000000011 0.65625 0.06380208333333345
0 1 0.05729166666666683 0.986328125 0.05729166666666683 0.986328125 0.09375000000000015 1 0.09375000000000017
0 0.5683862528669724 0.7214736238532109 0.5504497563073395 0.7085961391437309 0.5426103784403671 0.7280079319571866 0.560546875 0.7408854166666666
0 0.51953125 0.7552083333333334 0.5068359375 0.7552083333333334 0.5068359375 0.7955729166666666 0.51953125 0.7955729166666666
0 0.17187500000000003 0.4596354166666667 0.14316406249999997 0.446875 0.13847656249999998 0.465625 0.16718750000000002 0.4783854166666667
0 0.9113753980891721 0.6926502786624205 0.8916015625 0.6848958333333335 0.88671875 0.7070312500000001 0.9064925855891721 0.7147856953290872
0 0.9555311694587628 0.3414143041237114 0.9484334729381443 0.31680895618556715 0.9282780283505154 0.32714508161512046 0.935375724871134 0.3517504295532647
0 0.09723950039808921 0.42194134819532914 0.07397616441082805 0.41281847133757965 0.06853353901273888 0.43749170647558394 0.09179687500000004 0.44661458333333337
0 0.8225298713235295 0.8131740196078431 0.8209329044117648 0.7854932598039216 0.7962890625 0.7880208333333335 0.7978860294117647 0.815701593137255
0 1.0000162422037424 0.4212442610880111 0.9990234375000002 0.3802083333333333 0.9740997758575884 0.3812803187803188 0.9750925805613306 0.42231624653499655
0 0.4389430732484077 0.3754893179405521 0.3971748109076433 0.35910960721868374 0.3905814589968153 0.38899946921443745 0.43234972133757965 0.40537917993630584
0 0.60546875 0.2682291666666668 0.568359375 0.2682291666666668 0.568359375 0.3098958333333334 0.60546875 0.3098958333333334
0 0.1748046875 0.12109375000000006 0.1152607685810811 0.10786176801801806 0.11172402871621623 0.136155686936937 0.17126794763513514 0.14938766891891897
0 0.8052914663461538 0.274911858974359 0.7776592548076922 0.24194711538461539 0.7516075721153845 0.2807692307692308 0.779239783653846 0.3137339743589745
0 0.7204984306768558 0.21540097343522588 0.6837430062772925 0.17792485443959258 0.6617341020742357 0.21629935407569162 0.698489526473799 0.2537754730713249
0 0.26643093633828996 0.11370721034696407 0.2594171119888476 0.04201033921933087 0.22192655088289964 0.04853043680297399 0.228940375232342 0.12022730793060718
0 0.22348257211538464 0.34865785256410253 0.18952824519230768 0.28074919871794873 0.15099158653846154 0.3150040064102564 0.18494591346153846 0.38291266025641024
0 0.58515625 0.55546875 0.5773888221153847 0.47261618589743587 0.5312349759615383 0.4803084935897436 0.5390024038461537 0.5631610576923076
0 0.14062500000000003 0.38671875 0.12312077702702703 0.3108671171171171 0.07645692567567568 0.3300112612612613 0.09396114864864866 0.40586289414414417