0 0.2452320772058824 0.11006433823529417 0.17491957720588236 0.08662683823529416 0.16308593750000003 0.14973958333333337 0.2333984375 0.17317708333333337
0 0.173828125 0.16796875 0.14522287383952254 0.16090572502210435 0.14059909648541113 0.1941969219717065 0.1692043476458886 0.20125994694960217
0 0.09186422413793102 0.31227550287356326 0.08704876077586206 0.23522808908045978 0.049063846982758605 0.2394486350574713 0.05387931034482758 0.31649604885057475
0 0.2845715565286625 0.425474389596603 0.20971835191082802 0.37103569532908703 0.17124054538216563 0.46509255573248415 0.24609375000000006 0.5195312500000001
0 0.2107421875 0.6205729166666666 0.15957031250000003 0.4841145833333334 0.08535156250000003 0.5335937500000001 0.1365234375 0.6700520833333332
0 0.30616957720588234 0.1982689950980392 0.292727481617647 0.17735906862745096 0.2675551470588235 0.20612745098039215 0.28099724264705883 0.22703737745098038
0 0.47426073656429946 0.3738328734804863 0.440977012356046 0.22097428822776716 0.362184725887716 0.2514745281509917 0.39546845009596937 0.40433311340371086
0 0.4124885110294117 0.5009803921568629 0.40010340073529405 0.4750306372549021 0.39062499999999994 0.4830729166666668 0.4030101102941176 0.5090226715686276
0 0.6569412745786517 0.3412336142322097 0.6474609375 0.28645833333333337 0.6022428019662922 0.3003716058052435 0.6117231390449438 0.3551468867041198
0 0.6326715528350515 0.23024054982817874 0.5647148840206186 0.18996993127147777 0.5525531572164949 0.22645511168384894 0.6205098260309279 0.2667257302405499
0 0.7395365538280476 0.5444437561942518 0.6357421875 0.5026041666666667 0.6102131596878098 0.6151937252229931 0.7140075260158574 0.6570333147505782
0 0.9768667702151334 0.9350426557863504 0.9687934671735903 0.8965983555885263 0.939453125 0.9075520833333334 0.9475264280415431 0.9459963835311574