0 0.7272225215517241 0.05923132183908049 0.7080078124999999 0.03645833333333339 0.6814991918103447 0.07622126436781625 0.7007139008620689 0.09899425287356335
0 0.9563878676470587 0.4986519607843139 0.9268152573529409 0.48988970588235303 0.9217830882352939 0.5200827205882353 0.9513556985294116 0.5288449754901963
0 0.4554342830882353 0.15007659313725485 0.43537454044117646 0.11887254901960782 0.3971737132352941 0.162530637254902 0.4172334558823529 0.19373468137254904
0 0.7368401604729731 0.3926379504504504 0.7227776604729732 0.35722128378378387 0.703125 0.37109375000000006 0.7171875 0.4065104166666666
0 0.486328125 0.2708333333333334 0.38671875 0.2708333333333334 0.38671875 0.3242187500000001 0.486328125 0.3242187500000001
0 0.4885229733910892 0.27672493811881194 0.43998491646039606 0.2702531971947195 0.4374903310643564 0.30351433580858095 0.48602838799504955 0.30998607673267337
0 0.35640351410505844 0.1983270509079119 0.2933958535992218 0.17603862678339824 0.2821627249513619 0.23249229896238657 0.34517038545719847 0.2547807230869002
0 0.18209134615384617 0.25090144230769235 0.12086838942307691 0.2345753205128205 0.11440805288461538 0.2776442307692308 0.17563100961538464 0.2939703525641026
0 0.05374931768558955 0.32004526018922863 0.03613281250000002 0.30208333333333337 0.026985534934497846 0.31803243267831155 0.04460204012008737 0.3359943595342068
0 0.16228141191709844 0.4026945703799656 0.14829076262953367 0.3318086139896374 0.07205310880829016 0.35855866796200353 0.08604375809585493 0.4294446243523317
0 0.342971673292797 0.42779344987527296 0.26982906045369504 0.38923765396008736 0.2476522304724041 0.4640301001714999 0.32079484331150604 0.5025858960866855
0 0.20171066810344832 0.5655980603448276 0.18652343750000006 0.5651041666666666 0.1854086931480381 0.6260435245739199 0.20059592375148635 0.6265374182520809
0 0.21704986367449663 0.542446168903803 0.20310664848993287 0.47991296140939593 0.1551882340604027 0.49890764821029077 0.16913144924496643 0.5614408557046979
0 0.1328125 0.8919270833333334 0.11523437500000004 0.8684895833333335 0.08789062500000004 0.9049479166666667 0.10546875 0.9283854166666666
0 0.04101562500000009 0.8684895833333336 0.024414062500000045 0.8463541666666667 0.0009765625000000445 0.8776041666666667 0.01757812500000009 0.8997395833333336
0 0.041015625 0.9986979166666666 0.04013511782786886 0.9857838114754098 0.019002945696721306 0.9883452868852459 0.019883452868852448 1.0012593920765027
0 0.03769531250000004 0.9502604166666668 0.025976562500000043 0.9424479166666668 0.02148437500000009 0.9544270833333334 0.03320312500000009 0.9622395833333334
0 0.06520432692307691 0.9568309294871795 0.06265024038461538 0.939803685897436 0.03861177884615387 0.9462139423076924 0.041165865384615405 0.963241185897436
0 0.06542968750000003 0.9557291666666665 0.060742187500000024 0.9369791666666667 0.0390625 0.9466145833333334 0.04375 0.9653645833333332
0 0.10349719929245293 0.9706171383647799 0.08691406250000004 0.9583333333333335 0.07235775353773591 0.9932684748427675 0.08894089033018879 1.0055522798742138
0 0.3534895446958457 0.9348340133531159 0.32581544417655794 0.9245023491592483 0.3103585172477746 0.9981067631058359 0.33803261776706234 1.0084384272997033
0 0.20898437500000008 0.96875 0.19042968750000008 0.96875 0.19042968750000008 0.9986979166666666 0.20898437500000008 0.9986979166666666
0 0.39535679768041243 0.7299452319587629 0.3757852770618557 0.7183472938144332 0.3573816043814433 0.7735583118556703 0.376953125 0.7851562500000002
0 0.455078125 0.9127604166666667 0.4375 0.8971354166666667 0.4254807692307693 0.9211738782051282 0.4430588942307693 0.9367988782051282
0 0.5761718750000001 0.9283854166666666 0.5159619701036654 0.8744268133715908 0.4905243428359867 0.9248884479513761 0.5507342477323215 0.978847051246452
0 0.6723961112593382 0.7520691591070794 0.6683939767876199 0.7061780171647101 0.6117022828842049 0.7149674270722163 0.6157044173559231 0.7608585690145856
0 0.6057421875000001 0.6471875 0.577609375 0.62121875 0.5519453125 0.6706458333333334 0.5800781250000001 0.6966145833333335