0 0.17432684456650832 0.11694007323832145 0.17133684679334918 0.0013268260095011864 0.11469622179334918 0.003930992676167853 0.11768621956650831 0.11954423990498812
0 0.06778492647058823 0.24563419117647056 0.007812500000000017 0.22786458333333331 -0.003607536764705865 0.2963848039215687 0.05636488970588236 0.31415441176470593
0 0.3457375629722922 0.15075304366078926 0.32805612405541557 0.07609807934508814 0.2970225913098236 0.08916482997481107 0.31470403022670024 0.16381979429051216
0 0.452054794520548 0.3731628139269408 0.4239619006849315 0.3428403253424659 0.38848458904109595 0.4012735445205481 0.4165774828767124 0.4315960331050229
0 0.4583087858606557 0.33097677595628433 0.44815253586065573 0.3091017759562842 0.425358606557377 0.3279158128415301 0.435514856557377 0.3497908128415302
0 0.587890625 0.2877604166666668 0.5821431769340973 0.2742023340496658 0.5522810709169055 0.29670710959885394 0.558028518982808 0.3102651922158549
0 0.28932418544457983 0.4126953917986196 0.23535156250000008 0.37239583333333337 0.22316177869975648 0.40141912809581815 0.2771344016443362 0.44171868656110436
0 0.2639454552375152 0.6583894767559888 0.21750937309683316 0.6409263347543647 0.20029047084348361 0.722324781770199 0.2467265529841657 0.7397879237718231
0 0.22848522616731515 0.9355494082360571 0.197543014348249 0.8991468060959792 0.17195099708171205 0.9378191877431907 0.20289320890077817 0.9742217898832685
0 0.03710937500000009 0.953125 0.0009765625000000874 0.953125 0.0009765625000000893 0.9921875 0.03710937500000009 0.9921875
0 0.5126953125 0.8723958333333336 0.4892578125 0.8411458333333335 0.4580078125 0.8828125 0.4814453125000001 0.9140625000000001