0 1.0000072115384617 0.09710817307692324 0.9651015625000001 0.09629166666666683 0.9641177884615386 0.17105849358974373 0.9990234375000002 0.17187500000000014
0 0.654296875 0.0013020833333333333 0.6055654158215009 -0.04543452079107505 0.565526353321501 0.028784229208924945 0.6142578125 0.07552083333333333
0 0.560546875 8.698500376756265e-17 0.5048828125 8.244041603635177e-17 0.5048828125 0.09375000000000008 0.560546875 0.09375000000000008
0 0.18164062500000003 0.003906250000000015 0.17496093750000002 -0.007968749999999991 0.16699218750000006 1.4802973661668754e-17 0.17367187500000003 0.011875000000000021
0 0.09472656250000001 0.08854166666666667 0.07745312500000001 0.08435416666666666 0.06964062500000001 0.14164583333333333 0.08691406250000001 0.14583333333333334
0 0.24144888166243655 0.30522287436548223 0.23434029980964466 0.1725293464467005 0.15647307265228427 0.1799452728426396 0.16358165450507614 0.31263880076142136
0 0.11132812500000004 0.4817708333333333 0.07714843750000004 0.4817708333333333 0.07714843750000004 0.5208333333333334 0.11132812500000004 0.5208333333333334
0 0.12529989303178485 0.7787578952730237 0.06502998930317846 0.5319382895273024 -0.02108992970660146 0.5693236807253464 0.039179974022004904 0.8161432864710677
0 0.146484375 0.7955729166666666 0.13351597850678737 0.7647494815233787 0.0934769160067874 0.7946973981900454 0.10644531250000003 0.8255208333333334
0 0.12586503016085793 0.9251012343610368 0.06517258713136731 0.8275783344504021 0.03032422922252014 0.8661339644772118 0.09101667225201075 0.9636568643878464
0 0.015625000000000087 0.9192708333333334 0.0009765625000000844 0.9192708333333334 0.0009765625000000865 0.96875 0.01562500000000009 0.96875
0 0.05664062500000007 0.9361979166666666 0.03613281250000009 0.9296875 0.03246546405579409 0.9502246512875536 0.05297327655579407 0.9567350679542203
0 0.421875 0.8958333333333334 0.4111328125 0.8958333333333334 0.4111328125 0.9088541666666666 0.421875 0.9088541666666666
0 0.7980530144891944 0.7969952316633926 0.7747651645383105 0.7476797847085791 0.7033820911100197 0.807606315487885 0.7266699410609037 0.8569217624426984
0 0.34586397058823526 0.8426317401960783 0.3431870404411765 0.7962316176470589 0.29733455882352944 0.8009344362745099 0.3000114889705882 0.8473345588235295
0 0.37377132789317513 0.8401142124134521 0.34327186109050456 0.8287277448071217 0.33428574740356093 0.8715187623639962 0.3647852142062315 0.8829052299703265
0 0.458984375 0.76953125 0.422825168918919 0.7020340653153153 0.38033150337837845 0.742504222972973 0.4164907094594595 0.8100014076576577
0 0.326171875 0.6080729166666666 0.30984612120607025 0.5685686235356762 0.2619945587060703 0.6037248735356762 0.27832031250000006 0.6432291666666666
0 0.3514143056906615 0.5591510619325551 0.296818002188716 0.5546013699740597 0.29463688594357984 0.6011318498702983 0.34923318944552534 0.6056815418287937
0 0.3769531249999999 0.6158854166666665 0.36973516220364094 0.6029428626869885 0.32316776698772226 0.6491122459779848 0.3303857297840812 0.6620547999576628
0 0.45623446031591264 0.5307949817992721 0.39985892404446177 0.47636342953718164 0.37547990200858034 0.521251787571503 0.4318554382800312 0.5756833398335935
0 0.435546875 0.40234375 0.41775342377630376 0.3813305314120158 0.36964275503202193 0.4537551940378163 0.3874362062557182 0.4747684126258005
0 0.5620892151082131 0.5927138249167593 0.5390028874167592 0.539358756474288 0.4355804748196449 0.6189144584720682 0.4586668025110988 0.6722695269145395
0 0.6432444852941177 0.6105085784313727 0.5886374080882354 0.5481004901960785 0.5638212316176472 0.5867034313725491 0.6184283088235295 0.6491115196078433
0 0.625 0.6888020833333334 0.6173509589592274 0.6459674535050071 0.5494903433476395 0.6675105060801144 0.557139384388412 0.7103451359084406
0 0.7344584130741337 0.4580112224684394 0.6911827659145849 0.3854198143298416 0.6438285341962128 0.43560720521085156 0.6871041813557615 0.5081986133494493
0 0.765625 0.4088541666666668 0.734375 0.4088541666666668 0.734375 0.4335937500000001 0.765625 0.4335937500000001
0 0.6230569426546391 0.3258161512027492 0.6033746778350515 0.25758429982817876 0.5633255476804123 0.27812231529209624 0.5830078125 0.3463541666666667
0 0.44160565556152626 0.1856045976625471 0.39682388920607203 0.18462576123947708 0.39554664410934987 0.28850836243954875 0.440328410464804 0.2894871988626188
0 0.708359375 0.2948958333333334 0.6850390625 0.25343750000000004 0.6728515625 0.26562500000000006 0.6961718749999999 0.3070833333333335
0 0.6934765624999999 0.2497916666666667 0.6818359374999999 0.14114583333333333 0.6476562499999998 0.14765625000000002 0.6592968749999998 0.2563020833333334
0 0.7490234375000001 0.20052083333333334 0.7382812500000001 0.10286458333333333 0.693922946397494 0.11153909603782343 0.704665133897494 0.20919534603782342
0 0.650390625 0.09765624999999997 0.64375 0.07109374999999997 0.595703125 0.09244791666666664 0.60234375 0.11901041666666663
0 0.498046875 0.4505208333333334 0.4853515625 0.4505208333333334 0.4853515625 0.4661458333333334 0.498046875 0.4661458333333334