0 1.0002527573529412 0.10464154411764708 0.9990234375 0.08333333333333336 0.9796070772058825 0.08532475490196083 0.9808363970588235 0.10663296568627453
0 0.5974978885135134 0.4609023085585587 0.5773067989864864 0.44664977477477485 0.5686127533783784 0.4685458896396397 0.5888038429054053 0.4827984234234235
0 0.2523198882918552 0.4360506221719458 0.25149356617647056 0.4129136029411765 0.22616038602941177 0.4145220588235294 0.2269867081447964 0.4376590780542987
0 0.9825230731865284 0.9653564874784112 0.9766788779145077 0.935745898100173 0.953125 0.9440104166666669 0.9589691952720205 0.9736210060449051
0 1.0000000000000002 0.66796875 0.9970703125000002 0.6197916666666666 0.9768275467162553 0.6219800737784229 0.9797572342162553 0.6701571571117563
0 0.740955528846154 0.6227764423076925 0.7161658653846155 0.6137620192307695 0.7094050480769232 0.646814903846154 0.7341947115384617 0.6558293269230772
0 1.0000000000000002 0.7539062500000001 0.9970703125000002 0.6927083333333335 0.9777838635595131 0.6943497332431622 0.9807135510595131 0.7555476499098288
0 0.6083984375 0.25000000000000017 0.5849609375 0.21875000000000017 0.568359375 0.24088541666666685 0.591796875 0.27213541666666685
0 0.2001953125 0.23177083333333334 0.18261718750000003 0.20833333333333337 0.162109375 0.2356770833333334 0.1796875 0.25911458333333337
0 0.08387458394970415 0.24592424802761345 0.04296297152366864 0.2231955744575937 0.03545095229289942 0.2472340359960552 0.07636256471893493 0.26996270956607493
0 0.15332031249999994 0.5989583333333335 0.130859375 0.5690104166666667 0.10253906250000007 0.6067708333333334 0.12500000000000003 0.63671875
0 0.4955537025429799 0.2913943111270297 0.4657363672994269 0.2803508536294174 0.4537601853510028 0.337836526981853 0.48357752059455583 0.3488799844794652
0 0.931650666773779 0.30705401135389887 0.9031571336760926 0.24246866966580966 0.8795991323907455 0.2609455334190231 0.9080926654884319 0.3255308751071123
0 0.28827484631147543 0.15764600409836074 0.25774846311475413 0.13244962431694 0.22757108094262296 0.19744706284153016 0.25809746413934426 0.2226434426229509
0 0.6333212947974702 0.4842995140666568 0.6211662459061136 0.4571051673944689 0.504935162484942 0.5494638734126388 0.5170902113762987 0.5766582200848267
0 0.46990282012195117 0.10706300813008134 0.4340034298780487 0.0033536585365854243 0.38929115853658525 0.030868902439024442 0.42519054878048773 0.13457825203252036
0 0.9595703125 0.678125 0.9114940068493149 0.5989404965753425 0.8293503852739725 0.6876034531963472 0.8774266909246574 0.7667879566210047