0 0.766491008254717 0.5085986635220128 0.7548828125 0.5000000000000001 0.7481574292452831 0.5161409198113208 0.7597656250000001 0.5247395833333335
0 0.9296875 0.99609375 0.929130993150685 0.9760595034246575 0.9019691780821919 0.9774008276255708 0.9025256849315069 0.9974350742009133
0 0.2832031250000001 0.5755208333333334 0.2675781250000001 0.5755208333333334 0.2675781250000001 0.6028645833333334 0.2832031250000001 0.6028645833333334
0 0.8271484375 0.052083333333333454 0.7940955528846154 0.0432692307692309 0.7911658653846154 0.06280048076923092 0.82421875 0.07161458333333348
0 0.5531320701357466 0.9968125471342385 0.5524736637443439 0.9783771681749625 0.5150770644796381 0.9807515554298644 0.5157354708710409 0.9991869343891404
0 0.8642578125 0.6640625 0.8447265625 0.6380208333333335 0.83203125 0.6549479166666669 0.8515625 0.6809895833333334
0 0.7232993521341464 0.3373348577235774 0.7057212271341464 0.3347306910569107 0.7031250000000001 0.3658854166666668 0.7207031250000001 0.3684895833333334
0 0.5224609375 0.3932291666666668 0.494140625 0.3932291666666668 0.494140625 0.4257812500000001 0.5224609375 0.4257812500000001
0 0.17537913602941183 0.9015012254901962 0.15067784926470593 0.8817401960784313 0.1368910845588236 0.912377450980392 0.1615923713235295 0.9321384803921567
0 0.47265625 0.3242187500000001 0.458984375 0.28776041666666674 0.433203125 0.3049479166666667 0.446875 0.34140625000000013
0 0.07285939521345408 0.8981022935532558 0.06738281250000003 0.8411458333333334 0.04506336917852524 0.8449611227899958 0.05053995189197931 0.9019175830099182
0 0.662109375 0.6119791666666666 0.63671875 0.6119791666666666 0.63671875 0.6653645833333334 0.662109375 0.6653645833333334
0 0.5164348323170733 0.5540840955284555 0.4853515625000001 0.5494791666666667 0.481540586890244 0.59521087398374 0.5126238567073172 0.5998158028455285
0 0.4912109375000001 0.921875 0.4619140625000001 0.9088541666666666 0.451953125 0.9486979166666667 0.48125 0.96171875
0 0.435546875 0.5143229166666667 0.3967650921132765 0.4997383145554203 0.3880509668087698 0.5409323614494519 0.42683274969549334 0.5555169635606985
0 0.8046875 0.22786458333333345 0.77734375 0.1914062500000001 0.755859375 0.2200520833333335 0.783203125 0.25651041666666685
0 0.22879550579896915 0.840748496563574 0.20287532216494855 0.8028967998281789 0.1803217622422681 0.8303533075601376 0.20624194587628875 0.8682050042955327
0 0.3095703125 0.47526041666666674 0.27246093750000006 0.4505208333333333 0.257421875 0.490625 0.29453125 0.5153645833333333
0 0.6222454202586208 0.5298850574712645 0.5913321659482759 0.5274604885057472 0.5875134698275862 0.6140176005747128 0.6184267241379311 0.61644216954023
0 0.23654249237804875 0.32158282520325204 0.23254096798780485 0.2735645325203252 0.18195026676829268 0.2810594512195122 0.18595179115853658 0.32907774390243905
0 0.7504957932692308 0.7993990384615385 0.7274639423076923 0.7599158653846152 0.688927283653846 0.7998798076923076 0.7119591346153846 0.8393629807692308
0 0.5872295673076924 0.4603966346153846 0.5787710336538462 0.3701722756410256 0.5424729567307692 0.3762219551282051 0.5509314903846153 0.4664463141025641
0 0.3431640624999999 0.18385416666666676 0.308819110576923 0.1482371794871796 0.2721153846153846 0.21115785256410266 0.3064603365384615 0.24677483974358985
0 0.1546764445754717 0.13273388364779873 0.1518536261792453 0.04616745283018867 0.11252579599056604 0.04844732704402515 0.11534861438679245 0.1350137578616352