0 0.6623055712669685 0.2629960878582202 0.638495121606335 0.19114701168929102 0.5763618848981901 0.2277526395173454 0.6001723345588236 0.29960171568627453
0 0.09220740445859874 0.0843368497876858 0.012689092356687904 0.05315319798301486 0.003234474522292996 0.0960141321656051 0.08275278662420382 0.12719778397027603
0 0.05900195029027577 0.20873208454281575 0.008674256168359951 0.17416356736816646 -0.011927102231494902 0.22748473028543786 0.03840059189042092 0.2620532474600871
0 0.3222029099770642 0.251457377675841 0.30566406249999994 0.23958333333333334 0.29889084002293576 0.256355122324159 0.3154296875 0.2682291666666667
0 0.189453125 0.24869791666666663 0.1861196453651685 0.23028441011235953 0.1572265625 0.23958333333333334 0.1605600421348315 0.25799683988764044
0 0.2578125 0.4075520833333334 0.16881186368778284 0.3551175999245853 0.12553998161764707 0.4856924019607844 0.21454061792986426 0.5381268853695325
0 0.07879849137931039 0.47692169540229884 0.010102370689655204 0.4402837643678161 -0.007139008620689636 0.4977550287356322 0.061557112068965546 0.5343929597701149
0 0.08516614387898691 0.7829942542213885 0.06436151500938084 0.729364544246404 0.029080675422138835 0.7536961577548467 0.04988530429174491 0.8073258677298312
0 0.19753317636986303 0.9421910673515984 0.16683165667808217 0.8521332762557079 0.10723458904109591 0.8882527111872148 0.13793610873287676 0.9783105022831051
0 0.3659752155172414 0.5714798850574713 0.3507543103448276 0.5207435344827587 0.33088631465517243 0.5313397988505748 0.3461072198275862 0.5820761494252873
0 0.39453124999999994 0.41015625000000006 0.361328125 0.3658854166666668 0.337890625 0.3971354166666668 0.37109374999999994 0.44140625000000006
0 0.6430433188514467 0.6300723359209598 0.6141840706598447 0.5577318204540108 0.5649493317748764 0.5926500749823571 0.5938085799664783 0.6649905904493061
0 0.8832491082045187 0.37847583481965935 0.8176916895808561 0.3763438862465321 0.81513358353151 0.5161870169441143 0.8806910021551726 0.5183189655172415
0 0.9692078341512701 0.4439051674364897 0.9547623773094689 0.332193634526559 0.894001244948037 0.3461617109314858 0.9084467017898383 0.45787324384141653