0 0.683561731557377 0.15968664617486342 0.6826171874999999 0.14583333333333337 0.6658875512295082 0.1478611680327869 0.6668320952868851 0.16171448087431692
0 0.37890625 0.5716145833333334 0.3662109375 0.5651041666666666 0.3621838756443299 0.5790646477663229 0.3748791881443299 0.5855750644329896
0 0.814453125 0.6914062500000002 0.800390625 0.6851562500000002 0.796484375 0.7007812500000001 0.810546875 0.7070312500000001
0 0.783203125 0.4205729166666668 0.769186580882353 0.41590073529411775 0.765280330882353 0.43673406862745107 0.779296875 0.4414062500000001
0 0.8671875 0.5559895833333335 0.8486328125 0.5468750000000001 0.8416301448170731 0.5722179878048782 0.8601848323170731 0.5813325711382116
0 0.682077205882353 0.04272365196078433 0.6806640625000001 0.018229166666666668 0.660052849264706 0.02034313725490196 0.6614659926470589 0.04483762254901962
0 0.17570612980769237 0.577323717948718 0.15917968750000006 0.5729166666666666 0.1527944711538462 0.6154847756410257 0.16932091346153852 0.6198918269230769
0 1 0.6575520833333334 0.9990234375 0.5729166666666666 0.9856552073473734 0.5731908867723615 0.9866317698473734 0.6578263034390283
0 1.008263221153846 0.3055889423076924 0.9808443509615383 0.2982772435897437 0.9725811298076922 0.35336538461538475 0.9999999999999998 0.36067708333333337
0 0.78203125 0.31588541666666686 0.7445312499999999 0.29921875000000014 0.7316406249999999 0.3507812500000001 0.769140625 0.3674479166666668
0 0.31548978365384617 0.7754006410256411 0.28541165865384616 0.7238381410256411 0.2494441105769231 0.7611378205128205 0.2795222355769231 0.8127003205128206
0 0.3255040894478064 0.5332238086232981 0.2573220026475039 0.5114055408472014 0.24899832167170963 0.557648212934947 0.3171804084720121 0.5794664807110439
0 0.7039354381955485 0.6388364467408586 0.6686922446343402 0.6350771727609963 0.6631309618441972 0.727765219263381 0.6983741554054055 0.7315244932432433
0 0.29950161637931033 0.2535470545977011 0.28273168103448276 0.1976472701149425 0.19669315732758622 0.2435344827586207 0.21346309267241378 0.2994342672413793
0 0.6396484375000001 0.4583333333333334 0.5869140625 0.3880208333333333 0.5517578124999999 0.43489583333333337 0.6044921875 0.5052083333333335
0 0.8164062499999998 0.17057291666666666 0.8076171874999998 0.109375 0.7323357328056768 0.12859579694323148 0.7411247953056768 0.18979371360989813
0 0.8096724759615384 0.5222876602564104 0.7402253605769231 0.5171434294871796 0.7363401442307692 0.6103886217948719 0.8057872596153846 0.6155328525641027
0 0.8301514862804877 0.2550990853658537 0.7480344893292684 0.19052845528455292 0.7211690167682928 0.25126778455284565 0.8032860137195122 0.31583841463414647
0 0.9533922462941845 0.3311493372291904 0.9379120047035346 0.2313877803116686 0.8715191170182439 0.2497030596731281 0.8869993586088938 0.3494646165906499
0 0.984375 0.6315104166666669 0.9437020931603772 0.5522503930817612 0.8456773290094339 0.641676493710692 0.8863502358490566 0.7209365172955977
0 0.9510106077981652 0.45774799311926606 0.9367832568807339 0.34867163608562696 0.8224591456422019 0.3751815749235474 0.836686496559633 0.4842579319571865
0 0.5488355852770821 0.7420051920267168 0.5224269382044459 0.5926597396159465 0.3159637699592987 0.6575641502295971 0.3423724170319349 0.8069096026403673