0 0.08789062500000008 0.8372395833333335 0.07615685096153854 0.8329727564102565 0.07376802884615394 0.8446514423076924 0.08550180288461548 0.8489182692307693
0 0.5477764423076923 0.839042467948718 0.5338792067307693 0.8353365384615385 0.531024639423077 0.8543669871794872 0.5449218750000001 0.8580729166666666
0 0.09227324695121958 0.7065231199186993 0.0755525914634147 0.7040459857723577 0.07312309451219517 0.7331999491869919 0.08984375000000006 0.7356770833333336
0 0.3768080909653465 0.2649546204620462 0.3681930693069307 0.25091532590759075 0.3400081219059406 0.2816625412541253 0.3486231435643564 0.29570183580858084
0 0.708984375 0.4036458333333334 0.681640625 0.4036458333333334 0.681640625 0.4309895833333334 0.708984375 0.4309895833333334
0 0.7480468749999999 0.9518229166666666 0.7236328124999999 0.9322916666666667 0.7113970588235293 0.959482230392157 0.7358111213235293 0.9790134803921569
0 0.80078125 0.8776041666666669 0.78125 0.8776041666666669 0.78125 0.9518229166666669 0.80078125 0.9518229166666669
0 0.259765625 0.25781250000000006 0.216796875 0.25781250000000006 0.216796875 0.30078125 0.259765625 0.30078125
0 0.5328629740168541 0.444215238764045 0.5074065133426966 0.4230015215355805 0.4810173806179775 0.4792983380149813 0.506473841292135 0.5005120552434458
0 0.048828125 0.6783854166666666 0.02749399038461542 0.6357171474358976 -0.018930288461538457 0.6769831730769231 0.002403846153846123 0.7196514423076923
0 0.3420372027330809 0.9960888202003472 0.3415297414813062 0.9521088450465374 0.2772420728821581 0.9534275664536994 0.2777495341339328 0.9974075416075092
0 0.6816406250000001 0.8190104166666671 0.6220703125000001 0.7395833333333337 0.5976562500000002 0.7721354166666669 0.6572265625000002 0.8515625000000002
0 0.6841056034482758 0.15196659482758623 0.6485452586206896 0.0959321120689656 0.5982893318965518 0.1526311063218391 0.633849676724138 0.20866558908045973
0 0.4954382491438357 0.311037385844749 0.4396671660958905 0.27723672945205485 0.41297891695205485 0.35552226027397266 0.4687500000000001 0.3893229166666668
0 0.44649976547842407 0.8840901540025016 0.4391233290337711 0.7709847951844904 0.387374677532833 0.776984638836773 0.39475111397748586 0.8900899976547844
0 0.22329935213414637 0.8112931910569107 0.13197884908536595 0.7977642276422766 0.11959317835365861 0.9463922764227644 0.21091368140243905 0.9599212398373985
0 1 0.6666666666666669 0.908203125 0.6666666666666669 0.908203125 0.8033854166666669 1 0.8033854166666669
0 1.0032575843978102 0.9161154197080291 0.9697265625 0.8203125 0.8001468407846716 0.9258287712895377 0.8336778626824817 1.0216316909975667