0 0.9351902206662166 0.12925323788404686 0.9131827275356728 0.06772691300295677 0.8309789879001157 0.12000006025838796 0.8529864810306595 0.18152638513947802
0 0.677734375 0.0013020833333334423 0.658203125 0.0013020833333334406 0.658203125 0.015625000000000108 0.677734375 0.015625000000000108
0 0.38506529219314084 0.0072766245487365065 0.37614578632671486 0.004691260529482596 0.370963306633574 0.03647713598074615 0.3798828125 0.03906250000000006
0 0.447265625 7.040124502910891e-17 0.4150390625 6.777016792156577e-17 0.4150390625 0.0208333333333334 0.447265625 0.020833333333333405
0 0.321576950867052 0.10991690751445085 0.310546875 0.014322916666666666 0.26005915823699416 0.024679371387283235 0.2710892341040462 0.12027336223506742
0 0.23632812499999994 0.29296875000000006 0.20955528846153842 0.25198317307692314 0.1844408746301775 0.28114829881656805 0.21121371116863902 0.322133875739645
0 0.1737009985207101 0.28631194526627224 0.14148021449704146 0.26862210305719925 0.12695890347633138 0.3156434911242604 0.15917968750000006 0.33333333333333337
0 0.07448665652654869 0.27719395280236 0.06230814435840708 0.2384725294985251 0.02839117809734514 0.257436854719764 0.04056969026548675 0.2961582780235989
0 0.1181640625 0.7057291666666667 0.07014073893388469 0.5218100551368634 0.004616329554908471 0.5522263241819191 0.05263965312102379 0.7361454357117224
0 0.19574123475609762 0.7721989329268292 0.18480849847560984 0.770579268292683 0.18340320121951229 0.7874428353658537 0.19433593750000006 0.7890625
0 0.6305170747422681 0.5321762242268043 0.5902061855670103 0.5115039733676977 0.5734938788659794 0.5694399699312717 0.6138047680412372 0.5901122207903781
0 0.55078125 0.2877604166666667 0.5469922777136259 0.25845903098537343 0.5186719652136259 0.26496944765204006 0.5224609375 0.2942708333333333
0 0.4992732934056514 0.3011916725782297 0.43699982634783635 0.2231174750729093 0.3691189184795459 0.3193718841136597 0.43139238553736103 0.3974460816189801
0 0.6979472033302063 0.8164404510631645 0.6548905077392121 0.7682169520012508 0.6246097414399625 0.8162816604127581 0.6676664370309568 0.8645051594746718