0 0.6486042301829268 0.013719512195121953 0.6474609375 0 0.6341701600609756 0.0019690040650406507 0.6353134527439024 0.015688516260162603
0 0.21875 0.99609375 0.2181997541243655 0.9858224936548223 0.1911336056472081 0.9884002220812182 0.19168385152284265 0.9986714784263959
0 0.7697035845588235 0.8889399509803922 0.7587890624999999 0.8802083333333335 0.7505170036764705 0.89859068627451 0.761431525735294 0.9073223039215689
0 0.22348589601769914 0.22168832964601776 0.20507812499999994 0.22005208333333337 0.20424847898230086 0.23664500368731564 0.22265625000000006 0.23828125000000003
0 0.3993221507352941 0.20413602941176473 0.3980353860294118 0.18183210784313725 0.37488511029411764 0.1842064950980392 0.376171875 0.20651041666666667
0 0.09765625000000001 0.3059895833333333 0.09691388574660634 0.2852033842383107 0.07204468325791856 0.2867823812217195 0.07278704751131224 0.3075685803167421
0 0.8560787742962466 0.8633266309204647 0.8271484375 0.8463541666666667 0.8201213765080428 0.8676482908847186 0.8490517133042894 0.8846207551385166
0 0.3876953125 0.04427083333333339 0.35546875000000006 0.04296875000000006 0.354784260321101 0.0730862958715597 0.38701082282110094 0.07438837920489302
0 0.048828124999999986 0.6002604166666665 0.043945312499999986 0.5598958333333333 0.017172049315415817 0.5656535243407708 0.022054861815415817 0.6060181076741041
0 0.34932761270491797 0.3857112363387979 0.32801613729508194 0.33980959699453556 0.30273437499999994 0.3606770833333333 0.324045850409836 0.40657872267759565
0 0.24337500000000006 0.7386875 0.20547656250000007 0.7295 0.19852343750000007 0.7804895833333333 0.23642187500000006 0.7896770833333334
0 0.41059006354886485 0.9960808962652189 0.4097388249629813 0.9450065811122079 0.3591561651653505 0.9465053265876933 0.36000740375123397 0.9975796417407042
0 0.7887620192307693 0.1751802884615385 0.7624699519230769 0.12259615384615383 0.7239332932692308 0.1568509615384615 0.7502253605769231 0.20943509615384617
0 0.6169073306990754 0.6808958711620998 0.49794015919032686 0.6079293393034004 0.49098460971030045 0.6280903522889844 0.609951781219049 0.7010568841476836
0 0.47571019830750405 0.19069467101685697 0.4736328125 0.09375000000000001 0.42133175723898864 0.09574242115280045 0.4234091430464927 0.19268709216965743
0 1 0.6067708333333336 0.94140625 0.6067708333333336 0.94140625 0.7330729166666669 1 0.7330729166666669
0 0.40842357022708164 0.712844958999159 0.2895242522603028 0.5453390016119989 0.2369433018818335 0.6116911532800674 0.3558426198486123 0.7791971106672274
0 1.0153627113625225 0.1604800158606982 0.9958955976351904 0.011573672262157627 0.7965867058589284 0.0578962281489952 0.8160538195862606 0.20680257174753577