0 0.29296875 0.0013020833333333797 0.256279950040783 -0.00009558523654155475 0.25580998929445353 0.02183591625883637 0.29249878925367045 0.023233584828711303
0 0.22217490174949286 0.13820835446247462 0.17525236118154158 0.09302368576741041 0.1303423713235294 0.17593443627450978 0.1772649118914807 0.22111910496957402
0 0.36943621592758336 0.3154908716436128 0.3634369914564687 0.17550896731760238 0.29713562855980474 0.1805604997287768 0.30313485303091947 0.3205424040547872
0 0.4777540854357798 0.20737767584097858 0.4697265625 0.18749999999999994 0.43746416284403666 0.21066274847094793 0.44549168577981657 0.23054042431192656
0 0.5636259191176471 0.15232843137254903 0.5419117647058822 0.12751225490196075 0.5217141544117646 0.15893075980392155 0.5434283088235293 0.18374693627450983
0 0.625875 0.22126041666666676 0.5725546875 0.17204166666666676 0.5416875 0.23148958333333342 0.5950078125 0.2807083333333334
0 0.6323317307692308 0.13914262820512827 0.5772235576923077 0.09715544871794875 0.5498197115384615 0.1610977564102565 0.6049278846153846 0.203084935897436
0 0.6959947816698657 0.2541461732245682 0.6884372000959693 0.21943728007037752 0.638698116602687 0.23869111884197058 0.6462556981765835 0.27340001199616126
0 0.646817555147059 0.2585477941176472 0.6020105698529412 0.25395220588235307 0.5987706801470589 0.3101102941176472 0.6435776654411767 0.3147058823529413
0 0.6685393779691211 0.20580030186064935 0.638671875 0.20442708333333345 0.6381012470308789 0.22649136480601756 0.66796875 0.22786458333333345
0 0.783203125 0.20963541666666655 0.7195827696325195 0.13002840789915251 0.6708229769695444 0.1993046160541991 0.7344433323370249 0.27891162482171317
0 0.8539604648576514 0.38169576660735455 0.8349609375000002 0.33333333333333337 0.7946021463523133 0.3615204255634639 0.8136016737099645 0.4098828588374851
0 0.10280270517407089 0.6727793944895344 0.03613281249999996 0.6276041666666666 0.02205003871208879 0.664552519400541 0.08871993138615972 0.7097277472234088
0 0.12153509460186514 0.7843025167384028 0.11584665306671449 0.7281765602582496 0.06929390468077475 0.7365644428503108 0.0749823462159254 0.7926903993304639
0 0.1851076916436465 0.9880927716390425 0.09551104972375701 0.9360195096685084 0.08195463570441999 0.977486187845304 0.17155127762430947 1.029559449815838
0 0.16015625 2.1766183344220536e-17 0.1015625 1.6982406785051185e-17 0.1015625 0.05208333333333335 0.16015625 0.052083333333333356