0 0.111328125 0.99609375 0.11041052476415095 0.9679540094339621 0.08778007075471699 0.9692659198113207 0.08869767099056604 0.9974056603773586
0 0.7620312499999999 0.02442708333333347 0.7379687499999998 0.01984375000000013 0.7337499999999999 0.059218750000000125 0.7578125 0.06380208333333347
0 0.14743795955882355 0.8168045343137254 0.1307559742647059 0.7908547794117647 0.0998736213235294 0.8261488970588236 0.11655560661764705 0.8520986519607843
0 0.10905583079268293 0.5063262195121951 0.08385099085365855 0.4543889735772358 0.057288490853658544 0.4773056402439025 0.08249333079268292 0.5292428861788618
0 0.18767510775862067 0.6108746408045977 0.18358701508620684 0.545465158045977 0.13881330818965515 0.5504400143678161 0.14290140086206896 0.6158494971264369
0 0.9969023967760181 0.6042727187028658 0.9716487556561086 0.533188395550528 0.9292500353506787 0.5599665346907995 0.9545036764705882 0.6310508578431372
0 0.4545054874684741 0.26771358764186637 0.43164555091424966 0.21156637505254305 0.3752684623266078 0.25237264869693143 0.3981283988808323 0.3085198612862548
0 0.38309749206978594 0.7500464660983347 0.32194346005154645 0.6923727448453609 0.29604867788461553 0.7411858974358976 0.357202709902855 0.7988596186888713
0 0.7245200405134741 0.365765165999029 0.715528268390386 0.33537437029618855 0.5849563854242534 0.40405438213158545 0.5939481575473415 0.4344451778344258
0 0.267578125 0.28776041666666663 0.24236668577981657 0.2253320909785933 0.17772541571100922 0.2717412079510704 0.20293685493119265 0.3341695336391437
0 0.726953125 0.43203125000000014 0.6689453125 0.4062500000000001 0.6451171875 0.5015625000000001 0.703125 0.5273437500000002