0 0.6863731971153845 0.09865785256410257 0.680754206730769 0.03872195512820516 0.6112830528846154 0.05030048076923078 0.6169020432692307 0.11023637820512819
0 0.6300848599137931 0.172503591954023 0.6123046875000001 0.11718749999999994 0.5609172952586208 0.14655172413793102 0.5786974676724138 0.2018678160919541
0 0.4697265625 0.09635416666666673 0.4463709402292576 0.03258961062590977 0.43239799399563317 0.04168827328966523 0.4557536162663755 0.10545282933042219
0 0.36372199944690264 0.17217459439528027 0.3285916758849557 0.16905189896755166 0.3279607992256637 0.18166943215339237 0.36309112278761063 0.18479212758112099
0 0.27148437499999994 0.27994791666666674 0.26805889423076923 0.2632011217948718 0.25731670673076923 0.2671073717948718 0.26074218749999994 0.28385416666666674
0 0.35546875 0.24609375000000006 0.3215895432692308 0.2337740384615385 0.3120342548076923 0.28048878205128214 0.34591346153846153 0.29280849358974365
0 0.15257812500000006 0.36890625000000005 0.11511718750000004 0.3617708333333333 0.11292968750000006 0.38218750000000007 0.15039062500000006 0.3893229166666668
0 0.046874999999999986 0.3606770833333333 0.03381592496418336 0.32987106017191975 0.008008372134670493 0.34932023042024835 0.02106744717048712 0.3801262535816619
0 0.10156250000000007 0.6875 0.05566406250000007 0.6875 0.05566406250000007 0.7760416666666666 0.10156250000000008 0.7760416666666666
0 0.07519531250000001 0.8463541666666667 0.07397308666839919 0.7958354989604991 0.049804687500000014 0.7968750000000001 0.05102691333160083 0.8473936677061679
0 0.21619073275862072 0.9655621408045978 0.19224811422413798 0.8910739942528737 0.13378906250000006 0.9244791666666667 0.1577316810344828 0.9989673132183908
0 0.4230378605769232 0.888758012820513 0.3960156250000001 0.8484895833333336 0.37043870192307704 0.8790024038461541 0.3974609375000001 0.9192708333333336
0 0.4111328125000001 0.6770833333333335 0.3945312500000001 0.6549479166666667 0.3710937500000001 0.6861979166666667 0.3876953125000001 0.7083333333333335
0 0.453125 0.7330729166666666 0.4509615384615385 0.7224959935897437 0.4402193509615384 0.7264022435897437 0.4423828124999999 0.7369791666666666
0 0.4083714978448277 0.5000897988505747 0.389581088362069 0.4416307471264368 0.32805765086206895 0.4767869971264368 0.3468480603448276 0.5352460488505747
0 0.5335715080071175 0.5169363508303677 0.46803408585409256 0.47116418297746143 0.4530485431494663 0.5093092007710557 0.5185859653024911 0.5550813686239621
0 0.5160156250000002 0.3804687500000002 0.5012500000000001 0.37765625000000014 0.4941406250000001 0.4440104166666668 0.5089062500000001 0.44682291666666685
0 0.7138671875000001 0.5494791666666667 0.7021484375000001 0.5442708333333335 0.6962890625000001 0.5677083333333336 0.7080078125000001 0.5729166666666669
0 0.9131389635180996 0.6854791195324285 0.8323449872737555 0.6470057975113123 0.8203699448529411 0.6917126225490197 0.9011639210972853 0.7301859445701359
0 0.8399793575216974 0.9270858445837352 0.7925694611861139 0.7961442261330762 0.7324331756268082 0.8348526398264224 0.7798430719623916 0.9657942582770815
0 0.9516234799208148 0.9011265082956261 0.9014953337104072 0.8487403374811464 0.873046875 0.8971354166666666 0.9231750212104075 0.9495215874811465
0 1.0003906249999999 0.9052083333333335 0.97265625 0.8867187500000002 0.9654296875 0.9059895833333336 0.9931640624999998 0.9244791666666667