0 0.8534482758620691 0.12998383620689663 0.8098397090517242 0.10506465517241388 0.7975148168103449 0.14340876436781622 0.8411233836206897 0.16832794540229895
0 0.053554687499999996 0.016770833333333336 0.051328125 -0.004010416666666666 0.029999999999999992 0.000052083333333334075 0.03222656249999999 0.020833333333333336
0 0.20517880154639173 0.3277759879725087 0.18560728092783502 0.2690614261168385 0.15570634664948452 0.2867804982817869 0.17527786726804123 0.34549506013745707
0 0.15443209134615388 0.3084535256410257 0.1249849759615385 0.2579727564102564 0.10875901442307694 0.2747996794871795 0.1382061298076923 0.3252804487179487
0 0.3046875 0.3932291666666667 0.263671875 0.3932291666666667 0.263671875 0.4505208333333333 0.3046875 0.4505208333333333
0 0.5886268028846154 0.33719951923076935 0.5252854567307693 0.3266426282051283 0.5195763221153846 0.3875400641025642 0.5829176682692307 0.39809695512820525
0 0.658203125 0.5247395833333334 0.63671875 0.49609375 0.5742187499999999 0.5794270833333334 0.5957031249999999 0.6080729166666666
0 0.621720813849788 0.8262238478596219 0.5878164318598149 0.7314374035865794 0.5357230554618204 0.7645634480653042 0.5696274374517933 0.8593498923383467
0 0.27788806352459017 0.7072020150273224 0.2739978227459016 0.6501451502732241 0.2301485655737705 0.655460211748634 0.23403880635245905 0.7125170765027323
0 0.22126218463302752 0.5180882071865444 0.219758815940367 0.45193998470948016 0.17771645642201833 0.4536386659021407 0.1792198251146789 0.519786888379205
0 0.20507812500000006 0.5846354166666666 0.18391089108910896 0.5216764645214521 0.14112198329207923 0.5472514438943894 0.16228921720297032 0.6102103960396039
0 0.15820312500000006 0.5846354166666667 0.13012226504800598 0.5499676883308716 0.10570820254800599 0.5851239383308716 0.13378906250000006 0.6197916666666666
0 0.04888340212264157 0.6350235849056604 0.0024506191037736657 0.60062893081761 -0.016159345518867864 0.6452928459119498 0.030273437500000045 0.6796875
0 0.07812500000000008 0.7018229166666667 0.07139697731923614 0.6914169082537518 0.04307666481923609 0.7239689915870852 0.04980468750000004 0.7343750000000001
0 0.12198016826923075 0.7691907051282052 0.09495192307692304 0.7228565705128206 0.0657451923076923 0.7531450320512821 0.0927734375 0.7994791666666667