0 0.8378906250000002 0.12890624999999994 0.8108339088397791 0.06534444060773476 0.7858004575276245 0.08428867403314916 0.8128571736878456 0.14785048342541435
0 0.44377266424914674 0.18021188850967013 0.3958377773037542 0.17269269055745168 0.3910382892491467 0.22708688850967013 0.43897317619453924 0.23460608646188857
0 0.7405078125000001 0.3555208333333335 0.6923828125000001 0.34635416666666685 0.6856640625000001 0.40906250000000016 0.7337890625000002 0.41822916666666693
0 0.38542968750000006 0.40395833333333336 0.35945312500000004 0.3990104166666667 0.35601562500000006 0.4310937500000001 0.3819921875000001 0.43604166666666677
0 0.3359375 0.4492187500000001 0.3076171875 0.4114583333333334 0.251953125 0.4856770833333334 0.2802734375 0.5234375000000001
0 0.12079326923076925 0.47986778846153855 0.1142578125 0.44791666666666674 0.08037860576923077 0.4602363782051283 0.08691406250000001 0.4921875000000001
0 0.13573951198630144 0.6387057648401827 0.06162243150684936 0.6283033675799087 0.05598244863013704 0.6997431506849314 0.1300995291095891 0.7101455479452056
0 0.3701171875 0.6770833333333334 0.3690725749434389 0.6116209464555052 0.34506416148190044 0.612302036199095 0.3461087740384616 0.677764423076923
0 0.28244869903433484 0.8154227020743919 0.25278718481759666 0.8060063483547926 0.2486587982832619 0.8291253129470673 0.2783203125000001 0.8385416666666666
0 0.416015625 0.93359375 0.41117670294943826 0.9068644662921347 0.3828563904494382 0.9159790496254681 0.3876953125 0.9427083333333334
0 0.44872433236086184 0.8935657914422502 0.4033203125000001 0.8489583333333334 0.39369845433123885 0.8663693147815679 0.43910247419210063 0.9109767728904846