0 0.6633241234756097 0.2718813516260164 0.6499857088414632 0.24965066056910576 0.6289062499999998 0.27213541666666674 0.6422446646341462 0.29436610772357735
0 0.6448124392023346 0.10105078631647224 0.6039868069066147 0.05302063067444885 0.5736639713035018 0.0988418044747083 0.6144896035992218 0.1468719601167317
0 0.15879173801369864 0.5035495148401827 0.11979612585616436 0.3891623858447489 0.06696810787671233 0.42117936643835624 0.10596372003424659 0.53556649543379
0 0.12155981759656653 0.6185879381258943 0.06746915236051503 0.5581623301144492 0.036831913894849765 0.6069183655221745 0.09092257913090127 0.6673439735336195
0 0.2322313262195122 0.5712970020325204 0.20250571646341467 0.521754319105691 0.1481993140243903 0.5796811483739838 0.1779249237804878 0.6292238313008129
0 0.2620856665462429 0.4686747350674375 0.19824218750000006 0.40625000000000006 0.17054845556358383 0.45660223988439314 0.23439193460982666 0.5190269749518306
0 0.2606141603696285 0.4536788358824957 0.2216796875 0.3958333333333333 0.20284476283685363 0.41837085002427776 0.24177923570648213 0.4762163525734401
0 0.27982271634615385 0.45793269230769235 0.26615084134615385 0.366786858974359 0.22182992788461542 0.3786057692307693 0.23550180288461542 0.4697516025641026
0 0.3691406250000001 0.4986979166666668 0.29677011520319313 0.49087407776971465 0.29091074020319313 0.5872282444363814 0.3632812500000001 0.5950520833333335
0 0.45691918545081966 0.7197105532786886 0.44087794569672134 0.7018869535519127 0.4180648053278689 0.7383879781420767 0.4341060450819672 0.7562115778688526
0 0.6253098060344828 0.7067798132183909 0.568487338362069 0.6426724137931036 0.5335196659482759 0.6977729885057473 0.5903421336206898 0.7618803879310346