0 0.9328673022022839 0.011672019439912983 0.9326108151508974 -0.0002973762914627661 0.8906250000000002 0.0013020833333333259 0.8908814870513867 0.013271479064709076
0 0.9768359374999998 0.13416666666666685 0.9686328124999999 0.13260416666666686 0.96640625 0.15338541666666686 0.9746093749999998 0.15494791666666685
0 0.8641075721153847 0.18329326923076933 0.8212890625 0.17187500000000008 0.8100210336538461 0.2469951923076924 0.8528395432692308 0.2584134615384616
0 0.7679687500000001 0.1273437500000001 0.7509765625 0.11979166666666675 0.7435546875 0.14947916666666677 0.760546875 0.15703125000000012
0 0.5168269230769231 0.10046073717948718 0.511493389423077 0.06490384615384619 0.4833233173076924 0.07241586538461542 0.4886568509615386 0.10797275641025642
0 0.5214843750000002 0.14973958333333323 0.5087890625000002 0.11197916666666664 0.46465423886138624 0.13835860148514853 0.47734955136138624 0.17611901815181513
0 0.7701412671232876 0.42856021689497725 0.737759524828767 0.3820633561643837 0.6880912885273972 0.44355736301369875 0.7204730308219178 0.4900542237442923
0 0.7950721153846153 0.5244391025641026 0.7723106971153846 0.504206730769231 0.7577373798076923 0.5333533653846155 0.780498798076923 0.5535857371794873
0 0.9146227967990275 0.526440522015127 0.876953125 0.5221354166666667 0.8754099346636954 0.546140599675851 0.9130796064627228 0.5504457050243113
0 0.8046874999999998 0.6419270833333337 0.7626953124999999 0.5989583333333336 0.742797768464942 0.6335278037780806 0.784789955964942 0.6764965537780807
0 0.6645080404509285 0.5974386604774538 0.6459041362732096 0.5922165119363396 0.6369000746021222 0.6492422358532274 0.6555039787798409 0.6544643843943414
0 0.3835809426229509 0.4926357581967214 0.36931672643442626 0.49090676229508207 0.3685482838114754 0.5021772540983608 0.38281250000000006 0.5039062500000001
0 0.13526311910377364 0.6084414308176102 0.10839843750000004 0.5885416666666666 0.09955409787735854 0.6097680817610063 0.12641877948113214 0.6296678459119497
0 0.29645120872641517 0.8476316823899371 0.26345076650943405 0.8231869103773586 0.24972361438679255 0.8561320754716982 0.28272405660377364 0.8805768474842767
0 0.2661213493473232 0.9986385354703681 0.2654984922339722 0.9529623471579645 0.20664010864177135 0.9543892170632299 0.2072629657551223 1.0000654053756335
0 0.6020879102403158 0.8945555356288857 0.5598897619261121 0.8869522656623625 0.5571856505559543 0.9136328311812532 0.5993837988701579 0.9212361011477763
0 0.6982974646226415 0.7529972484276731 0.6681161556603774 0.7414996069182391 0.6623673349056605 0.7683274371069184 0.6925486438679245 0.7798250786163524
0 0.8011579949238579 0.9197929885786802 0.7983472795050762 0.8673263007614213 0.7671171081852791 0.8703006027918782 0.7699278236040609 0.9227672906091371
0 0.765692349137931 0.8656609195402301 0.755926724137931 0.8604525862068967 0.751953125 0.8736979166666666 0.76171875 0.87890625
0 0.84765625 0.9986979166666669 0.8472055288461539 0.9548277243589746 0.7750337124765478 0.9561459310506568 0.7754844336303941 1.000016123358349