0 0.7107077205882353 0.08325674019607844 0.679342830882353 0.013556985294117634 0.6218979779411765 0.05951286764705881 0.6532628676470589 0.12921262254901963
0 0.8037204649390244 0.26342733739837404 0.7743549923780487 0.2266463414634145 0.736254763719512 0.2807240853658535 0.7656202362804878 0.31750508130081306
0 0.76171875 0.1718750000000001 0.73828125 0.1718750000000001 0.73828125 0.21614583333333345 0.76171875 0.21614583333333345
0 0.6328125 0.22395833333333345 0.591796875 0.22395833333333345 0.591796875 0.3098958333333334 0.6328125 0.3098958333333334
0 0.507375189107413 0.21024410615229458 0.4989362708018154 0.16336122667675246 0.43718088124054455 0.18312295133635909 0.4456197995461422 0.23000583081190124
0 0.17187500000000006 0.4244791666666667 0.10937500000000004 0.4244791666666667 0.10937500000000004 0.4765625 0.17187500000000006 0.4765625
0 0.05444931402439028 0.4729103150406504 0.03279820884146346 0.46970274390243905 0.02565262957317077 0.5554496951219513 0.0473037347560976 0.5586572662601628
0 0.327250222373378 0.6324282518836334 0.31352561545102553 0.5603067880563696 0.22509009392005028 0.590225272952421 0.23881470084240272 0.6623467367796848
0 0.6132812499999999 0.5299479166666666 0.5888671875 0.5156250000000001 0.57965136980563 0.5435517202859698 0.60406543230563 0.5578746369526364
0 0.732421875 0.3815104166666669 0.7099549018850432 0.36063201740832324 0.6874939643850433 0.40360076740832324 0.7099609375000001 0.4244791666666669
0 1.004891341430131 0.33211653930131 0.9990234375 0.27343749999999994 0.9431802674672489 0.283365174672489 0.94904817139738 0.3420442139737991
0 0.7087500000000001 0.719635416666667 0.6704687500000002 0.7123437500000003 0.6652343750000002 0.7611979166666669 0.7035156250000002 0.7684895833333336
0 0.5227267474112427 0.9309202416173571 0.4969200721153847 0.8473557692307693 0.4526164940828403 0.8716793022682446 0.47842316937869833 0.9552437746548325