0 0.035156250000000014 0.11328125000000003 0.02636718750000001 0.10156250000000003 0.01171875000000001 0.12109375000000003 0.02050781250000001 0.13281250000000003
0 0.4531250000000001 0.12109375000000004 0.44951923076923084 0.09705528846153849 0.4326171875000001 0.10156250000000001 0.43622295673076933 0.12560096153846156
0 0.7773221685082873 0.5294011855432782 0.7605965124309392 0.5093303982504606 0.7356860756215469 0.5462347490791899 0.752411731698895 0.5663055363720075
0 0.19003004807692314 0.7547315705128206 0.15332031250000003 0.7109375 0.13069110576923076 0.7446594551282052 0.1674008413461539 0.7884535256410258
0 0.4457780013945234 0.49994189486139295 0.44033064465010147 0.45491041244083846 0.40465342925963493 0.46258293187964844 0.41010078600405675 0.5076144143002029
0 0.3041015625 0.78671875 0.2580078125000001 0.7559895833333334 0.2443359375000001 0.7924479166666667 0.2904296875 0.8231770833333333
0 0.6326104525862069 0.5944234913793103 0.6077182112068964 0.5570851293103449 0.5732893318965516 0.5978897270114943 0.598181573275862 0.6352280890804598
0 0.3203125 0.4908854166666668 0.2979923863100848 0.39862894674835064 0.26928825989632416 0.4109748075714735 0.29160837358623937 0.5032312774897896
0 1.0269047448394495 0.22417335626911328 0.9836940940366972 0.11717555428134556 0.9513152236238532 0.1404219227828746 0.9945258744266056 0.24741972477064234
0 0.5652585373711341 0.07961501288659797 0.549401981314433 0.024645618556701058 0.5072587789948453 0.04625751718213061 0.5231153350515464 0.10122691151202752
0 0.04199218749999999 6.938893903907228e-18 0.00004539695945945933 -0.0013006756756756708 -0.001769425675675669 0.1027491554054054 0.04017736486486487 0.10404983108108107
0 0.737890625 0.43515625000000013 0.6716796875 0.40572916666666675 0.6603515624999999 0.4510416666666668 0.7265625 0.4804687500000001
0 0.6293088416301968 0.8703962664113783 0.5908203125 0.7786458333333334 0.5405155908096281 0.8161612190007295 0.5790041199398249 0.9079116520787746
0 0.47501941168527184 0.5895530436022087 0.4585353039476052 0.48258950006001683 0.3607535109830752 0.5093790323790661 0.3772376187207418 0.6163425759212581
0 0.24653151939655174 0.8924209770114943 0.21076912715517243 0.7811602011494253 0.1424097521551724 0.8202227011494254 0.1781721443965517 0.9314834770114945
0 0.20691406250000002 0.6694791666666666 0.18535156249999998 0.4682291666666666 0.09867187499999999 0.4847395833333333 0.12023437500000003 0.6859895833333333
0 0.7585645376236095 0.15349936907704997 0.5506303596260816 0.10399123145859095 0.5318354546508035 0.24432652194066762 0.7397696326483314 0.29383465955912663
0 0.771484375 0.9986979166666667 0.7706201603982301 0.9814136246312685 0.7557124585176991 0.9827387536873157 0.756576673119469 1.000023045722714