0 0.8849417264344261 0.19138490437158479 0.8837890625 0.17447916666666666 0.8688204405737705 0.1762935450819672 0.8699731045081969 0.1931992827868853
0 0.49761718750000006 0.16416666666666666 0.4833984375 0.15104166666666663 0.47601562499999994 0.16526041666666666 0.490234375 0.17838541666666669
0 0.4599609375000001 0.4895833333333334 0.4520282451923078 0.486698717948718 0.44283353365384615 0.5316506410256411 0.4507662259615385 0.5345352564102565
0 1.0029633620689655 0.8926903735632183 0.9924164870689655 0.8801903735632185 0.9738281249999998 0.9080729166666669 0.9843749999999998 0.9205729166666667
0 0.903395432692308 0.6072716346153848 0.8918269230769234 0.5874399038461539 0.8731670673076923 0.6067908653846155 0.884735576923077 0.6266225961538463
0 0.9156850961538462 0.3154847756410258 0.9014873798076923 0.3007612179487179 0.8804537259615384 0.3368189102564102 0.8946514423076923 0.35154246794871813
0 0.6799172794117647 0.9452359068627448 0.6741153492647058 0.9142922794117646 0.6483800551470587 0.9228707107843136 0.6541819852941175 0.9538143382352938
0 0.6992187500000002 0.7877604166666669 0.6835937500000001 0.7669270833333335 0.66015625 0.7981770833333336 0.6757812500000001 0.8190104166666671
0 0.9297630352209945 0.883423975598527 0.9127136567679557 0.8629647214548803 0.8906681629834253 0.8956247122467772 0.9077175414364642 0.9160839663904238
0 0.29192148614253394 0.7038025546757165 0.27292049632352944 0.6759344362745099 0.24594350961538466 0.7086338141025642 0.26494449943438914 0.7365019325037707
0 0.9762690252590677 0.35330985535405884 0.9554778578367877 0.3057871869602763 0.9327689847797928 0.3234496437823834 0.9535601522020727 0.37097231217616594
0 1.0003177787162163 0.9960838963963963 0.9996526604729729 0.9579504504504504 0.9546642736486485 0.9593454391891891 0.9553293918918918 0.9974788851351352
0 0.876953125 0.5013020833333335 0.8525390625 0.4687500000000001 0.830078125 0.49869791666666685 0.8544921875 0.5312500000000002
0 0.8383610857664234 0.4064781021897812 0.8011946852189782 0.38845802919708045 0.7900176779197081 0.4294403892944041 0.8271840784671534 0.44746046228710484
0 0.5176318807339448 0.8296659977064221 0.4915424311926606 0.8109351108562691 0.47304149942660556 0.8567469418960244 0.49913094896788984 0.8754778287461773
0 0.6612820959394906 0.4300524150743101 0.6334718351910829 0.4191464304670914 0.6206272392515924 0.4773752653927815 0.6484375000000001 0.4882812500000001
0 0.42487980769230765 0.19581330128205127 0.4187199519230769 0.15474759615384617 0.3747746394230769 0.16646634615384617 0.3809344951923077 0.20753205128205124
0 0.6433534436008677 0.09258914045553154 0.6055111171366595 0.07693024674620404 0.5944532944685467 0.12443792932031829 0.6322956209327548 0.14009682302964582
0 0.3476562500000001 0.953125 0.3046875000000001 0.953125 0.3046875000000001 0.9986979166666666 0.3476562500000001 0.9986979166666666
0 0.9516841700819674 0.6239967554644811 0.9095959272540984 0.6188951502732242 0.9065381659836065 0.6637423155737706 0.9486264088114755 0.6688439207650275
0 0.6837284482758621 0.31074892241379326 0.6439991918103448 0.3076329022988507 0.6414264547413793 0.365948275862069 0.6811557112068966 0.3690642959770116
0 0.8177734375 0.8062499999999999 0.7955078125 0.7171875 0.7474609375 0.7385416666666667 0.7697265625 0.8276041666666666
0 0.33906209394490644 0.1708165497227997 0.306740108497921 0.13041406791406787 0.25868348817567566 0.19876126126126123 0.29100547362266116 0.23916374306999305