0 0.4556318460051546 0.06311748281786946 0.4496919297680412 0.04252577319587628 0.4318923163659793 0.051653780068728554 0.43783223260309273 0.07224548969072171
0 0.5462329506215469 0.3483180824125231 0.536197556975138 0.3362756100368325 0.5147833218232043 0.368000402854512 0.5248187154696132 0.38004287523020264
0 0.248046875 0.21093750000000006 0.21875 0.21093750000000006 0.21875 0.2434895833333334 0.248046875 0.2434895833333334
0 0.22265625 0.3763020833333333 0.2168543198529412 0.345358455882353 0.1906594669117647 0.3540900735294118 0.1964613970588235 0.38503370098039214
0 0.640625 0.45963541666666685 0.6259765625 0.44010416666666685 0.59765625 0.4778645833333334 0.6123046875 0.4973958333333334
0 0.47282724343385213 0.34010214007782114 0.4560698869163424 0.31477991245136194 0.4308768543287938 0.34441877431906615 0.4476342108463035 0.36974100194552534
0 0.9365342282458563 0.49115878222836096 0.9185676363950275 0.46959887200736644 0.8898210894337015 0.5121863489871086 0.9077876812845304 0.5337462592081031
0 0.025395976027397255 0.7435573630136986 0.020226883561643833 0.6780821917808219 0.0017230308219178148 0.6806792237442921 0.006892123287671237 0.7461543949771688
0 0.9018267463235295 0.5795802696078433 0.8788488051470589 0.571920955882353 0.8656939338235295 0.6420802696078433 0.8886718750000002 0.6497395833333336
0 0.06463384119217083 0.25415647241992884 0.03784961632562277 0.23545002965599046 0.0234375 0.2721354166666667 0.05022172486654806 0.29084185943060503
0 1.0000263412336374 0.4829623867843449 0.9990234375000002 0.3880208333333333 0.9795510679046014 0.38838651163559434 0.9805539716382388 0.4833280650866059
0 0.9736328125 0.5625000000000002 0.9443359375 0.5234375000000002 0.9248046875 0.5494791666666669 0.9541015625 0.5885416666666669
0 0.5061748798076924 0.0786658653846155 0.4648287259615385 0.07177483974358982 0.4609975961538463 0.11264022435897444 0.5023437500000001 0.11953125000000012
0 0.37913760520573564 0.45346594451371575 0.3311131351309227 0.4502643131753949 0.32942545978802995 0.49526898898586874 0.37744992986284287 0.4984706203241896
0 0.22490985576923084 0.8691907051282051 0.1920072115384616 0.8399439102564102 0.1663161057692307 0.8913261217948718 0.19921874999999994 0.9205729166666666
0 0.5507962740384615 0.4451522435897434 0.5254507211538462 0.4017027243589742 0.4867788461538461 0.4418068910256409 0.5121243990384614 0.48525641025641014
0 0.6294108677973977 0.5616819625154896 0.6090809421468402 0.5264434247211898 0.5572614138011153 0.5795916589219332 0.5775913394516728 0.6148301967162332
0 0.8199555495689653 0.18591954022988524 0.7958984374999998 0.1302083333333335 0.7581600215517239 0.1591792385057473 0.7822171336206895 0.21489044540229904
0 0.5376496671303655 0.953234714493906 0.4940133147853736 0.8849343369104401 0.4644183475755167 0.9185483737413886 0.5080546999205087 0.9868487513248545
0 0.36584394904458595 0.2467738190021232 0.34628159832802546 0.15809116242038215 0.29764007762738853 0.17716626857749465 0.317202428343949 0.2658489251592357
0 0.6517894147877985 0.12785974801061023 0.6044921875 0.11458333333333345 0.5900173035477454 0.2062575983642795 0.6373145308355439 0.2195340130415563
0 0.3528921614977308 0.6918317416792739 0.29245609162254166 0.5603567826525466 0.22485610107791226 0.6155997856782652 0.2852921709531014 0.7470747447049925
0 0.5781250000000001 0.5065104166666667 0.48887838375796183 0.47151174363057335 0.4518063296178344 0.6395717223991507 0.5410529458598726 0.6745703954352443