0 0.4818295338114755 0.012145662568306115 0.4701107838114755 -0.0008751707650272185 0.44921875 0.03255208333333339 0.4609375 0.04557291666666673
0 0.8139396067415732 0.3547899110486892 0.8083347963483147 0.27632256554307116 0.7616046348314607 0.2822565543071161 0.7672094452247192 0.3607238998127341
0 0.7700919262618295 0.3833998751314406 0.7664690950315457 0.3431461947949527 0.7303486050867507 0.3489254731861199 0.7339714363170347 0.38917915352260773
0 0.7361527995960502 0.3622199468880912 0.7154608954219028 0.3247774536205866 0.6682913487432673 0.37111946439257937 0.6889832529174147 0.408561957660084
0 0.9612278293918919 0.05106278153153173 0.9529930320945945 0.04923282657657679 0.9507495777027029 0.06718046171171191 0.9589843750000002 0.06901041666666684
0 0.5978836686643836 0.3277504280821919 0.5747672303082192 0.31619220890410976 0.5522527825342467 0.39624357876712335 0.575369220890411 0.4078017979452055
0 0.5451501053370787 0.3106068586142324 0.5149622542134831 0.26188260767790267 0.4928041608146067 0.2862886235955056 0.5229920119382023 0.3350128745318353
0 0.594921875 0.5486979166666667 0.5716796875000001 0.48671875 0.5259765625 0.5171875 0.54921875 0.5791666666666667
0 0.4296875 0.5403645833333335 0.413266321656051 0.5002239251592357 0.38398188694267515 0.5215216958598726 0.4004030652866242 0.5616623540339704
0 0.37500000000000006 0.5898437500000002 0.33128629278728605 0.5467635747758763 0.2921569376528118 0.6173498624694377 0.33587064486552576 0.6604300376935617
0 0.2614567454268293 0.5658663617886179 0.25543064024390244 0.49355309959349586 0.22370426829268295 0.4982533028455284 0.22973037347560976 0.5705665650406504
0 0.2568359375 0.4140625 0.2512019230769231 0.3765024038461539 0.2080078125 0.3880208333333333 0.21364182692307693 0.42558092948717946
0 0.17435599662162163 0.6689541103603605 0.15782305743243244 0.5973113738738739 0.13243243243243244 0.6077280405405406 0.14896537162162163 0.6793707770270271
0 0.20296415441176477 0.5978400735294118 0.1786190257352942 0.5953431372549021 0.1768267463235295 0.6264093137254904 0.20117187500000006 0.6289062500000001
0 0.10797776442307701 0.8417267628205128 0.08886718750000008 0.8385416666666666 0.08440504807692316 0.8861378205128204 0.10351562500000008 0.8893229166666666
0 0.37109375000000006 0.9986979166666667 0.3525694219559586 0.9563565954231434 0.3338679970854922 0.9709021481001728 0.35239232512953367 1.0132434693436962
0 0.4404296875 0.9713541666666666 0.40348017119124807 0.9671313648028093 0.4013671875000001 1.0000000000000002 0.438316703808752 1.0042228018638575