0 0.15762833494351963 0.021963560245739196 0.15721495057966706 -0.0006347849782005551 0.09765625 0.0013020833333333328 0.09806963436385256 0.023900428557273087
0 0.2412109375 0.01171875000000003 0.2216796875 -0.0013020833333333185 0.2033203125 0.04765625000000002 0.2228515625 0.06067708333333336
0 0.373046875 0.0013020833333333888 0.3171716899062192 -0.0003534777064823432 0.31629827862783816 0.05205119899638044 0.37217346372161897 0.05370676003619617
0 0.5538758926987225 0.0004546664300923542 0.49642435348651526 -0.0038812987934704704 0.4938190316713982 0.05748850396262132 0.5512705708836054 0.06182446918618415
0 0.4174934319690265 0.09726447271386433 0.4000017284292035 0.07685748525073753 0.3766506498893805 0.11244008112094403 0.3941423534292035 0.13284706858407083
0 0.4419032195284697 0.06376501334519577 0.39241478536476865 0.04314483244365368 0.38671527468861205 0.06746274466192179 0.4362037088523131 0.08808292556346388
0 0.283203125 0.18359375 0.28011334528688525 0.13827698087431692 0.25898117315573765 0.140838456284153 0.2620709528688524 0.18615522540983606
0 0.3222310564159292 0.11657678834808263 0.30771225110619466 0.0944528945427729 0.2833759679203539 0.12284522492625373 0.29789477323008845 0.14496911873156346
0 0.044921875000000014 0.17057291666666666 0.008789062500000005 0.1015625 -0.027433973342508366 0.13527953965214615 0.008698839157491645 0.20428995631881283
0 0.0962853773584906 0.2597828223270441 0.07128906250000003 0.23697916666666669 0.05830630896226417 0.262278891509434 0.08330262382075476 0.2850825471698114
0 0.14577034481166914 0.46222612013786313 0.0928801814069424 0.3969296221073363 0.07585885570531761 0.421440331117676 0.12874901911004435 0.4867368291482029
0 0.2301014191513761 0.40288130733944955 0.1963248996559633 0.37863149847094807 0.18215130447247707 0.4137280198776759 0.21592782396788984 0.4379778287461774
0 0.29177930363321797 0.46968263408304506 0.2404844290657439 0.44886732266435986 0.22693082288062283 0.5082450259515572 0.2782256974480969 0.5290603373702422
0 0.10546875000000004 0.5455729166666667 0.0869140625 0.5208333333333334 0.0634765625 0.5520833333333334 0.08203125000000004 0.5768229166666667
0 0.22753906250000008 0.6041666666666667 0.17773437500000008 0.5377604166666667 0.14941406250000006 0.5755208333333336 0.19921875000000006 0.6419270833333336
0 0.0939488475678734 0.7064715309200603 0.05566406250000009 0.6822916666666666 0.03597815328054303 0.7377038555806938 0.07426293834841635 0.7618837198340876
0 0.09616473055225652 0.693629998020586 0.0947265625 0.6380208333333334 0.06741528726247031 0.6392765241488519 0.06885345531472684 0.6948856888361046
0 0.3139143318965517 0.719243893678161 0.22016139384691047 0.6417098183290906 0.1941702767009952 0.6975818796767723 0.2879232147506364 0.7751159550258429
0 0.25411904182879375 0.6464666423476005 0.25172133390077817 0.5953155398832685 0.2322660809824903 0.5969368109597925 0.23466378891050582 0.6480879134241244
0 0.31974223393387813 0.6196214091134226 0.3053448295876672 0.5585415118870729 0.2586715267459138 0.5780998483159981 0.27306893109212477 0.6391797455423478
0 0.32421875 0.6940104166666666 0.31180885118194845 0.6344429023400191 0.28440913771489973 0.644590944364852 0.29681903653295133 0.7041584586914996
0 0.3072265625 0.7692708333333333 0.296484375 0.7263020833333333 0.27304687499999997 0.73671875 0.28378906249999997 0.7796875
0 0.291015625 0.8606770833333335 0.29021908362989324 0.8043881598457889 0.23846127112989324 0.8056902431791222 0.2392578125 0.8619791666666667
0 0.14453125000000006 0.9986979166666667 0.1349590037128714 0.9830987004950498 0.12304687500000014 0.9960937500000002 0.13261912128712877 1.0116929661716172
0 0.49368807164634154 0.9572535569105693 0.4300209603658538 0.9478213922764229 0.42649580792682934 0.9901232215447155 0.49016291920731714 0.999555386178862
0 0.6574980945121951 0.9665332825203252 0.6511671112804878 0.9271404979674798 0.602615282012195 0.941012449186992 0.6089462652439024 0.9804052337398375
0 0.904296875 0.9986979166666669 0.8974609375 0.9739583333333336 0.8759193978658537 0.984540142276423 0.8827553353658537 1.0092797256097563
0 0.42921669721058653 0.7321387487306423 0.4112652025418889 0.7124775879030213 0.35814927646610817 0.7986947432724044 0.3761007711348058 0.8183559041000255
0 0.389581088362069 0.7068067528735634 0.3607623922413793 0.6613954741379311 0.32705414870689653 0.6994252873563218 0.35587284482758624 0.7448365660919543
0 0.42146890470297027 0.5666125206270627 0.39632000309405935 0.5256291254125413 0.3520749535891089 0.5738964521452146 0.37722385519801976 0.614879847359736
0 0.35827174831081077 0.4213260135135135 0.3369140625 0.40625 0.3282675253378378 0.428026463963964 0.3496252111486486 0.4431024774774775
0 0.2886117788461538 0.40014022435897445 0.27441406249999994 0.3854166666666668 0.26705228365384615 0.39803685897435914 0.28124999999999994 0.4127604166666668
0 0.4609375000000001 0.20442708333333343 0.4128220317844926 0.19115385072215893 0.4011032817844926 0.2666746840554923 0.44921875 0.2799479166666668
0 0.513873922413793 0.17250359195402307 0.46538254310344823 0.1466415229885058 0.45346174568965514 0.1863775143678161 0.501953125 0.2122395833333334
0 0.5178635817307693 0.3063301282051283 0.4560546875 0.2838541666666668 0.44172175480769227 0.3539262820512822 0.5035306490384615 0.37640224358974367
0 0.6005284926470589 0.368795955882353 0.5670955882352942 0.29450061274509803 0.4662798713235293 0.3751531862745098 0.4997127757352941 0.4494485294117647
0 0.5859374999999999 0.30598958333333337 0.5625 0.27473958333333354 0.548828125 0.2929687500000001 0.572265625 0.32421875
0 0.6952788254310345 0.28591954022988514 0.6790140086206897 0.23531788793103445 0.5915611530172414 0.28529094827586204 0.6078259698275863 0.3358926005747127
0 0.6648160413062284 0.121512759515571 0.6220703125 0.10416666666666673 0.6072867106401383 0.16893292243367944 0.6500324394463667 0.1862790152825837
0 0.837890625 0.07812500000000014 0.802734375 0.07812500000000012 0.802734375 0.13281250000000014 0.837890625 0.13281250000000014
0 1 0.22265625000000003 0.9990234375 0.16927083333333334 0.9856929529577882 0.16970434502576298 0.9866695154577882 0.2230897616924297
0 0.937542877081756 0.299848796681807 0.8974609374999998 0.22916666666666696 0.8628473043622253 0.264061711455968 0.9029292439439818 0.3347438414711081
0 0.8867259811181043 0.3319820783968901 0.8427734375 0.2447916666666667 0.7774909032534246 0.30329623287671237 0.8214434468715289 0.3904866446069358
0 0.7556078166281373 0.3416807711360636 0.7036190864431967 0.3176859725891679 0.6754290682793923 0.4262697462571555 0.7274177984643329 0.4502645448040512
0 0.7964854940226973 0.5082360070515646 0.7901195460555311 0.4269943853753489 0.701101720884751 0.439394878433965 0.707467668851917 0.5206365001101807
0 0.6637772120786516 0.48949555243445697 0.6525302844101123 0.4655021067415731 0.6276882900280899 0.4862037687265918 0.6389352176966292 0.5101972144194756
0 0.9439453125 0.48072916666666676 0.8958984375 0.45937500000000014 0.8767578125 0.5359375000000001 0.9248046875 0.5572916666666667
0 0.8892578125 0.5440104166666668 0.8615234375 0.5255208333333334 0.8431640625 0.5744791666666668 0.8708984375 0.5929687500000002
0 0.85546875 0.6809895833333335 0.8491586538461539 0.6389222756410257 0.8273737980769231 0.6447315705128205 0.8336838942307694 0.6867988782051282
0 1 0.4583333333333334 0.98046875 0.4583333333333334 0.98046875 0.5325520833333335 1 0.5325520833333335
0 1.0048828124999998 0.3515625000000001 0.9887319711538461 0.34725560897435914 0.9838491586538461 0.37980769230769246 0.9999999999999998 0.3841145833333334
0 0.5858623798076923 0.4679487179487179 0.5530048076923076 0.4338741987179487 0.530498798076923 0.47245592948717946 0.5633563701923077 0.5065304487179486
0 0.5117101078539823 0.6417542404129793 0.5107421874999999 0.6223958333333334 0.49168625553097345 0.6240896939528023 0.49265417588495575 0.6434481010324483
0 0.5234375000000001 0.5794270833333334 0.49371783088235305 0.5753278186274511 0.49156020220588237 0.6031372549019609 0.5212798713235294 0.6072365196078432
0 0.3989332932692308 0.4803886217948719 0.3878756009615385 0.47854567307692314 0.38542668269230773 0.504667467948718 0.39648437500000006 0.5065104166666667
0 0.5647536057692307 0.6712740384615385 0.5561899038461537 0.663661858974359 0.542217548076923 0.6916065705128206 0.55078125 0.6992187500000001