0 0.8834592193983404 0.5627388053250347 0.8010195150414938 0.5560090335408023 0.7977227048755187 0.627806232710927 0.8801624092323653 0.6345360044951592
0 0.6967283341078068 0.6577021375464687 0.6787944354089219 0.6393083952912022 0.6556691449814126 0.6793922320322182 0.6736030436802973 0.6977859742874847
0 0.06750128073770492 0.09097079918032788 0.057617187500000014 0.057291666666666664 0.038322873975409844 0.0673582650273224 0.04820696721311476 0.10103739754098363
0 0.07078738700124691 0.2334300966334165 0.03396537951995015 0.23097529613466336 0.03142290757481299 0.29877454800498743 0.06824491505610975 0.3012293485037406
0 0.13436250000000008 0.40087291666666675 0.09556406250000007 0.37250416666666675 0.07750156250000009 0.41642083333333346 0.1163000000000001 0.4447895833333334
0 0.2646056683394161 0.1619525547445256 0.23766109717153286 0.14518704379562045 0.21306170164233573 0.21547103102189785 0.24000627281021897 0.23223654197080298
0 0.8388671875 1.3314844756354688e-16 0.78515625 1.2876331905097495e-16 0.78515625 0.04817708333333347 0.8388671875 0.04817708333333347
0 0.9105618990384615 0.21937099358974368 0.9008263221153847 0.19665464743589756 0.8753756009615383 0.21604567307692318 0.8851111778846154 0.23876201923076928
0 0.3755271811831153 0.3934025713436386 0.3435827883472057 0.35283826298057874 0.29553266200951245 0.4201084398533492 0.3274770548454221 0.46067274821640913
0 0.3916015625 0.5416666666666667 0.3427734375 0.4765625000000001 0.31152343750000006 0.5182291666666667 0.36035156250000006 0.5833333333333335
0 0.457325232482699 0.5554173875432526 0.4370066500865052 0.46640264561707034 0.3693906790657439 0.4938410106689735 0.3897092614619377 0.5828557525951558
0 0.43549274682448036 0.40505015877598166 0.3684347033775982 0.3419367061200925 0.3450513315531178 0.386105297344111 0.412109375 0.4492187500000001
0 0.4710313472510374 0.44467496542185353 0.4283786631224067 0.41175008644536665 0.41005899896265563 0.4539408281466114 0.45271168309128634 0.48686570712309835
0 0.48799519426362903 0.4165024494846759 0.4284892443043124 0.3457386171006238 0.3994092949043938 0.3892116727691891 0.4589152448637104 0.4599755051532412
0 0.42027092230617613 0.3814317099211564 0.419334140932983 0.33271907851511173 0.3530716162943496 0.3349844639728428 0.3540083976675428 0.38369709537888746