0 1.003064385775862 0.4266343390804598 0.9538658405172414 0.27357219827586204 0.8362405711206897 0.3407866379310345 0.8854391163793105 0.4938487787356322
0 0.88671875 0.23046875000000017 0.8047500801025311 0.22908531253337622 0.8038811553788848 0.32061205009078303 0.8858498252763537 0.321995487557407
0 0.7177734375 0.03645833333333348 0.6797656249999999 0.029218750000000116 0.6701562499999999 0.11890625000000012 0.7081640625 0.12614583333333348
0 0.8201622596153845 0.08363381410256417 0.7953846153846154 0.05407451923076933 0.7506370192307692 0.12075721153846164 0.7754146634615384 0.15031650641025648
0 0.9972898946005916 0.1344535872781067 0.9389041697485206 0.10201707347140054 0.9218576645710058 0.15656589003944787 0.9802433894230769 0.18900240384615402
0 1 0.2851562500000001 0.95703125 0.2851562500000001 0.95703125 0.3736979166666668 1 0.3736979166666668
0 1 0.4531250000000001 0.990234375 0.4531250000000001 0.990234375 0.5377604166666669 1 0.5377604166666669
0 0.9432737585616439 0.5310323915525115 0.9215325342465753 0.4952233162100459 0.9049015410958905 0.513174229452055 0.9266427654109588 0.5489833047945206
0 0.9139843750000001 0.46947916666666667 0.9022656250000001 0.4486458333333333 0.877265625 0.4736458333333333 0.888984375 0.49447916666666664
0 0.33005297746781115 0.2829320904864091 0.28184934951716734 0.20622094062947063 0.25781249999999994 0.2330729166666666 0.30601612795064376 0.3097840665236051
0 0.6327952348066299 0.2836771984346226 0.47990439399171275 0.19481756445672196 0.4459858425414365 0.2985684277163905 0.5988766833563537 0.38742806169429117
0 0.517578125 0.3085937500000001 0.4833984375 0.2630208333333335 0.466796875 0.2851562500000001 0.5009765625 0.3307291666666668
0 0.419921875 0.04296875 0.41532695086705207 0.0031460741811175346 0.39962292268786126 0.006367413294797686 0.40421784682080925 0.04619008911368015
0 0.6616586538461539 0.7048277243589742 0.6155348557692307 0.6125801282051282 0.5749699519230769 0.6486378205128206 0.62109375 0.7408854166666665
0 0.4766199448529413 0.7822457107843139 0.4423828125 0.7708333333333335 0.4306066176470589 0.833639705882353 0.4648437500000001 0.8450520833333335
0 0.3961544101962457 0.8627968572241183 0.37367347482935165 0.8391327147326508 0.3564253146331059 0.8682629408418658 0.37890625 0.8919270833333334
0 0.27832031250000006 0.8854166666666666 0.2360724584227468 0.8720046494992847 0.23118964592274677 0.8993483994992847 0.2734375 0.9127604166666666
0 0.20440204326923075 0.9394030448717949 0.1778094951923076 0.8862179487179487 0.12124399038461534 0.9364983974358974 0.14783653846153846 0.9896834935897435
0 0.8060209366147306 0.8354837995750709 0.7744140625 0.8203125000000001 0.7671188916430596 0.8473316513220019 0.7987257657577902 0.8625029508970729
0 0.6960707720588236 0.897794117647059 0.6667049632352942 0.8890931372549021 0.6574678308823529 0.9445159313725493 0.6868336397058824 0.953216911764706
0 0.5275581173780488 0.5586255081300813 0.43434641768292687 0.47820757113821133 0.3903296493902439 0.5689087906504064 0.4835413490853659 0.6493267276422764
0 0.5136718750000001 0.5273437499999998 0.4892578125000001 0.49739583333333326 0.47508834759532065 0.5179312897169266 0.49950241009532065 0.5478792063835931
0 0.4319502667682927 0.5258511178861789 0.4250428734756097 0.44296239837398377 0.3577315167682927 0.4529344512195122 0.3646389100609756 0.5358231707317073
0 0.6994140625 0.3484375 0.6898137019230769 0.3384815705128206 0.6690955528846153 0.37399839743589747 0.6786959134615385 0.3839543269230769
0 0.5419692095588236 0.33112745098039226 0.525390625 0.32942708333333337 0.5244255514705882 0.346155024509804 0.5410041360294118 0.34785539215686284