0 0.7802734375 0.8098958333333335 0.7699028622787611 0.8089740044247787 0.7689262997787611 0.8285052544247787 0.779296875 0.8294270833333335
0 0.9714682667525774 0.933902491408935 0.9599609375 0.9270833333333336 0.951222213273196 0.9532995060137459 0.9627295425257734 0.9601186640893473
0 0.62109375 0.2109375000000001 0.6015625 0.2109375000000001 0.6015625 0.24348958333333345 0.62109375 0.24348958333333345
0 0.16657774390243904 0.2747141768292683 0.15248189786585367 0.24566819105691057 0.126000381097561 0.26851498983739835 0.14009622713414638 0.29756097560975614
0 0.5264423076923077 0.3038862179487181 0.48993389423076916 0.2714342948717949 0.46814903846153844 0.31500400641025644 0.5046574519230769 0.3474559294871797
0 0.610877403846154 0.45743189102564114 0.5797776442307693 0.39523237179487175 0.5540865384615385 0.41806891025641024 0.5851862980769231 0.48026842948717957
0 0.567730629280822 0.21304223744292247 0.511588908894037 0.1992932446951384 0.5052998778706688 0.24494695138329314 0.5614415982574537 0.25869594413107716
0 0.9992992711305281 0.4685791131716595 0.9609500378922966 0.43394109605325715 0.9379262883380883 0.4792576824774131 0.9762755215763196 0.5138956995958155
0 0.7607470500518672 0.09911285442600286 0.7315393218360995 0.09109504668049799 0.7168860217842322 0.1859926089211619 0.7460937499999999 0.19401041666666677
0 0.32759375 0.8762916666666667 0.28273437500000004 0.8654166666666667 0.27475000000000005 0.92396875 0.31960937500000003 0.93484375
0 0.6997920221843003 0.8984241680887373 0.6933593749999999 0.8255208333333333 0.647804234215017 0.8326667377701933 0.6542368813993173 0.9055700725255973
0 0.27840124309392267 0.8431960750460408 0.24419457872928177 0.8021480778084715 0.2016089002071823 0.8652379719152854 0.23581556457182323 0.9062859691528546
0 0.4741936639908257 0.6862600344036698 0.417013689793578 0.6839497324159022 0.4151752436926606 0.7648413608562693 0.4723552178899083 0.7671516628440369
0 0.9090164903938291 0.7460842675993358 0.8779296875 0.6432291666666666 0.8206003407675354 0.6740329947617222 0.8516871436613644 0.7768880956943912
0 0.5632608224386338 0.1819011806296692 0.5510980856456775 0.04243513207043758 0.4827543439834579 0.053031061010316585 0.49491708077641416 0.19249710956954816
0 0.5364511704735709 0.5164319117236704 0.5146484375 0.3932291666666668 0.4439489095013155 0.41547171480108436 0.4657516424748864 0.538674459858088
0 0.8707740213523133 0.30254207443653613 0.7751682050711743 0.23576975830367733 0.7355635564946619 0.3365815910438908 0.8311693727758008 0.4033539071767496