0 0.8441891642011836 0.21291759122287973 0.827564487795858 0.15908530571992105 0.7911196375739645 0.1790942430966469 0.8077443139792899 0.23292652859960558
0 0.9156197212837839 0.2180109797297299 0.8937658361486488 0.213154560810811 0.8873258023648651 0.26467483108108125 0.9091796875000002 0.26953125000000017
0 0.787109375 0.2890625000000001 0.755859375 0.2890625000000001 0.755859375 0.3372395833333334 0.787109375 0.3372395833333334
0 0.646484375 0.2955729166666667 0.6283016826923078 0.2395096153846154 0.5492319711538463 0.285099358974359 0.5674146634615386 0.34116266025641023
0 0.8222656249999998 0.5481770833333333 0.8212828224840255 0.5154169994675186 0.7929687499999999 0.5169270833333334 0.7939515525159744 0.5496871671991479
0 0.8313671875 0.8284374999999998 0.82734375 0.7908854166666666 0.8079296874999999 0.7945833333333333 0.8119531249999999 0.8321354166666666
0 0.5205078125 0.8177083333333334 0.46484375 0.8177083333333334 0.46484375 0.8841145833333334 0.5205078125 0.8841145833333334
0 0.14843749999999997 0.4752604166666667 0.12792968750000003 0.4609375 0.11940474866548045 0.4826373443060498 0.1399125611654804 0.4969602609727165
0 0.20703125 0.3619791666666667 0.17578125000000006 0.3619791666666667 0.17578125000000006 0.41796875 0.20703125 0.41796875
0 0.37890624999999994 0.7877604166666667 0.37207031249999994 0.7734375 0.36600413602941173 0.7785845588235294 0.37284007352941173 0.7929074754901961
0 0.5152188191371682 0.22036320058997058 0.49551472621681414 0.21861172566371687 0.493967782079646 0.2495506084070797 0.513671875 0.2513020833333334