0 0.6187177465596331 0.02436209862385321 0.6181640625 3.7007434154171884e-18 0.5859375000000001 0.0013020833333333296 0.5864911840596332 0.02566418195718654
0 0.957323723032995 0.18073842005076154 0.9428884438451778 0.17936363155668372 0.9406428458121828 0.22128146150592232 0.955078125 0.22265625000000014
0 0.6826171875 0.19010416666666685 0.6640625 0.16536458333333345 0.6484375 0.1861979166666667 0.6669921875 0.2109375000000001
0 0.5648062928082191 0.06609945776255709 0.5639447773972603 0.035084902968036534 0.5268862371575341 0.03691495433789955 0.527747752568493 0.06792950913242012
0 0.435546875 0.001302083333333363 0.4100514976211073 -0.01682796280276815 0.39426430038927335 0.022640030276816634 0.41975967776816614 0.040770076412918146
0 0.7811153017241379 0.4435614224137931 0.7673087284482758 0.39753951149425293 0.7437365301724139 0.4101113505747127 0.7575431034482759 0.45613326149425293
0 0.3857053360849056 0.41553655660377353 0.37114902712264153 0.38060141509433965 0.3321786556603774 0.409468356918239 0.34673496462264153 0.4444034984276729
0 1.0185546875 0.026041666666666786 0.9951171875 -0.005208333333333215 0.9599609375 0.04166666666666678 0.9833984375 0.07291666666666678
0 0.04710036057692309 0.9490184294871794 0.026216947115384626 0.9072516025641024 -0.005558894230769207 0.9354967948717948 0.015324519230769251 0.9772636217948718
0 0.25237318065068504 0.7377425799086759 0.22270708476027404 0.7057220319634704 0.17849689640410968 0.7785388127853883 0.20816299229452068 0.8105593607305936
0 0.7798586727528091 0.12375058520599252 0.7737183988764046 0.037786750936329584 0.732518433988764 0.04301849250936331 0.7386587078651685 0.12898232677902624
0 0.7798598345588236 0.900919117647059 0.7561351102941176 0.8512101715686277 0.705078125 0.8945312500000001 0.7288028492647058 0.9442401960784316
0 0.5917968749999999 0.9309895833333335 0.5643462558962263 0.87749606918239 0.508892246462264 0.9280856918238993 0.5363428655660376 0.9815792059748428
0 0.14126165400552487 0.09295148480662986 0.13818629143646413 0.015042299723756905 0.07780667299723758 0.019279465930018405 0.08088203556629835 0.09718865101289136
0 0.26672998715753427 0.043293378995433805 0.20734160958904108 -0.020808361872146096 0.1542166095890411 0.0666916381278539 0.2136049871575343 0.1307933789954338
0 0.3550650834658188 0.6404076410969793 0.34575280703497613 0.4852030339162691 0.2646313593004769 0.49385598834128236 0.2739436357313195 0.6490605955219927
0 0.3485523897058823 0.3409773284313726 0.2607306985294117 0.15696997549019615 0.19602481617647055 0.21187193627450984 0.28384650735294115 0.39587928921568627
0 0.164911142172524 0.5120765109158679 0.0018127246405751306 0.5033779286474973 -0.0018314446884983514 0.6248502396166133 0.1612669728434505 0.633548821884984
0 0.7138671875 0.5989583333333334 0.5595703125000001 0.3932291666666668 0.484375 0.49348958333333354 0.6386718749999999 0.6992187500000001