0 0.8403603615614335 0.00911902730375438 0.8214623773464164 -0.022797568259385594 0.7998046875 5.921189464667501e-17 0.818702671715017 0.031916595563140034
0 1.0000000000000002 0.28255208333333354 0.9106925460102098 0.2806000078362889 0.9098970227700164 0.34530256470535575 0.9992044767598068 0.3472546402024003
0 1.0000548986486488 0.21950872747747768 0.9755859375 0.21875000000000017 0.9745544763513513 0.277887105855856 0.9990234375 0.27864583333333354
0 0.9047181850062346 0.3155879831670825 0.864194494233167 0.3128864037822113 0.8618200592269325 0.37620467061512897 0.9023437500000002 0.37890625000000017
0 0.7236328125 0.2760416666666667 0.6962890625 0.23958333333333345 0.65625 0.2929687500000001 0.68359375 0.3294270833333333
0 0.6870136186770428 0.19925928177691307 0.6700890685797665 0.17934804636835283 0.648657891536965 0.2117329361219196 0.6655824416342412 0.23164417153047984
0 0.6427607117563738 0.09133764164305956 0.6176190686968838 0.02010298630783763 0.5598192944405099 0.05636951133144474 0.5849609375 0.12760416666666666
0 0.4303335336538462 0.1930889423076923 0.4257962740384615 0.1446915064102564 0.36377704326923077 0.15502804487179486 0.3683143028846153 0.20342548076923075
0 0.5557789522058825 0.22594975490196087 0.5165969669117648 0.220545343137255 0.5102412683823531 0.3024632352941177 0.5494232536764707 0.3078676470588236
0 0.6425781249999999 0.3945312500000001 0.6240035330414012 0.36793059978768583 0.5956832205414012 0.4030868497876858 0.6142578124999999 0.42968750000000006
0 0.515625 0.5247395833333334 0.49609375 0.4986979166666667 0.4794921875 0.5208333333333334 0.4990234375 0.546875
0 0.22482301054895534 0.5885528685306569 0.21614916722142566 0.5160079970640449 0.12549568248156495 0.5352773368155128 0.13416952580909464 0.6078222082821249
0 0.08289574795081969 0.3662269467213115 0.020379738729508236 0.35864924863387976 0.01700179303278692 0.40819245218579236 0.07951780225409838 0.4157701502732241
0 0.3934927174507658 0.9139542304886945 0.38123546909190364 0.8281534919766593 0.33277061679431064 0.8404620258935083 0.3450278651531728 0.9262627644055434
0 0.5966947115384615 0.723016826923077 0.5575270432692307 0.7087740384615385 0.5471153846153846 0.7596754807692309 0.5862830528846155 0.7739182692307693