0 0.7668339416058394 0.011464035888077862 0.7666015625 0 0.73046875 0.0013020833333333222 0.7307011291058394 0.012766119221411184
0 0.7675781250000001 0.44401041666666685 0.7454048884854773 0.4268942340940527 0.7346627009854773 0.45163381742738606 0.7568359375000001 0.46875000000000017
0 0.6801154318820226 0.24622542134831477 0.6567218223314607 0.2390273876404496 0.6497761587078652 0.27915788857677915 0.673169768258427 0.28635592228464435
0 0.5758132684426229 0.2936987704918034 0.5284579918032787 0.27884221311475416 0.5236296106557377 0.3062030396174864 0.5709848872950819 0.32105959699453557
0 0.40975133384146334 0.6396722560975608 0.4052734375 0.5859375 0.3656154725609756 0.5918127540650406 0.37009336890243905 0.6455475101626015
0 0.1015625 0.0013020833333333495 0.041473016093229745 -0.0013685603958564461 0.040729484600443955 0.028372699315575296 0.10081896850721421 0.031043343044765092
0 0.99609375 0.25260416666666685 0.96484375 0.25260416666666685 0.96484375 0.3098958333333334 0.99609375 0.3098958333333334
0 0.6833079268292683 0.6671430386178863 0.6790205792682927 0.6156948678861788 0.6393626143292683 0.6215701219512195 0.6436499618902438 0.6730182926829269
0 0.7675781250000001 0.1627604166666668 0.7279798241361073 0.15277165608838753 0.7181935384344147 0.2217416696050777 0.7577918392983075 0.23173043018335698
0 0.29582851276444266 0.795243422836995 0.2490234375 0.7395833333333335 0.21941905258340116 0.7838403936126933 0.26622412784784383 0.839500483116355
0 0.49758479420731716 0.36138211382113816 0.47169874237804876 0.30804115853658526 0.4150914634146341 0.35687881097560964 0.4409775152439024 0.41021976626016254
0 0.946254595588235 0.06971507352941195 0.8933814691742079 -0.020230015082956024 0.8567254666289589 0.01807715874811476 0.9095985930429862 0.10802224736048274
0 0.3396079188614262 0.5583974878444083 0.3336298369124797 0.4654051019719071 0.18649653059157212 0.48222033698001077 0.19247461254051862 0.5752127228525121