0 0.6210937499999999 0.4856770833333333 0.6083984374999999 0.4791666666666667 0.6046734052835051 0.49208011168384874 0.6173687177835051 0.4985905283505154
0 0.16334987331081088 0.7101280968468469 0.14307960304054063 0.7056235923423423 0.1398859797297298 0.7311725788288288 0.16015625000000006 0.7356770833333334
0 0.4181640625 0.4981770833333334 0.4009765625 0.48671875000000003 0.3875 0.52265625 0.4046875 0.5341145833333333
0 0.1523034793814433 0.5754000214776632 0.119714481314433 0.5586877147766323 0.11155968105670107 0.5869576890034364 0.14414867912371138 0.6036699957044674
0 1.0060156250000003 0.21859375000000023 0.984140625 0.21442708333333352 0.978125 0.27057291666666683 1.0000000000000002 0.2747395833333336
0 0.18579606681034483 0.07023168103448278 0.1539533943965517 0.0666936063218391 0.1512055495689655 0.11065912356321839 0.1830482219827586 0.11419719827586208
0 1 0.03776041666666683 0.98046875 0.03776041666666683 0.98046875 0.09895833333333348 1 0.0989583333333335
0 0.9999999999999998 0.18098958333333331 0.9970703124999998 0.11458333333333333 0.964783135775862 0.11711566091954022 0.967712823275862 0.18352191091954018
0 0.1180320945945946 0.9164203265765766 0.09546558277027031 0.8742961711711712 0.06978462837837837 0.8987542229729731 0.09235114020270267 0.9408783783783785
0 1 0.4296875000000001 0.98046875 0.4296875000000001 0.98046875 0.5247395833333335 1 0.5247395833333335
0 0.5568205466148723 0.6868135520717721 0.5211451252081021 0.635965825009249 0.4901996913152054 0.6745644307251203 0.5258751127219756 0.7254121577876433
0 0.9494140625 0.5541666666666668 0.9138671875 0.5473958333333333 0.9042187499999998 0.6374479166666667 0.9397656249999999 0.6442187500000002
0 0.5645105698529411 0.4437040441176471 0.4997127757352941 0.4221047794117647 0.4911534926470589 0.46775428921568635 0.5559512867647058 0.48935355392156865
0 0.5427016864175023 0.17675217449103622 0.5290689807429353 0.11383199445457312 0.44270061816317224 0.14709980818900034 0.4563333238377393 0.21001998822546344
0 0.8810067806603774 0.37438580974842767 0.8312684257075473 0.3020391116352202 0.7956699587264152 0.3455483490566039 0.8454083136792454 0.4178950471698114
0 0.24250971605329955 0.6202873836717427 0.18560140387055843 0.6148675444162436 0.18048064720812187 0.7104550021150593 0.23738895939086296 0.7158748413705585
0 0.9789081628749235 0.9958254161565667 0.9782193286446643 0.9048992977623614 0.8491092379106305 0.9066381542032238 0.8497980721408898 0.9975642725974291
0 0.8055707603503184 0.6267250530785563 0.7520526472929937 0.49590299893842904 0.5591038017515924 0.6362294320594482 0.6126219148089171 0.7670514861995754