0 0.58203125 0.6914062500000001 0.5693359375 0.6744791666666667 0.5576171875 0.6901041666666667 0.5703125 0.7070312500000001
0 0.3203125 0.0013020833333333823 0.28125 0.0013020833333333792 0.28125 0.01822916666666671 0.3203125 0.018229166666666716
0 0.98828125 0.6523437500000002 0.9781811118784528 0.6373805824125233 0.95703125 0.6627604166666669 0.9671313881215469 0.6777235842541439
0 0.9251214104729731 0.9466849662162166 0.9051678631756758 0.9422508445945948 0.9010504645270272 0.9751900337837841 0.9210040118243246 0.9796241554054058
0 0.7389481707317074 0.7589240345528457 0.705078125 0.7539062500000002 0.7032679115853658 0.7756288109756099 0.7371379573170732 0.7806465955284554
0 0.337484375 0.05561458333333332 0.30264843750000003 0.023458333333333314 0.28710937500000006 0.053385416666666664 0.3219453125 0.08554166666666667
0 0.810546875 0.0013020833333334666 0.7640253817873304 -0.000017675339366389024 0.7634686085972852 0.03487344457013587 0.8099901018099546 0.036193203242835724
0 0.46764176615168546 0.3143433988764045 0.45612052317415736 0.24777621722846438 0.4334401334269663 0.2547547986891386 0.4449613764044944 0.32132198033707865
0 0.5464796112804879 0.6765053353658537 0.5112661966463414 0.6664443597560975 0.5038490853658536 0.712595274390244 0.5390625000000001 0.72265625
0 0.6602913851351351 0.9126956644144144 0.6594847972972973 0.8664512950450451 0.6033741554054053 0.86819115990991 0.6041807432432432 0.9144355292792793
0 0.6732059494372443 0.4347643815370622 0.6393220284788541 0.3958173459527056 0.6110110419508868 0.4396050051159616 0.6448949629092771 0.47855204070031826
0 0.583984375 0.6315104166666666 0.48046875 0.56640625 0.4676858483182877 0.6025392520869735 0.5712014733182877 0.6676434187536401
0 0.6479729590998685 0.6504582101401665 0.5871655818823915 0.6483793254489707 0.5854203453515112 0.7391316250547526 0.6462277225689881 0.7412105097459484
0 0.9956632515138407 0.477541089965398 0.9489031412197232 0.41182417820069206 0.9178018220155707 0.4511660178777394 0.9645619323096885 0.5168829296424453
0 0.5316957720588235 0.7413204656862746 0.4555101102941177 0.6999356617647059 0.43357077205882355 0.7717371323529413 0.5097564338235293 0.8131219362745099
0 0.5585937500000001 0.9309895833333336 0.48025462604521535 0.8997895859141118 0.464068004316352 0.9720429118922268 0.5424071282711367 1.0032429093114485
0 0.26121199324324323 0.7821790540540541 0.19304265202702708 0.7160754504504505 0.14620988175675684 0.8019355292792792 0.214379222972973 0.8680391328828828
0 0.06267205342577488 0.47243959013050574 0.0169542720228385 0.27051938893420335 -0.0418115314029364 0.2941735488036976 0.003906249999999978 0.49609375
0 1.0044643596981615 0.02029657209357154 0.9292956320708855 0.004069672161334174 0.907253147372724 0.18559601673442944 0.982421875 0.20182291666666682
0 0.7909917799667036 0.24881641925638184 0.7338449899417313 0.11674383786533493 0.6609420522336291 0.1728230207177212 0.7180888422586014 0.30489560210876815