0 0.4603125 0.3873437500000001 0.430546875 0.3344270833333333 0.377109375 0.38786458333333335 0.406875 0.44078125000000007
0 0.5957031250000001 0.3085937500000001 0.522734254529684 0.3058911992418402 0.520781129529684 0.39964119924184016 0.5937500000000001 0.40234375000000006
0 0.853515625 0.49869791666666685 0.7885630122950821 0.44508623633879807 0.7603003329918033 0.5059596994535521 0.8252529456967214 0.5595713797814209
0 0.4867031572608397 0.2684057051502639 0.4482421875 0.20833333333333343 0.4304684811596696 0.228563568192246 0.46892945092050925 0.28863594000917653
0 0.5042757601351351 0.2698831644144144 0.49284733952702703 0.17845579954954957 0.44692250844594594 0.18866131756756757 0.45835092905405406 0.2800886824324324
0 0.09179687500000003 0.2760416666666667 0.04492187500000002 0.2760416666666667 0.04492187500000003 0.3216145833333333 0.09179687500000003 0.3216145833333333
0 0.34999613242574257 0.436146349009901 0.2986250773514852 0.380105198019802 0.26860303217821785 0.4290300123762377 0.3199740872524752 0.4850711633663367
0 0.6866194928278689 0.5116120218579235 0.6654873206967213 0.5090505464480876 0.662109375 0.5585937500000001 0.6832415471311476 0.5611552254098362
0 0.8879957932692306 0.07221554487179489 0.877178485576923 0.05058092948717944 0.853515625 0.07161458333333327 0.8643329326923077 0.09324919871794872
0 0.38703198702830194 0.31038718553459127 0.3427181603773585 0.2040340015723271 0.2919737617924528 0.24162244496855348 0.33628758844339623 0.3479756289308176
0 0.47579650110201505 0.30627099076406383 0.4267578125 0.21614583333333331 0.3922081627833752 0.24956640952980685 0.4412468513853904 0.33969156696053737