0 0.08203125000000003 0.3789062499999999 0.05175781250000002 0.37499999999999994 0.04917847938144333 0.41053747852233674 0.07945191688144333 0.41444372852233674
0 0.6725500177053825 0.143188591831917 0.6448853576487253 0.12990955500472154 0.6358473132082153 0.16338379367327682 0.6635119732648725 0.17666283050047227
0 0.3709463443396227 0.9785524764150944 0.3600751768867925 0.9524616745283019 0.3098282724056604 0.9896816037735849 0.3206994398584906 1.0157724056603774
0 0.13671875000000008 0.8541666666666666 0.10156250000000008 0.8541666666666666 0.10156250000000008 0.8997395833333334 0.13671875000000008 0.8997395833333334
0 0.36156765919811323 0.4357311320754718 0.34415536556603776 0.3939416273584906 0.3157982016509434 0.41494693396226423 0.33321049528301894 0.45673643867924535
0 0.867465625 0.10308124999999997 0.8457109375 0.05018750000000001 0.8115140625000002 0.07519166666666663 0.8332687500000002 0.1280854166666666
0 0.7351862980769232 0.28339342948717944 0.7294320913461539 0.2220152243589744 0.6830378605769231 0.22974759615384618 0.6887920673076924 0.29112580128205123
0 0.3261718750000001 0.53125 0.2500000000000001 0.53125 0.2500000000000001 0.5716145833333334 0.3261718750000001 0.5716145833333334
0 0.0543170797413793 0.18157327586206895 0.03370824353448277 0.11745689655172414 -0.010607489224137933 0.14278017241379312 0.010001346982758608 0.20689655172413793
0 1.014873798076923 0.9233774038461537 0.9221604567307693 0.8896634615384615 0.9037259615384615 0.9797876602564105 0.9964393028846151 1.0135016025641026
0 0.23535156250000006 0.5872395833333334 0.12026535560344831 0.5744522270114942 0.11367860991379315 0.679840158045977 0.22876481681034483 0.6926275143678161