0 0.30078125 0.3919270833333333 0.2817753232758621 0.3904364224137931 0.2810681573275862 0.4064655172413793 0.30007408405172414 0.4079561781609195
0 0.19824218750000006 0.3958333333333333 0.18327356557377056 0.3940189549180328 0.181336449795082 0.42242998633879786 0.1963050717213115 0.42424436475409844
0 0.05468750000000009 0.9791666666666666 0.01757812500000009 0.9791666666666666 0.01757812500000009 0.99609375 0.05468750000000009 0.99609375
0 0.03417968750000004 0.8255208333333335 0.023437500000000045 0.8111979166666667 0.0009765625000000445 0.8411458333333336 0.011718750000000045 0.8554687500000002
0 0.12389239716453679 0.9431700945154422 0.1104139626597445 0.9237012446751864 0.07897988218849847 0.96238934371672 0.09245831669329077 0.9818581935569757
0 0.15625 0.04687500000000002 0.12890625 0.046875000000000014 0.12890625 0.0924479166666667 0.15625 0.0924479166666667
0 0.057583512931034475 0.28829920977011486 0.04269935344827586 0.23868534482758622 0.019800646551724137 0.2508979885057471 0.03468480603448275 0.3005118534482758
0 0.474609375 0.3697916666666668 0.453125 0.3697916666666668 0.453125 0.4479166666666668 0.474609375 0.4479166666666668
0 0.025390625000000083 0.8828125 8.138399871286854e-17 0.8828125 8.395527861342207e-17 0.9388020833333334 0.02539062500000009 0.9388020833333334
0 0.482421875 0.13411458333333334 0.4638671875 0.09375 0.4288306070347958 0.12238204425113466 0.4473852945347958 0.16274662758446798
0 0.2941386912128713 0.40627578382838286 0.2509765625 0.33593750000000006 0.22215346534653468 0.36738087871287134 0.26531559405940597 0.43771916254125415
0 0.31938055203045684 0.6723442787648054 0.28722338991116747 0.6228717216582065 0.25056511738578674 0.6652323921319797 0.2827222795050761 0.7147049492385786
0 0.5481392634854771 0.29445993257261416 0.5109204810684647 0.20874394882434302 0.4742730484958505 0.2370331950207469 0.511491830912863 0.32274917876901804
0 0.15055899784482765 0.6144935344827587 0.10765759698275865 0.5899784482758622 0.07987607758620693 0.676409841954023 0.12277747844827594 0.7009249281609196
0 0.5224609375000001 0.9557291666666671 0.4853515625 0.9062500000000002 0.4394531250000001 0.9674479166666669 0.47656250000000017 1.0169270833333335