0 0.5381051695842449 0.1860070204230489 0.5255402078774616 0.09805228847556528 0.48874282002188185 0.10739765681983954 0.5013077817286652 0.1953523887673231
0 0.5373465707056893 0.08004535922684178 0.5209629718271335 0.04792065554339899 0.4943585886214441 0.07204196298322393 0.5107421874999999 0.10416666666666673
0 0.5713645977209946 0.051392725598526694 0.5702261740331493 0.022552658839779003 0.5539267524171272 0.023696477900552494 0.5550651761049724 0.05253654465930018
0 0.4892578124999999 8.881784197001253e-17 0.4102310981819553 -0.032568585294709254 0.39118488797525647 0.049591537165560286 0.4702116022933011 0.08216012246026963
0 0.5157879677547771 0.2478221204883228 0.37116217157643316 0.24093517781316356 0.3689776572452229 0.32249037951167736 0.513603453423567 0.3293773221868366
0 0.13933863146551725 0.39504310344827587 0.09777747844827589 0.3917834051724138 0.0966460129310345 0.41742995689655166 0.13820716594827587 0.42068965517241375
0 0.9355468749999998 0.35026041666666696 0.9208984374999998 0.3411458333333337 0.9144117814781021 0.3596791362530417 0.9290602189781021 0.36879371958637497
0 0.805687881097561 0.4872649898373984 0.803830030487805 0.46497078252032525 0.7763910060975611 0.4690358231707318 0.7782488567073171 0.49133003048780494
0 0.9726562500000002 0.5403645833333336 0.944914961283186 0.53789869100295 0.9407408047566372 0.6213818215339233 0.9684820934734514 0.6238477138643069
0 0.669921875 0.6210937500000002 0.6603196154739779 0.6194237918215616 0.6573899279739779 0.6493717084882281 0.6669921875 0.6510416666666667
0 0.7385005227695167 0.6294425728004956 0.7197265625 0.5572916666666666 0.6816587767193308 0.5749012546468403 0.7004327369888476 0.6470521607806691
0 0.6086623733108107 0.7247677364864865 0.5965741131756757 0.6280616554054054 0.5424144847972973 0.6400971283783784 0.5545027449324325 0.7368032094594595
0 0.7597235212170363 0.8506348541928282 0.6697542774173295 0.8201974980814846 0.6472389728966095 0.9385132159550719 0.7372082166963164 0.9689505720664155
0 0.8518988457541568 0.8997241191607285 0.8511240907066508 0.8697669239904988 0.8222656249999998 0.87109375 0.8230403800475058 0.9010509451702297
0 0.533162493274749 0.914417443806791 0.5224707451578192 0.8760368095408896 0.48431895624103305 0.8949310288139646 0.4950107043579627 0.9333116630798661
0 0.4609375 0.9010416666666666 0.423828125 0.9010416666666666 0.423828125 0.9583333333333334 0.4609375 0.9583333333333334
0 0.3750000000000001 0.9309895833333336 0.3525390625000001 0.9010416666666669 0.32519531250000006 0.9375000000000002 0.34765625000000006 0.9674479166666669
0 0.05273437500000007 0.7825520833333334 0.03245192307692315 0.7771434294871794 0.02561598557692315 0.8227163461538461 0.04589843750000007 0.828125