0 0.24730785472972977 0.7688274211711712 0.23622255067567566 0.7582699887387389 0.22065033783783786 0.7873381193693694 0.23173564189189197 0.7978955518018018
0 0.69921875 0.49609375000000006 0.6767578124999999 0.47656249999999994 0.6667720076259946 0.4969779232979663 0.6892329451259946 0.5165091732979664
0 0.17304687500000004 0.48880208333333347 0.149609375 0.4783854166666668 0.14257812500000003 0.5065104166666667 0.16601562500000006 0.5169270833333334
0 0.21958869485294125 0.9288602941176471 0.19785156250000005 0.9104166666666667 0.1827320772058824 0.942095588235294 0.20446920955882358 0.9605392156862746
0 0.38378906250000006 0.8359375000000002 0.35546875000000006 0.7981770833333336 0.3417968750000001 0.8164062500000002 0.3701171875000001 0.8541666666666669
0 0.030130525914634165 0.09806910569105694 0.0009765625000000082 0.09375 -0.0025724085365853603 0.13633765243902438 0.026581554878048797 0.1406567581300813
0 0.08604266826923082 0.3309094551282052 0.053710937500000035 0.32552083333333337 0.04813701923076926 0.38497596153846153 0.08046875000000005 0.39036458333333335
0 0.3974793632075472 0.34431505503144655 0.3808962264150944 0.3045155267295598 0.34325250589622647 0.3323997641509434 0.3598356426886793 0.3721992924528302
0 0.10224034926470585 0.5872089460784314 0.0741153492647059 0.5434589460784314 0.03125 0.5924479166666666 0.059374999999999956 0.6361979166666667
0 0.23157429245283018 0.6236487814465408 0.21911851415094336 0.5655218160377359 0.15101709905660377 0.591465212264151 0.16347287735849053 0.649592177672956
0 0.3112454379562044 0.1999125608272507 0.223426094890511 0.15733348540145992 0.20286838503649643 0.2327117548661801 0.2906877281021898 0.27529083029197093