0 0.08007812500000001 0.7643229166666666 0.078125 0.7356770833333334 0.06280417520491803 0.7375341530054645 0.06475730020491804 0.7661799863387979
0 0.50390625 8.012825736608658e-17 0.474609375 7.773636908650191e-17 0.474609375 0.016927083333333412 0.50390625 0.016927083333333415
0 1 0.20572916666666685 0.984375 0.20572916666666685 0.984375 0.24869791666666685 1 0.24869791666666685
0 0.7987607758620691 0.6668911637931035 0.7903758081896551 0.6408045977011495 0.764446390086207 0.655621408045977 0.7728313577586208 0.681707974137931
0 0.9590180495689655 0.9057112068965518 0.9415746228448276 0.8957435344827587 0.9286435883620691 0.9359734195402301 0.946087015086207 0.9459410919540231
0 0.4889658505154639 0.7624704682130584 0.4671089722938143 0.7512618127147765 0.4550781249999999 0.79296875 0.47693500322164945 0.8041774054982818
0 0.3582926726083033 0.8261695246690733 0.3291015625000001 0.8177083333333334 0.3221915895758124 0.8600895006016849 0.3513826996841155 0.868550691937425
0 0.40838683477722776 0.6941651196369638 0.36584351794554465 0.6884926773927393 0.3617438892326733 0.7431543935643565 0.4042872060643565 0.748826835808581
0 0.623046875 0.3593750000000001 0.580078125 0.3593750000000001 0.580078125 0.4127604166666668 0.623046875 0.4127604166666668
0 0.6654168567518249 0.659262849756691 0.6432054060218979 0.5778208637469586 0.601334397810219 0.5981219586374694 0.623545848540146 0.6795639446472018
0 0.21464843749999996 0.8208333333333332 0.1994140625 0.7598958333333333 0.1162109375 0.796875 0.1314453125 0.8578124999999999
0 0.8510102370689655 0.38621587643678174 0.7580414870689655 0.37892420977011504 0.7546134159482758 0.45662715517241387 0.8475821659482758 0.4639188218390806
0 0.31535456730769235 0.260917467948718 0.28125 0.19270833333333334 0.18885216346153846 0.27483974358974356 0.22295673076923078 0.34304887820512825