0 1.0046015625 0.22992708333333337 0.9068203125000001 0.1709479166666668 0.9003589154411765 0.18999203431372566 0.9981401654411763 0.24897120098039222
0 0.8162606121654601 0.2770110513802393 0.6922490097942264 0.11466859009426038 0.6428876464925937 0.18170254025697144 0.7668992488638275 0.3440450015429503
0 0.6491681821555819 0.3037782066508315 0.6104211512767221 0.301996733966746 0.6092079869358671 0.3489057551464768 0.6479550178147269 0.3506872278305623
0 0.4576176385681293 0.16729515492686683 0.4521484375 0.12499999999999999 0.4235011006062354 0.13158559468822173 0.4289703016743648 0.1738807496150886
0 0.3776271253148614 0.3613527235516372 0.34490613192695213 0.22319741813602015 0.28695194426952136 0.24759918136020154 0.3196729376574307 0.3857544867758186
0 0.37904472858197924 0.2274568408419498 0.3466796874999999 0.18750000000000003 0.3340579417466764 0.20567531388478585 0.3664229828286557 0.2456321547267356
0 0.38010817307692313 0.4246794871794872 0.36230468749999994 0.4088541666666667 0.3549429086538461 0.4235777243589744 0.3727463942307693 0.43940304487179493
0 0.6309397977941178 0.5571997549019608 0.5977826286764707 0.5537990196078433 0.5957031250000001 0.5898437500000002 0.6288602941176472 0.5932444852941179
0 0.8231545746717723 0.5752330643690737 0.8137949603391682 0.5097157640408462 0.767573851203501 0.5214544584245077 0.7769334655361049 0.5869717587527352
0 0.7068628771551724 0.7657147988505748 0.6769261853448276 0.748608117816092 0.6673289331896551 0.7784662356321841 0.6972656249999999 0.7955729166666667
0 0.67578125 0.9440104166666666 0.6566373052407932 0.8897692398489144 0.5797904125354109 0.9379868980169976 0.5989343572946175 0.99222807483475
0 1.000316491788321 0.9986865115571776 0.9995323905109487 0.9600041818734792 0.9630830862226277 0.9613176703163016 0.9638671875 0.9999999999999999