0 0.166015625 2.2882397874693385e-17 0.103515625 1.7779702878246075e-17 0.103515625 0.04427083333333335 0.166015625 0.044270833333333356
0 0.26885221329059006 0.3199007343488881 0.2340906557317779 0.29779594902943823 0.19668375494118784 0.4023743813472169 0.2314453125 0.4244791666666667
0 0.23699689931906615 0.6952567688067446 0.1971402298151751 0.6483665693904022 0.17741898711089496 0.6781675583657588 0.21727565661478604 0.7250577577821012
0 0.6228306807452063 0.6956847399767578 0.5567331175552004 0.6455715548130933 0.5367887719712376 0.692337606527213 0.6028863351612436 0.7424507916908776
0 0.728515625 0.39453124999999994 0.6955381139333895 0.30365988617200673 0.6360633168212478 0.3420307230185498 0.6690408278878582 0.43290208684654297
0 0.6133893497889306 0.2409904627892433 0.5917602310037522 0.18523540103189493 0.5572232645403377 0.20905399859287052 0.5788523833255159 0.2648090603502189
0 0.5039062499999999 0.011718750000000059 0.465560493119266 -0.003619552752293546 0.44134353497706413 0.10401137232415905 0.4796892918577981 0.11934967507645265
0 0.473953447467167 0.07516172217010636 0.44167191897279545 0.0239212007504691 0.3576197525797373 0.11805962711069426 0.38990128107410876 0.1693001485303315
0 0.44078868640590807 0.031341174325310056 0.415831851750547 -0.017593795587162595 0.38612896608315095 0.00933682075127648 0.41108580073851203 0.05827179066374913
0 0.4648437499999999 0.0013020833333334037 0.4267578124999999 6.846375318521799e-17 0.4262753059296977 0.025090341655716233 0.4643612434296977 0.02639242498904957
0 0.8847656249999998 0.001302083333333511 0.8645312499999998 -0.0025520833333331733 0.8616015624999998 0.0247916666666668 0.8818359374999998 0.02864583333333348
0 0.83203125 0.8450520833333334 0.8291796874999999 0.8184374999999999 0.8086718749999999 0.8223437499999999 0.8115234375 0.8489583333333334
0 0.9613060141509434 0.7321884827044027 0.9485922759433965 0.7314514544025159 0.947247199292453 0.7727004716981135 0.9599609375 0.7734375000000002
0 0.6914062500000001 0.9986979166666667 0.6907736017575559 0.9658002080595708 0.6501853030551906 0.9671878422032414 0.6508179512976348 1.0000855508103375
0 0.7220491976351352 0.9599873310810813 0.7157675253378379 0.9097339527027029 0.6882126266891891 0.9158572635135136 0.6944942989864865 0.966110641891892
0 0.921875 0.9934895833333336 0.9188801009892827 0.9543562362599616 0.8710285384892827 0.9608666529266282 0.8740234375 1.0000000000000002