0 1 0.3111979166666667 0.9990234375 0.27864583333333326 0.9874794079472842 0.2792615149094781 0.9884559704472842 0.3118135982428115
0 0.1817406631097561 0.5797891260162603 0.17480468749999997 0.5546875 0.15697408536585367 0.5634463922764227 0.16391006097560978 0.588548018292683
0 0.4613905444587629 0.19634611254295542 0.45281290270618557 0.1706131872852234 0.4289827641752577 0.1847347508591066 0.437560405927835 0.2104676761168386
0 0.8802035812043796 0.4867795772506082 0.8720703125 0.46354166666666674 0.847905736770073 0.4785774026763991 0.8560390054744526 0.5018153132603406
0 0.6464843750000001 0.8268229166666667 0.623046875 0.7955729166666666 0.609375 0.8138020833333334 0.6328125000000001 0.8450520833333335
0 0.5822245627133105 0.4144757892491468 0.5612268024744026 0.3790129052901024 0.541025623933447 0.40027730375426623 0.562023384172355 0.4357401877133107
0 0.5626450340346534 0.1139129537953796 0.5302734375 0.10416666666666673 0.5244662747524752 0.13845658003300337 0.5568378712871287 0.14820286716171624
0 0.966796875 0.3997395833333334 0.9384765625 0.3932291666666668 0.9334358761547344 0.43221047440338733 0.9617561886547344 0.438720891070054
0 0.23046875 0.30859375 0.22638929834905658 0.27958431603773587 0.18287514740566038 0.2904628537735849 0.18695459905660378 0.319472287735849
0 0.31933593749999994 0.2122395833333334 0.29512999487704916 0.18534409153005468 0.26703381147540983 0.2302979849726776 0.2912397540983606 0.25719347677595633
0 0.7711909002590674 0.7404401446459415 0.7488463406735753 0.7230610427461143 0.7284093669041452 0.7697741256476687 0.7507539264896373 0.787153227547496
0 0.21013792974960252 0.08168554583995764 0.18210639407790138 0.03781009870164285 0.15930234002384736 0.06371099960254376 0.18733387569554844 0.10758644674085854
0 0.6156733801605505 0.5679233562691132 0.5791015625 0.5416666666666666 0.5621685063073394 0.583596139143731 0.5987403239678899 0.6098528287461775
0 0.3012511602722773 0.5416821369636965 0.2633044554455446 0.5302573226072608 0.25585937500000006 0.57421875 0.29380607982673274 0.5856435643564357
0 0.815637888642132 0.18878225465313042 0.7747412357233502 0.14152390016920488 0.7552149428934009 0.17156435067681913 0.7961115958121827 0.21882270516074467
0 0.6390559930816766 0.996085353976357 0.6384913604916712 0.9501619033225865 0.5776726642262224 0.9514912737327602 0.5782372968162279 0.9974147243865307
0 0.7239774816176471 0.22602634803921579 0.6738855698529412 0.20932904411764716 0.6640625 0.2617187500000001 0.7141544117647058 0.2784160539215687
0 0.46079655283505155 0.9221032001718211 0.42271061533505155 0.9025719501718211 0.40438748389175255 0.9660921391752576 0.44247342139175255 0.9856233891752576
0 0.9937500000000001 0.8388020833333335 0.9509765625 0.8197916666666667 0.9353515625 0.8822916666666668 0.9781250000000001 0.9013020833333336
0 0.13769531250000008 0.7864583333333335 0.09586442437163382 0.7780076488629564 0.08595853904847404 0.8651794397067625 0.12778942717684033 0.8736301241771396
0 0.23703253073770494 0.8490437158469946 0.21582031249999994 0.8151041666666666 0.1645267674180327 0.8720969945355191 0.1857389856557377 0.9060365437158471
0 0.822265625 0.8203125000000002 0.78515625 0.8203125000000002 0.78515625 0.9492187500000002 0.822265625 0.9492187500000002
0 0.8215247844827587 0.8644486350574713 0.7933391702586208 0.7767600574712645 0.7353515625 0.8098958333333336 0.7635371767241379 0.8975844109195402
0 0.4086461509146341 0.9324441056910567 0.3539014862804878 0.8852134146341463 0.3294826600609756 0.9355309959349593 0.3842273246951219 0.9827616869918697
0 0.7337730094178083 0.5056720890410961 0.6872725813356165 0.4774900114155252 0.657039276541096 0.5661743721461189 0.7035397046232877 0.5943564497716897
0 0.861638592846821 0.6335500963391139 0.7773889089595376 0.5511726276493256 0.753731259031792 0.5941865366088632 0.8379809429190754 0.6765640052986513
0 0.484375 0.5950520833333334 0.4438650621482175 0.49062646575984986 0.37888243140243894 0.5354420731707317 0.41939236925422135 0.6398676907442151