0 0.08300781250000004 0.4635416666666667 0.07226562500000004 0.4635416666666667 0.07226562500000004 0.4752604166666667 0.08300781250000004 0.4752604166666667
0 0.3404529816513761 0.2010583906727829 0.3251953125 0.19010416666666669 0.3205544008027523 0.20159594801223246 0.33581206995412843 0.21255017201834867
0 0.9501425253378379 0.792088963963964 0.9438080658783784 0.7802646396396395 0.9249630489864865 0.7982122747747747 0.9312975084459459 0.8100365990990992
0 0.66328125 0.9341145833333333 0.641015625 0.92421875 0.6359375 0.94453125 0.658203125 0.9544270833333334
0 0.31581662735849064 0.758967177672956 0.28961527122641517 0.7395587657232705 0.2785598466981133 0.766091784591195 0.30476120283018876 0.7855001965408805
0 0.732421875 0.2838541666666668 0.708984375 0.2838541666666668 0.708984375 0.3268229166666668 0.732421875 0.3268229166666668
0 0.4676231971153847 0.20212339743589744 0.4480618990384615 0.16858974358974355 0.4279146634615384 0.18948317307692306 0.4474759615384615 0.22301682692307695
0 0.7683293269230769 0.9711538461538463 0.7322716346153846 0.9391025641025641 0.7157451923076922 0.9721554487179488 0.7518028846153845 1.0042067307692308
0 0.5201171875 0.9984375 0.5186283903301887 0.9527810534591196 0.4693838443396226 0.9556358097484278 0.47087264150943386 1.0012922562893083
0 0.9219674556213018 0.18180627465483223 0.9092259153106509 0.14103334566074952 0.8667194434171599 0.16464805226824464 0.8794609837278106 0.20542098126232738
0 0.9404887677935942 0.9176999925860021 0.9199323009341637 0.8299924006524318 0.8910177101868324 0.8420401467971532 0.9115741770462631 0.9297477387307235
0 0.9474525769173605 0.12610545481569563 0.9467070916319859 0.08535225921521995 0.8984316940398335 0.08692219084423304 0.8991771793252081 0.1276753864447087
0 0.7080326212471133 0.8587856043110087 0.6803505701501156 0.8327319091608931 0.653178226039261 0.8840574480369516 0.6808602771362586 0.9101111431870673
0 0.419921875 0.7356770833333334 0.39278846153846164 0.6891626602564104 0.36006610576923087 0.7230969551282053 0.38719951923076923 0.7696113782051283
0 0.8429373859489051 0.498422293187348 0.7899321395985399 0.4727227798053528 0.7762460082116787 0.5229052615571776 0.8292512545620438 0.5486047749391728
0 0.6482798850873543 0.5062829312257351 0.6051632695507487 0.46861784179145877 0.5813910409733778 0.5169964122296175 0.6245076565099834 0.5546615016638937
0 0.19707031249999998 0.90703125 0.1740234375 0.8455729166666667 0.1248046875 0.8783854166666667 0.1478515625 0.93984375
0 0.29687500000000006 0.5768229166666667 0.23793801229508205 0.5582112363387979 0.2195703125000001 0.6616145833333335 0.2785073002049181 0.6802262636612023
0 0.987211178184846 0.503505108590064 0.9103936823480435 0.5014148365945048 0.9081291306723565 0.6493655460727173 0.9849466265091591 0.6514558180682766