0 0.44662129510309284 0.056660760309278434 0.42934519974226804 0.047801224226804176 0.42275088595360827 0.07066151202749146 0.440026981314433 0.07952104810996573
0 0.501953125 0.0013020833333334148 0.4677734375 7.771561172376095e-17 0.4673990619902121 0.01747085712343673 0.5015787494902121 0.018772940456770068
0 0.23831129807692303 0.09733573717948717 0.221484375 0.06848958333333337 0.20363581730769234 0.08699919871794874 0.22046274038461533 0.11584535256410254
0 0.263671875 0.1002604166666666 0.2470703125 0.0442708333333333 0.2220085579396632 0.057481680698472086 0.2386101204396632 0.1134712640318054
0 0.30869826858108107 0.0072944819819819795 0.3085483530405405 -0.0013006756756756795 0.2666015625 0 0.26675147804054056 0.00859515765765766
0 0.06445312500000003 0.13671875000000003 0.03770486982434129 0.12226023368883315 0.022743981336260998 0.17146493360518614 0.04949223651191973 0.185923449916353
0 0.15046980574324326 0.19724802927927929 0.1459301097972973 0.1609304617117117 0.11948374155405406 0.16680743243243243 0.12402343750000003 0.20312500000000003
0 0.1211904063566553 0.2964306029579067 0.10269237947952221 0.2651894908987486 0.08008479095563141 0.2889869525028442 0.0985828178327645 0.32022806456200226
0 0.0599609375 0.40598958333333335 0.03027343749999998 0.3268229166666667 -0.013476562500000022 0.35598958333333336 0.0162109375 0.43515625
0 0.234375 0.15234375000000003 0.2214917452830189 0.1515968946540881 0.2205151827830189 0.18154481132075478 0.2333984375 0.1822916666666667
0 0.5140165441176471 0.29894301470588225 0.47351792279411764 0.20894607843137253 0.4338809742647058 0.24065563725490197 0.4743795955882352 0.33065257352941174
0 0.6289062499999999 0.10807291666666675 0.5972162268968871 0.09686284046692614 0.5845209143968871 0.16066492380025946 0.6162109374999999 0.17187500000000006
0 0.7669710726351352 0.09019566441441441 0.7589474239864865 0.026006475225225204 0.6997202280405406 0.0391680743243243 0.7077438766891893 0.10335726351351351
0 0.9498046875 0.3921875000000001 0.9333984375 0.3848958333333334 0.928515625 0.40442708333333344 0.944921875 0.41171875000000013
0 0.6454648341992664 0.4509028626731865 0.6122617091992664 0.3910070293398533 0.5508648189180928 0.451514109616952 0.5840679439180928 0.5114099429502852
0 0.5498046875000001 0.4505208333333333 0.5462557164634146 0.40793318089430897 0.5222465701219512 0.41149009146341464 0.5257955411585366 0.45407774390243905
0 0.4563168519295303 0.5231928131991052 0.40762636325503354 0.5117362276286354 0.40292706585570476 0.5472420302013423 0.45161755453020147 0.5586986157718121
0 0.36328125000000006 0.6757812500000001 0.3469838824938196 0.644603677379481 0.31475731999381956 0.6745515940461478 0.3310546875 0.7057291666666669
0 0.8222656250000002 0.7148437500000002 0.78359375 0.6976562500000001 0.760546875 0.7898437500000003 0.7992187500000002 0.8070312500000002
0 0.3770348557692308 0.9997011217948718 0.3758239182692308 0.9076698717948719 0.31622055288461537 0.9090641025641026 0.3174314903846154 1.0010953525641026