0 0.4084119073275862 0.372961566091954 0.39709725215517244 0.37170438218390806 0.3949353448275862 0.40629489942528735 0.40625 0.4075520833333333
0 0.35449218750000006 5.921189464667501e-17 0.332116008254717 -0.0012971698113206976 0.33147847877358494 0.01825373427672962 0.353854658018868 0.019550904088050377
0 0.5598073970375721 0.06174735067437389 0.5415518876445086 0.0285555154142583 0.5257180274566473 0.04403751204238932 0.543973536849711 0.07722934730250491
0 0.3818014705882352 0.4173713235294117 0.3686925551470588 0.4023897058823529 0.34808134191176465 0.43445159313725484 0.36119025735294114 0.44943321078431364
0 0.2154364224137931 0.4508890086206897 0.21202182112068962 0.3962553879310345 0.19100889008620686 0.39859015804597697 0.1944234913793103 0.4532237787356322
0 0.990234375 0.03906250000000016 0.96484375 0.03906250000000016 0.96484375 0.08463541666666681 0.990234375 0.08463541666666681
0 0.2068359375 0.33125 0.20078125 0.3070312499999999 0.1369140625 0.3354166666666666 0.14296874999999998 0.35963541666666665
0 0.7993255133608322 0.14683464849354377 0.7939453125000001 0.09375 0.7489477784253946 0.10185766379722619 0.7543279792862267 0.15494231229076996
0 0.712890625 0.44921875000000006 0.6826171875 0.40364583333333326 0.6402131104185728 0.45372302912473306 0.6704865479185729 0.49929594579139985
0 0.33886718749999994 0.5833333333333334 0.3115234375 0.5468750000000001 0.26660156250000006 0.6067708333333335 0.2939453125 0.6432291666666666
0 0.7446069420415226 0.6677795198961938 0.7294921875000001 0.6015625 0.6684823745674742 0.6263201052479815 0.6835971291089966 0.6925371251441754
0 0.614087340243142 0.34699384351620954 0.563237901340399 0.3436038809226934 0.5588470230673316 0.4606939682044889 0.6096964619700748 0.4640839307980051
0 0.5279296875 0.6338541666666667 0.5025390625 0.5322916666666667 0.4404296875 0.5598958333333334 0.4658203125 0.6614583333333334
0 0.06640625 5.501343043044751e-18 2.6908743145327586e-18 7.972960931948937e-20 1.0823294465120651e-17 0.17708333333333334 0.06640625000000001 0.17708333333333334
0 0.32788461538461544 0.2069911858974359 0.23323317307692312 0.04473157051282047 0.18090444711538461 0.0989983974358974 0.27555588942307696 0.2612580128205128