0 0.10644531250000008 0.9218749999999999 0.09808728448275872 0.9212194683908045 0.09711072198275872 0.9433548850574712 0.10546875000000008 0.9440104166666665
0 0.08398437500000003 0.4908854166666667 0.06738281250000003 0.4791666666666667 0.05987647804054057 0.498071509009009 0.07647804054054057 0.509790259009009
0 0.27343750000000006 0.9960937500000002 0.26226065751445093 0.9757722182080927 0.24414062500000008 0.9934895833333336 0.2553174674855492 1.0138111151252411
0 0.7255859374999999 0.10677083333333344 0.7068058894230769 0.10176282051282064 0.7028245192307693 0.12830528846153857 0.7216045673076923 0.13331330128205138
0 0.5807349280973452 0.9412910213864307 0.5528640071902655 0.9388136061946903 0.5518096653761063 0.9599004424778761 0.579680586283186 0.9623778576696166
0 0.759765625 0.90234375 0.7373046875 0.8802083333333333 0.7269540800733496 0.8988800173186634 0.7494150175733496 0.9210154339853301
0 0.6582031250000001 0.9388020833333336 0.6396484375000002 0.9140625000000002 0.6259765625000002 0.9322916666666669 0.6445312500000001 0.9570312500000001
0 0.9019981971153849 0.47894631410256433 0.8827674278846155 0.47574118589743614 0.8783653846153847 0.5226963141025642 0.897596153846154 0.5259014423076924
0 0.547291420990566 0.029697327044025168 0.5464438384433962 0.003704795597484282 0.5133881191037737 0.005621069182389933 0.5142357016509436 0.03161360062893082
0 0.20863970588235295 0.1557138480392157 0.18365119485294118 0.1357230392156863 0.17003676470588236 0.16597732843137258 0.1950252757352941 0.185968137254902
0 0.8219651442307694 0.3522636217948719 0.7911658653846155 0.3440504807692309 0.7865835336538463 0.37459935897435914 0.8173828125 0.3828125000000001
0 0.384765625 0.46093750000000006 0.34765625000000006 0.4609375 0.3476562500000001 0.4934895833333333 0.38476562500000006 0.49348958333333337
0 0.029296875000000028 0.3020833333333333 3.019758952975651e-17 0.3020833333333333 3.26492750163308e-17 0.35546875 0.029296875000000035 0.35546875
0 0.771875 0.7445312500000002 0.74609375 0.7330729166666669 0.7349609375 0.7776041666666668 0.7607421875 0.7890625000000001
0 0.4501953125 0.5104166666666667 0.408203125 0.5104166666666667 0.408203125 0.5481770833333334 0.4501953125 0.5481770833333334
0 0.5818227703651686 0.44695107677902635 0.549585235252809 0.4370318352059926 0.5404340765449438 0.48990519662921356 0.5726716116573034 0.4998244382022473
0 1 0.2395833333333335 0.96484375 0.2395833333333335 0.96484375 0.3138020833333334 1 0.3138020833333334
0 0.581407055412371 0.82153404209622 0.5669599710051545 0.7714508161512029 0.5216756604381443 0.7946735395189004 0.5361227448453608 0.8447567654639178
0 0.9423828125000002 0.005208333333333496 0.8853285845588236 -0.0006433823529410354 0.8825252757352942 0.04794730392156879 0.9395795036764708 0.05379901960784332
0 0.20247466102266598 0.07333055068357623 0.17907352519562872 0.0390849860586437 0.13104910111980575 0.09742576789890273 0.15445023694684296 0.13167133252383525
0 0.9761102246352784 0.4442459659593281 0.9228515625 0.39062500000000017 0.8945970449270557 0.4405158598585325 0.9478557070623342 0.4941368258178604
0 0.5484439036885246 0.6293331625683062 0.48099705430327866 0.6211577868852461 0.47747502561475413 0.6728142076502732 0.5449218750000001 0.6809895833333334
0 0.8378906250000002 0.6523437500000001 0.7764976801310044 0.6123669486899564 0.7614168258733625 0.6535400745997091 0.8228097707423581 0.6935168759097528
0 0.1231517407718121 0.7711916247203582 0.11621093750000003 0.7187500000000001 0.060389576342281884 0.7318844379194632 0.06733037961409397 0.7843260626398212
0 0.22866656002311755 0.8666061206516953 0.20623142338177008 0.8050194710479964 0.1528171957562747 0.8396115422721269 0.17525233239762217 0.9011981918758257
0 0.686368734529703 0.7768022896039605 0.6411181157178218 0.7707688737623763 0.6345335705445546 0.8585628094059407 0.6797841893564357 0.8645962252475248
0 0.9166973761792455 0.6914799528301887 0.8936652417452832 0.6362028301886793 0.784714033018868 0.7169074292452831 0.8077461674528303 0.7721845518867926
0 0.3742592993079584 0.9064815816032296 0.31471872296712805 0.8311652970011535 0.2819116295415225 0.8772725634371398 0.3414522058823529 0.9525888480392157
0 0.3156693711967545 0.7897571205206221 0.2829258050202839 0.7323122675794456 0.22057833100912774 0.7954910412440839 0.2533218971855983 0.8529358941852602
0 0.7208462952488689 0.8647259144042232 0.6524763150452491 0.8627863404977376 0.6503800197963803 0.9941541760935145 0.7187500000000001 0.9960937500000001
0 0.7778802670060659 0.42341854419410724 0.6949063041594454 0.32163714976891955 0.6550060252383016 0.37946364095898316 0.7379799880849219 0.48124503538417085
0 0.9980811723566225 0.9769159330437759 0.9656017580679059 0.7370679506040225 0.9027631628876331 0.752195760554829 0.9352425771763497 0.9920437429945823
0 0.47119899611398963 0.312331336355786 0.4215410459844559 0.19882745034542326 0.35936488018134716 0.2471866904145079 0.4090228303108809 0.36069057642487057
0 0.6999680056414543 0.5755366128639087 0.6264748419870456 0.5684358241050287 0.6168255230098204 0.745983293285973 0.6903186866642291 0.7530840820448531
0 0.4736328125000001 0.7669270833333335 0.33025045955882354 0.7191329656862746 0.31474034926470595 0.8018535539215689 0.4581227022058824 0.8496476715686276