0 0.7235156249999999 0.1343229166666667 0.7201953124999998 0.10333333333333333 0.6871093749999998 0.10963541666666668 0.6904296874999998 0.14062500000000006
0 0.6057121394230769 0.008445512820512787 0.5832181490384615 -0.018389423076923112 0.5591075721153846 0.017540064102564125 0.5816015625 0.044375000000000026
0 0.4099893782503714 0.20821724863793958 0.39358080655646355 0.13860512630014862 0.336140648216939 0.16267528789004462 0.3525492199108469 0.23228741022783558
0 0.26769799490343354 0.22978585479256086 0.23338251072961377 0.2190774767525036 0.22211473980686697 0.2832696262517883 0.2564302239806867 0.29397800429184556
0 0.15396467882991557 0.08422076045436272 0.11290664580820264 0.05906809157619624 0.0944827163751508 0.11253361228387619 0.13554074939686372 0.13768628116204265
0 0.027343750000000007 2.3121586702651857e-18 2.3320910725950576e-18 7.972960931948934e-20 5.680734664013602e-18 0.07291666666666667 0.02734375000000001 0.07291666666666667
0 0.05078125 7.095935229434533e-18 0.0361328125 5.8999910896421966e-18 0.0361328125 0.00911458333333334 0.05078125 0.00911458333333334
0 0.0859375 0.18098958333333334 0.0693359375 0.16666666666666666 0.06179020579268293 0.18221544715447155 0.07839176829268293 0.19653836382113823
0 0.14977484499714938 0.4169457905739263 0.10567252529931585 0.32746282307107566 0.06701089474059294 0.36133777556062335 0.11111321443842645 0.45082074306347397
0 0.08699324324324335 0.6438626126126127 0.0386824324324325 0.6240427927927928 0.0315878378378379 0.6547860360360361 0.07989864864864875 0.6746058558558559
0 0.2831580528846153 0.6000400641025643 0.2689603365384615 0.5306290064102565 0.19029447115384612 0.5592347756410256 0.2044921875 0.6286458333333335
0 0.19433593750000006 0.5572916666666667 0.16796875000000006 0.5221354166666667 0.15332031250000003 0.5416666666666667 0.17968750000000003 0.5768229166666667
0 0.4492187500000001 0.8450520833333334 0.4119107780113415 0.8264909032394734 0.38567306047125544 0.9202470139160475 0.42298103245991403 0.9388081940099074
0 0.7999609375000001 0.7654687500000001 0.7919921875 0.7513020833333334 0.7371484374999999 0.8061458333333335 0.7451171875 0.8203125000000001
0 0.583984375 0.53515625 0.5774293664383562 0.5159282248858449 0.5634498073630136 0.524400684931507 0.5700048159246573 0.5436287100456622
0 0.7899338942307692 0.35278445512820517 0.7072103827662722 0.2567184418145957 0.6650852903106509 0.3212062376725838 0.7478088017751479 0.4172722509861933