0 0.20275457974137936 0.5736350574712644 0.19238281250000006 0.5677083333333334 0.1887459590517242 0.5790229885057472 0.19911772629310348 0.5849497126436783
0 0.384765625 0.4062500000000001 0.369140625 0.4062500000000001 0.369140625 0.4335937500000001 0.384765625 0.4335937500000001
0 0.2662333504098361 0.6794953893442623 0.2651127049180328 0.6630592554644809 0.23993019979508196 0.6661116803278689 0.24105084528688522 0.6825478142076503
0 0.7159352022058825 0.9615502450980393 0.6989889705882353 0.9479932598039215 0.685546875 0.9778645833333334 0.7024931066176471 0.9914215686274512
0 0.07617187500000001 0.12109375000000004 0.04721190629968203 0.07576510333863277 0.03325280703497615 0.09161988275039747 0.062212775735294136 0.13694852941176475
0 0.9670246355830671 0.5453524361022365 0.9661915934504792 0.5175843650159744 0.929531499600639 0.5195395700212991 0.9303645417332268 0.5473076411075612
0 0.19478419569672129 0.3086577868852459 0.19279905225409838 0.27954234972677594 0.15511334528688528 0.28411031420765026 0.1570984887295082 0.31322575136612024
0 0.09765624999999999 0.037760416666666664 0.09082031249999999 0.010416666666666666 0.062109375 0.023177083333333334 0.0689453125 0.050520833333333334
0 0.3115234375000001 0.8125000000000001 0.29397823033707876 0.8071014747191012 0.2851891678370787 0.8578827247191012 0.3027343750000001 0.8632812500000001
0 0.8665335124434387 0.24417302978883892 0.8413461538461536 0.2282652243589747 0.829017604638009 0.2629678073152341 0.854204963235294 0.27887561274509837
0 0.033727134146341466 0.15342352642276424 0.030654535060975614 0.11655233739837399 -0.0021436737804878063 0.12141133130081301 0.0009289253048780491 0.15828252032520326
0 0.09624191810344827 0.17236889367816088 0.08782327586206896 0.1443067528735632 0.0433728448275862 0.16801364942528735 0.051791487068965525 0.19607579022988503
0 0.4316406249999999 0.23828125 0.4130859375 0.20572916666666666 0.3753506116886409 0.24396763015551048 0.39390529918864087 0.2765197134888438
0 0.6171875 0.5403645833333334 0.6116135817307692 0.48090945512820515 0.5733924278846153 0.48727964743589747 0.5789663461538461 0.5467347756410257
0 0.6441556490384615 0.3527644230769232 0.5979567307692307 0.3404447115384616 0.5905198317307693 0.39002403846153855 0.63671875 0.4023437500000001
0 0.29777644230769235 0.3572716346153847 0.2373046875 0.34114583333333337 0.22821514423076925 0.4017427884615385 0.28868689903846156 0.41786858974358976
0 0.53125 8.347690095750512e-17 0.486328125 7.980933892880864e-17 0.486328125 0.08203125000000008 0.53125 0.08203125000000008
0 0.3691406250000001 0.5169270833333334 0.29589843750000006 0.5000000000000001 0.2883785354461513 0.5578454004142216 0.36162072294615133 0.574772483747555