0 0.9740607065997129 0.09970595707795328 0.9443359374999998 0.05729166666666678 0.8773129259325682 0.14079574665231956 0.907037695032281 0.18321003706360603
0 0.9105664788568774 0.02271627168525422 0.880035286942379 -0.03020446096654273 0.837701847118959 0.01321445167286252 0.8682330390334572 0.06613518432465947
0 0.9804687500000002 0.32942708333333326 0.9735672713926176 0.27728257829977626 0.9575228083053691 0.2810577460850112 0.9644242869127517 0.3332022511185682
0 0.9178661539396888 0.276457117380026 0.9097914640077821 0.26695748216601817 0.8747378100680934 0.31992744811932555 0.8828125 0.3294270833333333
0 0.8367968750000001 0.3708854166666667 0.765296875 0.3048854166666665 0.72465625 0.38315625 0.7961562500000001 0.4491562500000001
0 0.8228840224423779 0.3046269502291414 0.7548828125000002 0.2526041666666666 0.7402185794076022 0.28668105118614373 0.80821978934998 0.3387038347486185
0 0.730896157990716 0.3806815041998232 0.7135718874336869 0.36480092285587973 0.6885257791777187 0.413375193412909 0.705850049734748 0.4292557747568525
0 0.7466729718839542 0.3454885983763134 0.7236328125000001 0.3281250000000001 0.7171942156160459 0.3433134849570203 0.7402343750000001 0.3606770833333334
0 0.8410668545081968 0.4750298838797814 0.8281954405737706 0.40209187158469933 0.7888960040983608 0.41442110655737696 0.801767418032787 0.48735911885245903
0 0.7276286553899084 0.5169629204892966 0.7196638474770644 0.4972405389908256 0.703125 0.5091145833333334 0.7110898079128439 0.5288369648318043
0 0.678687394527483 0.3551247086949535 0.6318359374999999 0.3333333333333334 0.6197725183823528 0.37944240196078444 0.6666239754098359 0.40123377732240445
0 0.5117187499999999 0.2252604166666667 0.4873046875 0.2083333333333334 0.4718912350440806 0.24785500629722926 0.4963052975440805 0.2647820896305626
0 0.2672279792746114 0.18026365500863567 0.23339843749999994 0.14062500000000006 0.21561386819948178 0.16760848445595858 0.2494434099740932 0.2072471394645942
0 0.26562499999999994 0.1783854166666667 0.23339843749999994 0.14062500000000006 0.21561386819948178 0.16760848445595858 0.24784043069948178 0.2053689011226253
0 0.08609676636094202 0.0027551933141087286 1.192622389734055e-19 0.0013020833333333333 -0.001037578099967951 0.11059364319662503 0.08505918826097406 0.11204675317740041
0 0.06280048076923077 0.1725761217948718 0.04313401442307694 0.1388621794871795 -0.017713341346153842 0.201963141025641 0.001953124999999989 0.23567708333333334
0 0.19433749439517736 0.20395845788494757 0.12484041824432043 0.09946640012621237 0.0791681197688322 0.15346886624817332 0.14866519591968913 0.25796092400690857
0 0.09789711796246649 0.29342255920464705 0.07035177195040214 0.19898137287756926 0.01879555546246649 0.22571422587131368 0.046340901474530835 0.3201554121983915
0 0.236992929780285 0.3058046318289786 0.20800781249999994 0.22135416666666669 0.1775158662410926 0.23995942201108472 0.20650098352137763 0.32440988717339664
0 0.19160156250000004 0.43046875 0.1826171875 0.4244791666666667 0.17734375 0.4385416666666668 0.18632812500000004 0.4445312500000001
0 0.5121463572485208 0.461785009861933 0.5005027274408285 0.4245253944773175 0.4541131194526627 0.45029739891518733 0.46575674926035504 0.4875570142998028
0 0.603515625 0.5455729166666666 0.6005859375 0.5338541666666666 0.5894531249999999 0.5388020833333333 0.5923828124999999 0.5505208333333333
0 0.4052734375000001 0.6770833333333334 0.36884014423076933 0.6673677884615384 0.35554387019230776 0.7560096153846154 0.3919771634615385 0.7657251602564102
0 0.28967067949288255 0.7526134341637011 0.28019003002669035 0.728480871886121 0.2431154081405694 0.7543742586002372 0.25259605760676157 0.7785068208778174
0 0.15039062500000006 0.50390625 0.07801011029411768 0.4824601715686274 0.06376378676470591 0.5679381127450981 0.13614430147058826 0.5893841911764707
0 0.027343750000000056 0.6223958333333334 0.007812500000000059 0.6223958333333334 0.007812500000000059 0.66796875 0.027343750000000062 0.66796875
0 0.12717848557692307 0.6573517628205129 0.12011718749999997 0.6432291666666666 0.09915865384615385 0.6618589743589743 0.10621995192307694 0.6759815705128206
0 0.026367187500000083 0.8359375 0.0004334332191781587 0.8346568207762556 -0.0005431292808218468 0.8698130707762556 0.025390625000000076 0.87109375
0 0.5712890625000001 0.8385416666666667 0.5498046875000002 0.8098958333333336 0.5195312500000002 0.8502604166666671 0.541015625 0.8789062500000002
0 0.7911089483788396 0.887776414960182 0.7666015625 0.8619791666666666 0.7558527090443685 0.8801327858361776 0.7803600949232081 0.9059300341296929
0 0.8085502089968154 0.9436869692144375 0.7861328125 0.9348958333333336 0.7789796476910827 0.9673235138004249 0.8013970441878981 0.9761146496815288
0 0.8775781249999998 0.9472395833333336 0.8759765624999998 0.9322916666666667 0.85328125 0.9366145833333335 0.8548828125 0.9515625000000002