0 0.18359375000000003 0.003906250000000037 0.16376201923076922 -0.0033052884615384285 0.1622746394230769 0.003966346153846175 0.18210637019230771 0.01117788461538464
0 0.634765625 9.958228204004194e-17 0.5849609375 9.551607196474799e-17 0.5849609375 0.03385416666666676 0.634765625 0.03385416666666677
0 0.64453125 0.1315104166666667 0.6231031270931011 0.11182828895958921 0.5903153518503014 0.17528849910694352 0.6117434747572003 0.19497062681402105
0 0.834586097708082 0.07783379825090489 0.8003279553679132 0.04116311067551279 0.7324567438178529 0.15388488892239655 0.7667148861580217 0.19055557649778862
0 0.9224056603773585 0.15950766509433978 0.8662109375 0.15625000000000014 0.8642651827830189 0.21591981132075486 0.9204599056603774 0.21917747641509447
0 0.6621093750000001 0.28255208333333337 0.6313004566492368 0.20191639579800255 0.5919481345392877 0.22864627496702467 0.6227570528900509 0.3092819625023555
0 0.5585937500000001 0.26171875 0.5536358173076923 0.2286658653846154 0.5292217548076923 0.23517628205128205 0.5341796875000001 0.2682291666666667
0 0.6727299145761247 0.5309030781430221 0.594976616565744 0.47561184400230694 0.5677545144896194 0.5436670991926182 0.6455078125000001 0.5989583333333335
0 0.7954542972390495 0.4253261882572229 0.7770470497437092 0.3870391134669152 0.7384286900046598 0.4200462585430257 0.7568359375000001 0.45833333333333337
0 0.8279296875 0.5893229166666667 0.7998046875 0.5143229166666667 0.7693359375 0.5346354166666668 0.7974609375 0.6096354166666668
0 0.95703125 0.7851562500000002 0.9241575766509434 0.7655719339622642 0.9023341686320755 0.8306957547169812 0.935207841981132 0.8502800707547171
0 0.9628906250000002 0.7356770833333334 0.9365985576923078 0.7286658653846153 0.9328425480769231 0.7537059294871796 0.9591346153846155 0.7607171474358976
0 0.8050428680157594 0.8574088168576888 0.7470703125000001 0.8359375000000002 0.7392074453796562 0.8736792621776507 0.7971800008954155 0.8951505790353392
0 0.560546875 0.7395833333333334 0.49609375 0.7395833333333334 0.49609375 0.8177083333333334 0.560546875 0.8177083333333334
0 0.2900390625 0.84375 0.27734375 0.7513020833333334 0.23470414467370446 0.7617117522392836 0.24739945717370446 0.8541596689059502
0 0.23397617050758454 0.8965352732399846 0.2230368472870478 0.7907884821081292 0.18860304842473746 0.7971211347724622 0.1995423716452742 0.9028679259043174
0 0.25722656250000003 0.9247395833333333 0.22167968750000014 0.9010416666666666 0.2162109375000001 0.9156250000000001 0.2517578125 0.9393229166666668
0 0.16896323107798164 0.9565175840978593 0.14500609231651376 0.8971951452599387 0.10913309919724772 0.922950114678899 0.1330902379587156 0.9822725535168195
0 0.19140625000000003 0.7513020833333336 0.18638687049112096 0.7263572881982984 0.14314823806881244 0.7418247664631892 0.14816761757769148 0.7667695615982244
0 0.10578105171319804 0.6439099513536379 0.04616612468274117 0.6382323392554992 0.04030674968274116 0.7476073392554992 0.09992167671319804 0.7532849513536379
0 0.21656269678841306 0.6191311135600335 0.15677198126574307 0.5612943429890848 0.09548272197732999 0.6739340627623844 0.1552734375 0.7317708333333334
0 0.18302850133984866 0.36015329445145017 0.14355468750000003 0.3177083333333333 0.13127068883984866 0.33801787778478354 0.1707445026796973 0.3804628389029004
0 0.19774529675692692 0.161386177581864 0.1845703125 0.12760416666666669 0.15695843828715367 0.14674839945424015 0.17013342254408062 0.18053041036943746