0 0.09767638530927836 0.294982280927835 0.08105468750000003 0.28645833333333326 0.07712830219072167 0.30006980240549824 0.09375000000000001 0.30859375
0 1 0.7864583333333336 0.990234375 0.7864583333333336 0.990234375 0.8320312500000002 1 0.8320312500000002
0 0.7001425253378379 0.8988597972972971 0.6913006756756757 0.8823550112612613 0.6717166385135135 0.9010064752252253 0.6805584881756757 0.9175112612612611
0 0.06054687500000009 0.8502604166666667 0.041310436320754776 0.8360112028301887 0.029886497641509503 0.8634286556603773 0.04912293632075482 0.8776778694968553
0 1 0.6666666666666669 0.984375 0.6666666666666669 0.984375 0.7083333333333336 1 0.7083333333333336
0 0.966063104281768 0.8818701081952119 0.9405375949585638 0.8800788443830572 0.939199542472376 0.9139761740331493 0.9647250517955802 0.9157674378453041
0 0.48946229129061375 0.42781663658243085 0.48295775045126355 0.3879221194344164 0.4616320227888087 0.39410348977135984 0.46813656362815886 0.4339980069193743
0 0.220703125 0.2760416666666667 0.18945312500000006 0.2760416666666667 0.18945312500000006 0.31640625 0.220703125 0.31640625
0 0.9364897629310345 0.9434716235632185 0.9154768318965519 0.8780980603448275 0.8933189655172413 0.8907596982758622 0.9143318965517242 0.9561332614942532
0 0.68359375 0.9960937500000002 0.6657462284482758 0.9366020114942529 0.6354391163793103 0.9527658045977012 0.6532866379310345 1.0122575431034486
0 0.6783628892733564 0.28314680651672436 0.6638732698961938 0.24692275807381783 0.6213978698096886 0.27712748702422146 0.6358874891868511 0.3133515354671281
0 0.4611328125000001 0.9539062500000001 0.4291015625 0.9325520833333333 0.4076171875 0.9898437500000001 0.4396484375000001 1.011197916666667
0 0.7044882217639593 0.19460527707275813 0.6572265625 0.19010416666666677 0.6548619923857869 0.23424280879864645 0.7021236516497462 0.23874391920473784
0 0.5989302427030456 0.6090313028764807 0.5429975015862942 0.5781091370558377 0.528047668147208 0.626183111252115 0.5839804092639593 0.657105277072758
0 0.17578125000000008 0.8294270833333334 0.14160156250000008 0.7838541666666666 0.111328125 0.8242187500000002 0.1455078125 0.8697916666666669
0 0.4028221760321101 0.6088111620795108 0.35966707282110094 0.5683199541284405 0.3355630017201835 0.6139908256880735 0.37871810493119273 0.6544820336391439
0 0.04882812500000007 0.6731770833333334 0.0038354112694301223 0.6573901662348878 -0.01569583873056988 0.756348499568221 0.029296875000000066 0.7721354166666666
0 0.7391870523336415 0.6077706215341961 0.6623299589879853 0.6057999268330254 0.6601230360443624 0.7588132509242146 0.7369801293900184 0.7607839456253853