0 0.421875 0.0559895833333334 0.3969130019796381 0.05440469457013582 0.396413673642534 0.06838588800904984 0.42137567166289597 0.06997077677224743
0 0.5063212150270758 0.21826113116726845 0.4765625 0.2096354166666667 0.4739712601534296 0.22552835439229849 0.5037299751805054 0.2341540688929002
0 0.19085198479729742 0.8078195382882883 0.15379539695945957 0.799584740990991 0.1473553631756758 0.8511050112612613 0.18441195101351365 0.8593398085585586
0 0.8115234374999998 0.10156250000000008 0.7423828125 0.07083333333333343 0.7314453125 0.11458333333333345 0.8005859374999998 0.14531250000000012
0 0.0502322947485208 0.9679024901380672 0.0270143768491125 0.8927206607495071 -0.009135771079881661 0.9125678007889547 0.014082146819526641 0.9877496301775149
0 0.7533766778523491 0.16882864932885902 0.7270868288590606 0.1215831236017897 0.6922622168624162 0.15603327740492165 0.7185520658557047 0.20327880313199095
0 0.5836042365771812 0.1459993708053691 0.5728096161912751 0.0644400167785235 0.533924077181208 0.07358955536912754 0.5447186975671141 0.15514890939597314
0 0.5632512019230771 0.3292267628205128 0.5537109375000002 0.26562499999999994 0.48798076923076933 0.2831530448717948 0.49752103365384626 0.34675480769230765
0 0.6731004965682197 0.4925306780366058 0.595703125 0.48046875000000006 0.5890784239808653 0.5560394134775375 0.666475795549085 0.5681013415141433
0 0.4921875 0.56640625 0.48905297959748883 0.4577428760462826 0.4039175013847858 0.4621087980059084 0.40705202178729694 0.5707721719596257
0 0.5978972381635581 0.7885076667862267 0.5181147439921092 0.7741324426111909 0.5031650712876615 0.9216358799617409 0.5829475654591105 0.9360111041367767
0 0.9790431113138686 0.5130018248175183 0.9464815237226277 0.39360933698296857 0.7987568430656934 0.4652334245742094 0.8313184306569342 0.5846259124087592