0 1 0.3697916666666668 0.98828125 0.3697916666666668 0.98828125 0.3893229166666668 1 0.3893229166666668
0 0.19921874999999994 0.8007812499999998 0.1899126838235294 0.7863051470588235 0.15919117647058828 0.8214154411764706 0.1684972426470588 0.8358915441176469
0 0.5318263319672131 0.9837132855191256 0.5298571977459016 0.954832650273224 0.5008004610655739 0.9583546789617486 0.5027695952868853 0.9872353142076502
0 0.68828125 0.2742187500000001 0.6630859375 0.2630208333333334 0.655078125 0.2950520833333335 0.6802734375 0.3062500000000002
0 0.81171875 0.15286458333333333 0.78484375 0.12598958333333338 0.7719531249999999 0.14890625000000005 0.798828125 0.17578125
0 0.12792968750000006 0.22395833333333337 0.09535598070017956 0.21737778650508677 0.09006991977109517 0.2638951226810294 0.12264362657091568 0.27047566950927593
0 0.22925764192139741 0.2360694141193596 0.19868142740174677 0.23063364264919947 0.19403316048034938 0.27711631186317326 0.224609375 0.28255208333333337
0 0.08149919181034489 0.7962733477011495 0.03753367456896558 0.7913882902298852 0.034913793103448346 0.833306393678161 0.07887931034482765 0.8381914511494254
0 0.8812820184426231 0.8695824795081971 0.851159067622951 0.844719091530055 0.821148181352459 0.9093579234972681 0.8512711321721312 0.9342213114754101
0 0.4993137668918918 0.7379997184684685 0.48857157939189183 0.6520622184684685 0.43219489020270274 0.6645903716216215 0.44293707770270274 0.7505278716216215
0 0.3083268523755657 0.8522648001508297 0.2590674490950226 0.8268405920060334 0.2333286199095023 0.9154965592006034 0.2825880231900454 0.9409207673453998
0 0.6005859375 0.3125000000000001 0.5400390625 0.23177083333333343 0.4912109375 0.2968750000000001 0.5517578125 0.3776041666666668