0 0.5628756009615385 0.08994391025641037 0.5478515625 0.08593750000000008 0.5455228365384615 0.10146233974358984 0.560546875 0.10546875000000012
0 1 0.3515625000000001 0.984375 0.3515625000000001 0.984375 0.3867187500000001 1 0.3867187500000001
0 0.5312499999999999 0.4388020833333334 0.5235849056603772 0.403031643081761 0.4781839622641509 0.42032724056603776 0.48584905660377353 0.4560976808176102
0 0.8599381272810218 0.8459169708029197 0.8427734375 0.7968750000000001 0.798828125 0.82421875 0.8159928147810218 0.8732607208029196
0 0.52734375 0.6783854166666666 0.5042349466463414 0.6307672764227642 0.4659298780487805 0.6638147865853659 0.48903868140243906 0.7114329268292683
0 0.3475601946721311 0.7370858948087432 0.31930391905737704 0.6918758538251366 0.27204469774590156 0.7443860997267759 0.30030097336065575 0.7895961407103825
0 0.5439453125 8.881784197001253e-17 0.46682159414049995 -0.0013016661326497045 0.4661738900793016 0.06692316164690812 0.5432976084388017 0.06822482777955792
0 0.23863597972972972 0.7560149211711712 0.23737436655405406 0.6836824324324323 0.15593222128378378 0.6862077702702702 0.15719383445945947 0.7585402590090091
0 0.7358165546685529 0.48830861796011854 0.6622198994543249 0.43125694725141467 0.6180693272534358 0.532508926165454 0.6916659824676636 0.5895605968741578
0 0.21660156250000004 0.4705729166666668 0.15097656250000005 0.4268229166666667 0.10800781250000005 0.54140625 0.17363281250000004 0.5851562500000002
0 0.5714393028846154 0.16306089743589752 0.4444861778846154 0.12920673076923087 0.42728365384615385 0.24389022435897445 0.5542367788461539 0.27774439102564114