0 0.6815116450471698 0.32817413522012584 0.6708984375 0.3203125000000001 0.666015625 0.3320312500000001 0.6766288325471698 0.33989288522012584
0 1.0024070945945946 0.8716005067567568 0.9814453125000002 0.8671875000000001 0.9785472972972974 0.8916596283783786 0.9995090793918919 0.8960726351351354
0 0.9201314438868613 0.9986199817518246 0.9196766651459853 0.9761842305352797 0.8806954265510949 0.9775889598540145 0.8811502052919709 1.0000247110705596
0 0.8990309910220994 0.05539968922651936 0.8978494043508286 0.02546616022099449 0.8669932665745858 0.027631503222836088 0.8681748532458565 0.05756503222836096
0 0.5964235399590164 0.183444330601093 0.5497566598360656 0.17778773907103834 0.5478515625000001 0.2057291666666668 0.5945184426229508 0.2113857581967214
0 0.7289875114051094 0.4464568126520681 0.7276288777372262 0.3794308850364964 0.7041029881386861 0.38027866484184913 0.7054616218065694 0.4473045924574209
0 0.9322884908536585 0.5361598069105693 0.8987090320121952 0.5196646341463416 0.8824361661585367 0.5785569105691057 0.916015625 0.5950520833333335
0 0.5819552529182879 0.10905581225680941 0.5489459204766536 0.07022130350194562 0.5087054657101167 0.13102910181582372 0.5417147981517509 0.16986361057068752
0 0.5403682408707865 0.9094540028089888 0.47137245435393266 0.8519575140449439 0.43203563904494385 0.9358760533707866 0.5010314255617978 0.9933725421348315
0 1 0.23697916666666685 0.931640625 0.23697916666666685 0.931640625 0.3789062500000001 1 0.3789062500000001
0 0.9176210007293802 0.7638192089838618 0.7327129494559218 0.7326110990642908 0.7156104000749093 0.9127579525442885 0.9005184513483678 0.9439660624638596
0 0.3688844774590163 0.5834827527322406 0.30408875512295075 0.3860100751366121 0.21945760758196714 0.4353782445355192 0.2842533299180327 0.6328509221311477