0 0.9990234375 0.036458333333333495 0.9869270113950274 0.035609461325967 0.985880309046961 0.06212592081031322 0.9979767351519337 0.06297479281767972
0 0.41015625 0.20963541666666677 0.39941406249999994 0.19531250000000003 0.3828125 0.21744791666666669 0.3935546875 0.23177083333333343
0 0.3109163851351351 0.192356418918919 0.2925675675675675 0.17456362612612614 0.2746199324324324 0.20746762387387388 0.29296875 0.2252604166666667
0 0.3153094951923078 0.3903445512820513 0.28952824519230774 0.38096955128205134 0.2828125 0.41380208333333346 0.30859375000000006 0.4231770833333334
0 0.78125 0.0013020833333334556 0.7451171875000001 1.2212453270876723e-16 0.7445668909671533 0.027147962287104747 0.7806997034671532 0.02845004562043808
0 0.5735470655487804 0.3072789634146342 0.5661442454268293 0.28048780487804886 0.5273151676829267 0.2995617378048781 0.534717987804878 0.32635289634146347
0 0.0291015625 0.13072916666666667 0.0185546875 0.08854166666666667 -0.0037109375 0.0984375 0.0068359375 0.140625
0 0.8548221982758621 0.37376975574712673 0.8330212823275861 0.34917385057471273 0.8045730064655172 0.39400143678160926 0.8263739224137933 0.41859734195402326
0 0.6884765625 0.2213541666666668 0.6509998758855732 0.2116587054529842 0.6374487608683984 0.3047791881351081 0.6749254474828252 0.31447464934879066
0 0.49740705818965525 0.9334141522988506 0.44438981681034495 0.9275233477011494 0.4402141702586208 0.9943336925287357 0.49323141163793116 1.000224497126437
0 0.2512209837924947 0.7264072507800952 0.24606792859049106 0.6991787615645699 0.11056615284734768 0.7447681440575902 0.11571920804935128 0.7719966332731154
0 0.23839733469539376 0.8279876331104509 0.20696740341753345 0.7476666976225855 0.1478280553491828 0.7888071136701338 0.17925798662704312 0.8691280491579991
0 0.4296875 0.05338541666666674 0.35346283783783783 0.037338119369369434 0.34305848817567564 0.12519707207207212 0.4192831503378378 0.1412443693693694