0 0.11454436587591241 0.01413663321167883 0.1142578125 -4.625929269271486e-19 0.078125 0.0013020833333333242 0.07841155337591241 0.015438716545012155
0 0.3633070459905661 0.013811910377358553 0.34004643278301894 -0.014617727987421336 0.3111438679245283 0.027422366352201313 0.3344044811320755 0.0558520047169812
0 0.3358774038461539 0.1639222756410257 0.29456129807692305 0.14889823717948722 0.2868088942307692 0.18679887820512825 0.32812500000000006 0.2018229166666667
0 0.25585937499999994 0.20442708333333337 0.25 0.1966145833333334 0.2421875 0.20703125000000003 0.248046875 0.21484375
0 0.126953125 0.2955729166666667 0.12597656250000003 0.28124999999999994 0.11488217213114753 0.2825947745901639 0.11585873463114753 0.29691769125683065
0 0.22491022310513445 0.501232044621027 0.1964156097188264 0.4498299969437654 0.12106987316625921 0.5240837662999186 0.14956448655256724 0.5754858139771801
0 0.17078125000000002 0.6108854166666666 0.1689453125 0.59375 0.147890625 0.5977604166666667 0.1497265625 0.6148958333333333
0 0.06644744068541301 0.6440461152606913 0.020931733304042233 0.6045991688635033 -0.012312582381370785 0.6727926369361454 0.033203125 0.7122395833333335
0 0.019531250000000076 0.828125 0.005859375000000077 0.828125 0.005859375000000078 0.8619791666666666 0.019531250000000076 0.8619791666666666
0 0.22152558772935782 0.9046779434250765 0.22054902522935782 0.8617091934250765 0.17726490825688074 0.8634580466360856 0.17824147075688074 0.9064267966360856
0 0.2800973360655738 0.8111765710382514 0.2548828125 0.7708333333333334 0.22059106045081966 0.8089352800546448 0.24580558401639346 0.8492785177595629
0 0.5144900760135136 0.6536106418918922 0.4989706503378379 0.6501618806306309 0.4922930743243244 0.7035824887387389 0.5078125000000001 0.7070312500000001
0 0.5981423990174674 0.5940968431586608 0.5801250341157205 0.5626819505094613 0.5528665734170306 0.5904748908296943 0.5708839383187774 0.6218897834788938
0 0.5256854363207547 0.4660721305031448 0.458521485273815 0.4293705179091886 0.43529835265186384 0.5049231093726032 0.5024623036988036 0.5416247219665594
0 0.669921875 0.2421875000000001 0.64453125 0.2421875000000001 0.64453125 0.3164062500000001 0.669921875 0.3164062500000001
0 0.6711406249999999 0.09132291666666668 0.6598203125 0.06952083333333334 0.6241718749999998 0.10242708333333338 0.6354921874999999 0.12422916666666671
0 0.923828125 0.3177083333333334 0.896484375 0.3177083333333334 0.896484375 0.3632812500000001 0.923828125 0.3632812500000001
0 0.9208984375 0.5078125000000001 0.9052734375 0.48697916666666674 0.8828125 0.5169270833333334 0.8984375 0.5377604166666666
0 0.8101856806506851 0.5950699200913244 0.7966475813356164 0.5868650114155254 0.7818653681506851 0.6302261700913243 0.7954034674657535 0.6384310787671235
0 0.900390625 0.7213541666666669 0.859375 0.7213541666666669 0.859375 0.7565104166666669 0.900390625 0.7565104166666669
0 0.8134765624999998 0.78125 0.7993911254448397 0.7714125518979834 0.786928658807829 0.8031351942467378 0.8010140958629892 0.8129726423487544
0 0.76171875 0.7747395833333333 0.7345703125 0.6661458333333332 0.6244140624999999 0.7151041666666665 0.6515624999999999 0.8236979166666666