0 0.505859375 0.055989583333333336 0.4934682377049181 0.013767930327868843 0.43344966700819676 0.04508196721311473 0.44584080430327866 0.08730362021857922
0 0.3118681066176471 0.10102634803921574 0.2865923713235294 0.09260110294117653 0.27745863970588236 0.14131433823529413 0.302734375 0.1497395833333334
0 0.33185096153846144 0.1998998397435899 0.3137319711538461 0.1811097756410258 0.29196213942307686 0.2184294871794873 0.31008112980769226 0.23721955128205138
0 0.22798848399653976 0.25066681084198383 0.16523842993079585 0.20604455017301035 0.13869214965397922 0.2724102508650519 0.20144220371972316 0.31703251153402534
0 0.4619140625 0.2812500000000001 0.4384765625 0.2500000000000001 0.408203125 0.2903645833333334 0.431640625 0.3216145833333334
0 0.4417279411764706 0.4303615196078432 0.3993336397058823 0.41780024509803926 0.39253216911764705 0.45860906862745104 0.43492647058823525 0.471170343137255
0 0.3603515625 0.4739583333333333 0.349609375 0.4739583333333333 0.34960937500000006 0.48828125 0.36035156250000006 0.48828125
0 0.23828125 0.5794270833333334 0.2353515625 0.5677083333333334 0.22421875 0.57265625 0.2271484375 0.584375
0 0.05844350961538466 0.6767828525641024 0.0028545673076923574 0.6619591346153846 -0.002403846153846112 0.6970152243589743 0.05318509615384619 0.7118389423076922
0 0.3473920036764705 0.7780177696078431 0.31678538602941175 0.730407475490196 0.24609375 0.8111979166666665 0.2767003676470588 0.8588082107843137
0 0.2988281250000001 0.8789062500000002 0.2900390625000001 0.8671875000000002 0.2734375000000001 0.8893229166666667 0.2822265625000001 0.9010416666666667
0 0.19667440878378387 0.9336359797297298 0.14821579391891895 0.8994298986486486 0.11980574324324329 0.9709811373873873 0.1682643581081082 1.0051872184684685
0 0.05664062500000009 0.9335937500000002 0.03808593750000004 0.9192708333333336 0.03273713044605815 0.931589298063624 0.051291817946058194 0.9459122147302906
0 0.7716640625 0.3300625000000002 0.76034375 0.3082604166666668 0.7277421874999999 0.33835416666666684 0.7390625 0.36015625000000023
0 0.7840762867647059 0.5476868872549019 0.7800436580882353 0.4777879901960784 0.7552504595588235 0.4803308823529412 0.7592830882352941 0.5502297794117648
0 0.6579736770919208 0.7113314526655675 0.6201767634480626 0.6494819576119814 0.5572911299464138 0.7178021520335258 0.595088043590272 0.779651647087112
0 0.7261038933011049 0.8321319636279928 0.7053317075276242 0.8072053406998159 0.6829463052486187 0.8403688996316759 0.7037184910220994 0.8652955225598529
0 0.6501034007352942 0.9038756127450982 0.6324103860294119 0.8979779411764708 0.6229319852941178 0.948529411764706 0.640625 0.9544270833333334
0 0.9044445503048781 0.9880716463414636 0.8774342606707316 0.8903201219512196 0.765382050304878 0.94536331300813 0.7923923399390244 1.043114837398374
0 0.9345703125 0.8151041666666669 0.9241926026876268 0.812872401115619 0.9191117044878296 0.8548744929006088 0.9294894143002029 0.8571062584516568