0 0.55078125 8.156339033383739e-17 0.4482421875 7.319178135529103e-17 0.4482421875 0.08984375000000007 0.55078125 0.08984375000000008
0 0.4960937500000001 0.17838541666666677 0.45358741554054055 0.16041525900900908 0.4402744932432433 0.21639780405405415 0.4827808277027028 0.23436796171171181
0 0.10483645428015564 0.12010477464332037 0.0960717108463035 0.09119649805447468 0.04224373784046691 0.12021015726329441 0.05100848127431906 0.1491184338521401
0 0.11076626712328767 0.38992936643835624 0.09908764982876711 0.3484053938356165 0.05863388270547946 0.36863227739726034 0.07031250000000001 0.41015625000000006
0 0.06516891891891899 0.4507263513513514 0.03318623310810816 0.4286148648648649 -0.030029560810810763 0.5911697635135134 0.001953125000000067 0.61328125
0 0.1908792734058239 0.7547480687123725 0.10392813536675269 0.6514606562538395 0.08408552282989308 0.681157083179752 0.17103666086896427 0.7844444956382849
0 0.2097703887195122 0.7405678353658537 0.2040539253048781 0.7310403963414633 0.18571360518292684 0.7506034044715446 0.191430068597561 0.760130843495935
0 0.2715477015784982 0.6862645762229805 0.25172648250853247 0.6654001350967008 0.22967883425767927 0.7026361632536973 0.24950005332764502 0.7235006043799771
0 0.5559697175790891 0.9836233149166106 0.5143267875673099 0.7965954187233566 0.4600021297257125 0.8180989291189888 0.5016450597374917 1.005126825312243
0 0.6431640625 0.8322916666666665 0.6416015625 0.8177083333333333 0.6208203125 0.8216666666666665 0.6223828124999999 0.8362499999999998
0 0.6626953125000001 0.6604166666666669 0.6292968750000001 0.6455729166666669 0.6246093750000001 0.6643229166666669 0.6580078125000001 0.6791666666666669
0 0.6458023126507839 0.4455543827905107 0.6300618685916767 0.3998762314032972 0.5732692815138721 0.4346680865500604 0.5890097255729794 0.4803462379372739
0 0.896484375 0.34505208333333326 0.8302487464546193 0.2910090829281469 0.8026691653160455 0.35110117841707184 0.8689047938614264 0.40514417882225817
0 0.8193359375 0.2656250000000001 0.79296875 0.2304687500000001 0.77734375 0.2513020833333336 0.8037109375 0.2864583333333336
0 0.9218749999999998 0.33203125000000006 0.9013671875 0.3229166666666668 0.8962890625 0.3432291666666668 0.9167968749999998 0.35234375
0 0.9373157429245284 0.28731819968553457 0.9326171875 0.27604166666666663 0.923828125 0.28255208333333326 0.9285266804245284 0.2938286163522012
0 0.8795922256097561 0.4586953760162599 0.8446074695121952 0.4285124491869918 0.8302496189024392 0.4580983231707316 0.865234375 0.48828124999999983
0 0.7841796875000001 0.8619791666666667 0.7562971443965518 0.8588811063218392 0.7548289331896554 0.8823724856321842 0.7827114762931036 0.8854705459770117