0 0.7885751348499062 0.18195209896810519 0.7524075105534709 0.124543171513446 0.6962047813086304 0.1874902282676673 0.7323724056050657 0.24489915572232648
0 0.4944414731051344 0.2225862112876936 0.46688044391809286 0.17286827628361864 0.392578125 0.24609375000000008 0.4201391541870415 0.29581168500407506
0 0.20729058609958512 0.10286998616874139 0.15513971732365145 0.08432745504840944 0.14868873184647305 0.11658238243430154 0.20083960062240663 0.1351249135546335
0 0.1052734375 0.10989583333333333 0.1017578125 0.09583333333333334 0.06484375 0.11223958333333334 0.068359375 0.12630208333333334
0 0.39257812500000006 0.016927083333333325 0.39160156250000006 0.005208333333333333 0.3804544588414634 0.0068597560975609834 0.3814310213414634 0.018578506097560975
0 0.3354025676751593 0.36372080679405533 0.28887589570063693 0.3298832271762208 0.2581608280254777 0.404964503715499 0.30468750000000006 0.4388020833333334
0 0.19549197635135135 0.35559543918918923 0.1787109375 0.34375000000000006 0.17448268581081083 0.35439893018018026 0.19126372466216218 0.3662443693693695
0 0.4384765625 0.3151041666666668 0.4291245906113536 0.3055688227802038 0.41520964110262 0.32983078602620086 0.4245616129912664 0.33936612991266385
0 0.554641544117647 0.5380361519607845 0.529790900735294 0.48596813725490196 0.49718520220588225 0.5136335784313725 0.5220358455882352 0.5657015931372551
0 0.49446537262470314 0.6284423248218528 0.4931640625 0.578125 0.4504481517220902 0.5800889499208234 0.4517494618467933 0.6304062747426762
0 0.3007812500000001 0.5546875 0.2832031250000001 0.5546875 0.2832031250000001 0.5872395833333334 0.3007812500000001 0.5872395833333334
0 0.3564453125000001 0.8489583333333335 0.30333370938628174 0.8335636657641398 0.29845089688628174 0.8635115824308064 0.3515625000000001 0.8789062500000001
0 0.6405879080118695 0.7763299023244314 0.5908203125 0.7161458333333335 0.5764674517804155 0.7372457653313552 0.626235047292285 0.7974298343224533
0 0.5742187500000001 0.8580729166666665 0.5712890625000001 0.8359374999999999 0.5521248427013423 0.8404467281879193 0.5550545302013423 0.8625821448545861
0 0.8768780048076925 0.7856570512820513 0.8370643028846153 0.7750400641025641 0.8318058894230769 0.8100961538461539 0.871619591346154 0.8207131410256411
0 0.87109375 0.7330729166666666 0.8574588260135136 0.6987331081081081 0.845703125 0.70703125 0.8593380489864865 0.7413710585585586
0 1.0271080280172415 0.4790319683908046 0.9956559806034484 0.37419181034482757 0.8971578663793103 0.4267241379310345 0.9286099137931035 0.5315642959770115
0 0.8743389423076925 0.3052283653846152 0.8537259615384617 0.2698918269230767 0.8257361778846155 0.29891826923076914 0.8463491586538463 0.3342548076923076
0 0.7877524771341464 0.36337652439024404 0.7733898628048781 0.3612487296747969 0.7688405106707317 0.415840955284553 0.783203125 0.41796875000000017
0 0.83203125 0.9609375000000002 0.7597656250000001 0.9609375000000002 0.7597656250000002 0.9986979166666669 0.83203125 0.9986979166666669
0 0.9363090701219512 0.026073424796747968 0.9345703125 0.005208333333333333 0.9184927591463415 0.007590193089430889 0.9202315167682927 0.028455284552845524