0 0.050781250000000014 0.11458333333333333 1.4171938056539193e-17 0.11458333333333333 1.8537134166781224e-17 0.20963541666666666 0.05078125000000002 0.20963541666666666
0 0.1682470450129534 0.02484752806563043 0.15780339216321243 0.016724686960276357 0.14062500000000003 0.055989583333333356 0.15106865284974097 0.06411242443868742
0 0.23828125 0.16406250000000006 0.19921875 0.16406250000000006 0.19921875 0.19140625000000006 0.23828125 0.19140625000000006
0 0.19791331706033682 0.26152873596819465 0.14381412973573435 0.23027142773620207 0.11477761050046772 0.3196145638447147 0.1688767978250702 0.3508718720767073
0 0.07812499999999999 0.39192708333333326 0.07181155453821655 0.3633061305732484 0.05859375 0.36848958333333326 0.06490719546178343 0.3971105360934182
0 0.47265625 0.5429687500000001 0.4359963613013699 0.4825877568493152 0.3854291523972603 0.5371682363013701 0.4220890410958903 0.5975492294520549
0 0.34765625 0.6184895833333334 0.3212890624999999 0.6067708333333334 0.31660156249999993 0.6255208333333333 0.34296875 0.6372395833333333
0 0.4844921875 0.6677604166666667 0.4488671875 0.6321354166666668 0.4383203125 0.6508854166666668 0.4739453125 0.6865104166666668
0 0.5430255481941839 0.2320908575672296 0.5175506420028142 0.2212833216072546 0.49900511550187615 0.29899790884928085 0.5244800216932458 0.30980544480925587
0 0.5890395220588236 0.1688878676470589 0.5508386948529411 0.13832720588235306 0.5360179227941176 0.1712622549019609 0.57421875 0.20182291666666677
0 0.61328125 0.2226562500000001 0.5923854880136987 0.20999215182648415 0.579275470890411 0.24844820205479465 0.6001712328767124 0.2611123002283106
0 0.7328596443965518 0.31950431034482774 0.7176252693965516 0.30231681034482766 0.7039197198275862 0.323913433908046 0.7191540948275862 0.34110093390804613
0 0.8264008736427904 0.24119847810237977 0.7490234375000001 0.1354166666666665 0.7034235678507265 0.19471526258917873 0.7808010039935167 0.300497074024892