0 0.08300781249999999 1.3877787807814457e-17 0.06848900719026547 -0.0012905604719763875 0.06789269911504424 0.010635601032448391 0.08241150442477876 0.011926161504424791
0 0.060546875 0.15755208333333334 0.053825827205882346 0.12170649509803919 0.03452435661764706 0.12814031862745096 0.041245404411764705 0.1639859068627451
0 0.21779145274973893 0.21346869924005107 0.21049289723285763 0.1471181945411301 0.1145616923729551 0.16587807460262213 0.1218602478898364 0.23222857930154314
0 0.07978779560810811 0.4833544481981982 0.07007495777027026 0.40565174549549554 0.0437869510135135 0.41149352477477485 0.05349978885135135 0.48919622747747754
0 0.18554687500000006 0.35546875000000006 0.18066406250000006 0.34895833333333337 0.15332031250000006 0.3854166666666668 0.15820312500000006 0.3919270833333334
0 0.31054687499999994 0.4778645833333332 0.3076171875 0.453125 0.28846072635135134 0.4571579391891892 0.29139041385135134 0.48189752252252244
0 0.40861954599056605 0.45157232704402517 0.4079783313679245 0.43190841194968554 0.38051665683962266 0.433500393081761 0.38115787146226415 0.45316430817610065
0 0.580811737804878 0.39458206300813015 0.5708079268292682 0.3583777947154471 0.5449218749999999 0.37109375 0.5549256859756098 0.40729801829268303
0 0.621484375 0.2593750000000001 0.6017003676470587 0.23676470588235296 0.5791590073529411 0.27182904411764697 0.5989430147058823 0.29443933823529406
0 0.5460859569825436 0.6056765637988364 0.5124931811097257 0.5561714204073152 0.47372778990024933 0.6029360193266834 0.5073205657730673 0.6524411627182046
0 0.482421875 0.5703125 0.4677734375 0.5703125 0.4677734375 0.5950520833333334 0.482421875 0.5950520833333334
0 0.01412259615384619 0.5946514423076923 0.0009765625000000445 0.5911458333333334 -0.0018780048076922572 0.610176282051282 0.011268028846153888 0.613681891025641
0 0.7138671875000002 0.9557291666666669 0.6851120679982048 0.9499200516157991 0.6797120455565531 0.9974402491023343 0.7084671650583485 1.003249364153202