0 0.3253523567467652 0.10239284889094276 0.2898098140018484 0.002873729205175627 0.18738447319778184 0.06790569162045593 0.22292701594269868 0.16742481130622308
0 0.23326136250991278 0.17619634714512292 0.17415028994845363 0.06476857817869416 0.1276338533406027 0.10863773790642348 0.18674492590206188 0.22006550687285223
0 0.3264723557692307 0.2598157051282052 0.29785156249999994 0.23437500000000003 0.281475360576923 0.2671274038461539 0.31009615384615385 0.2925681089743591
0 0.4076171875 0.3205729166666667 0.37949218749999997 0.30182291666666666 0.37285156249999996 0.31953125000000004 0.4009765625 0.33828125000000003
0 0.08398437500000006 0.5442708333333334 0.023437500000000052 0.5442708333333334 0.023437500000000056 0.6315104166666666 0.08398437500000007 0.6315104166666666
0 0.3202387971698114 0.7451356132075472 0.21860259433962273 0.7064170597484278 0.20703125000000008 0.7604166666666666 0.30866745283018876 0.7991352201257862
0 0.3691406250000001 0.7838541666666666 0.3496093750000001 0.7838541666666666 0.3496093750000001 0.8268229166666666 0.3691406250000001 0.8268229166666666
0 0.28825719596950977 0.8900904659891059 0.23144531250000006 0.8229166666666667 0.19723643321542447 0.8743512936760995 0.2540483166849342 0.9415250929985386
0 0.431640625 0.8880208333333334 0.4033203125 0.8880208333333334 0.4033203125 0.9309895833333334 0.431640625 0.9309895833333334
0 0.6184512867647058 0.8934589460784313 0.6050666360294117 0.8220741421568628 0.5802504595588236 0.8303462009803922 0.5936351102941176 0.9017310049019609
0 0.7500358371559633 0.8257955848623852 0.7364893922018348 0.7922520068807339 0.69921875 0.8190104166666666 0.7127651949541285 0.8525539946483179
0 0.6875 0.5455729166666666 0.6862097002262444 0.5094445230015084 0.6560511524321269 0.5113593514328809 0.6573414522058825 0.5474877450980392
0 0.642578125 0.6080729166666667 0.6318359375 0.6067708333333335 0.6300589139344263 0.6328338456284154 0.6408011014344263 0.6341359289617488
0 0.6081220518867926 0.41730542452830205 0.5812942216981132 0.40708529874213845 0.5714180424528302 0.4531741352201259 0.5982458726415095 0.46339426100628944
0 0.9281346055327871 0.4745987021857926 0.9078829405737707 0.47214395491803296 0.9042008196721312 0.5261483948087433 0.9244524846311476 0.5286031420765029
0 1 0.5794270833333335 0.9853515624999998 0.5729166666666667 0.9802734374999998 0.5932291666666668 0.994921875 0.5997395833333334