0 0.38476562499999994 0.06119791666666666 0.38376313606194684 0.04114813790560471 0.36328124999999994 0.04296874999999999 0.36428373893805305 0.06301852876106194
0 0.1484375 0.06640624999999999 0.14307391826923077 0.05721153846153847 0.12549579326923077 0.07544070512820512 0.130859375 0.08463541666666664
0 0.3783364120119305 0.37761546456977585 0.3651623508676789 0.32101579446854667 0.318658063313449 0.3402589479392625 0.3318321244577006 0.39685861804049166
0 0.4160156249999999 0.4153645833333333 0.41337410348360654 0.37662226775956287 0.39224193135245905 0.37918374316939896 0.39488345286885246 0.41792605874316935
0 0.5013739224137931 0.20974317528735648 0.4620959051724137 0.15082614942528744 0.4104525862068965 0.2120330459770115 0.44973060344827587 0.27095007183908054
0 0.7031790787990985 0.11748346614080273 0.6949729354475209 0.05061859438720753 0.5927734375 0.07291666666666666 0.6009795808515775 0.13978153842026184
0 0.687523818597561 0.0276295731707317 0.6865234375 0.015625 0.677734375 0.01692708333333335 0.678734756097561 0.028931656504065047
0 0.802734375 0.1002604166666668 0.7256106566404998 0.09895875053401701 0.724863450216277 0.1776644938855069 0.8019871685757771 0.1789661600181567
0 0.967341738197425 0.398884567238913 0.9493612526824033 0.38413134835479285 0.9265943535407726 0.43345962982832636 0.9445748390557942 0.44821284871244654
0 0.6171875 0.19661458333333345 0.59375 0.19661458333333345 0.59375 0.21223958333333345 0.6171875 0.21223958333333345
0 0.3998929847571051 0.6809542988543732 0.39941406250000006 0.6458333333333334 0.3417271666391276 0.6472318035360212 0.3422060888962327 0.682352769057061
0 0.2822265625000001 0.6328125 0.2592484736503856 0.624869456940874 0.25197320854755784 0.6622851060411311 0.2749512973971723 0.6702281491002572
0 0.23828125 0.7669270833333334 0.23765624999999999 0.7310937499999999 0.192894847972973 0.7324817004504504 0.19351984797297297 0.7683150337837839
0 0.14453125000000006 0.67578125 0.10572341160221 0.646413156077348 0.09128863087016578 0.6803234346224677 0.13009646926795587 0.7096915285451196
0 0.3050096649484538 0.861012671821306 0.28688788659793824 0.8502738402061856 0.27384020618556704 0.8894168814432991 0.2919619845360826 0.9001557130584193
0 0.6387363808515221 0.7746057103197397 0.6383072767087881 0.7408495177579936 0.5661285943782309 0.742480674420831 0.5665576985209649 0.7762368669825771
0 0.529296875 0.84375 0.51171875 0.84375 0.51171875 0.8997395833333334 0.529296875 0.8997395833333334