0 0.6835937500000001 0.07682291666666667 0.6545991879690433 0.04434900719199497 0.6369770901735461 0.07232059099437145 0.6659716522045029 0.10479450046904315
0 0.18281250000000002 0.10338541666666672 0.12128906250000002 0.07604166666666669 0.10878906250000002 0.1260416666666667 0.17031250000000003 0.15338541666666672
0 0.2021484375 0.25520833333333337 0.16992187499999997 0.21223958333333337 0.1171875 0.2825520833333333 0.14941406250000003 0.32552083333333337
0 0.12890625 0.38932291666666674 0.12154995437956204 0.3623498327250608 0.09489051094890512 0.37527562347931875 0.10224680656934307 0.4022487074209246
0 0.19256465517241378 0.3792115660919541 0.1739156788793103 0.3581716954022989 0.14057785560344827 0.41070402298850583 0.15922683189655173 0.43174389367816096
0 0.19726562500000006 0.4036458333333333 0.17578125000000006 0.4036458333333333 0.17578125000000006 0.4348958333333333 0.19726562500000006 0.4348958333333333
0 0.2890625 0.4986979166666668 0.24776138056775415 0.47637298724383115 0.2402257979140528 0.5011566813048934 0.28152691734629864 0.523481610727729
0 0.2780344893292683 0.6293826219512195 0.2767482850609756 0.6139481707317073 0.2516673018292683 0.6176638719512194 0.25295350609756095 0.6330983231707317
0 0.029296875000000073 0.7682291666666666 7.133806793861291e-17 0.7682291666666666 7.367015901120796e-17 0.8190104166666666 0.029296875000000076 0.8190104166666666
0 0.21045590753424664 0.7912564212328768 0.17131314212328777 0.7675335331050229 0.1647581335616439 0.7867615582191781 0.20390089897260283 0.8104844463470322
0 0.18704744664634157 0.9338160569105692 0.1448170731707318 0.927559705284553 0.13926733993902446 0.9941565040650407 0.18149771341463422 1.000412855691057
0 0.30078125 0.9049479166666667 0.27983446782178223 0.8316341790429044 0.2319964418316832 0.8559328589108912 0.252943224009901 0.9292465965346536
0 0.04119122706422018 0.9986119074923547 0.040370556192660556 0.962502389143731 0.001580418577981657 0.9640696674311928 0.0024010894495412826 1.0001791857798166
0 0.3437500000000001 0.9713541666666666 0.3222656250000001 0.9713541666666666 0.3222656250000001 0.9986979166666666 0.3437500000000001 0.9986979166666666
0 0.47952314853038314 0.7288518961911054 0.4524477274603699 0.6245613854029063 0.3292847485964333 0.6814058371862617 0.3563601696664465 0.7856963479744608
0 0.49774275519031147 0.7549920703575549 0.4793941933391004 0.7419442041522492 0.46157953070934266 0.7864808607266436 0.4799280925605537 0.7995287269319493
0 0.5390625 0.8802083333333334 0.5146484375 0.8802083333333334 0.5146484375 0.92578125 0.5390625 0.92578125
0 0.5746430495689655 0.8601742097701149 0.5602572737068965 0.8385955459770115 0.5422548491379311 0.8599317528735633 0.556640625 0.8815104166666666
0 0.6705468750000001 0.8509375000000001 0.6591796875 0.8307291666666667 0.6313671875 0.8585416666666668 0.6427343750000001 0.87875
0 0.6942880306603775 0.7957399764150944 0.6465691332547172 0.7929736635220126 0.6454562205188681 0.8271029874213838 0.6931751179245284 0.8298693003144656
0 0.7163905478667139 0.9531984602726847 0.6620639214562767 0.9394944464033853 0.654080626322285 0.9957576692524684 0.7084072527327223 1.009461683121768
0 0.7650390625 0.9247395833333335 0.7205078125 0.8950520833333334 0.7072265625 0.9304687500000001 0.7517578125 0.9601562500000002
0 0.9134615384615385 0.8672876602564105 0.8728966346153847 0.8564703525641026 0.86328125 0.9205729166666667 0.9038461538461539 0.9313902243589745
0 0.8167429956896551 0.751122485632184 0.7613483297413792 0.7194683908045979 0.7381128771551724 0.7917564655172415 0.7935075431034484 0.8234105603448277
0 0.880859375 0.7174479166666666 0.869723911199095 0.6758755184766215 0.826171875 0.6966145833333334 0.837307338800905 0.7381869815233787
0 0.7888831610130111 0.6883577292441141 0.7682903984665428 0.647645600991326 0.7058484839684016 0.7037949194547708 0.72644124651487 0.7445070477075589
0 0.7964843750000001 0.5679687500000002 0.7384765625 0.5421875000000002 0.7091796875 0.659375 0.7671875000000001 0.6851562500000002
0 0.80078125 0.46484375000000006 0.7544843369366626 0.44743294508729203 0.7438206550700366 0.4978430775477062 0.7901175681333739 0.5152538824604141
0 0.8730468750000002 0.43619791666666685 0.81865409063041 0.4085070446239663 0.8073292339873055 0.4480541630602041 0.8617220183568957 0.4757450351029046
0 0.8124999999999998 0.3294270833333334 0.8037109374999998 0.2864583333333334 0.7704927884615383 0.2985376602564103 0.7792818509615383 0.3415064102564103
0 0.9458518835616438 0.23261344178082208 0.8994654323630137 0.13580693493150697 0.8225647474315068 0.2013149257990869 0.868951198630137 0.298121432648402
0 0.7037522204753348 0.22236869419035177 0.6513671874999998 0.1354166666666667 0.6109854826853968 0.17866701717848207 0.6633705156607317 0.26561904470216713
0 0.6484375 0.1914062500000001 0.6328125 0.17057291666666666 0.587890625 0.23046875 0.603515625 0.2513020833333334
0 0.6738281250000001 0.2799479166666668 0.6403261780362777 0.2745876051524712 0.6366294114747635 0.3156627891692956 0.6701313584384859 0.32102310068349116
0 0.5 0.42057291666666663 0.4801810704260239 0.344233336085425 0.4572389469121532 0.3548220084764422 0.47705787648612946 0.4311615890576838
0 0.5175781249999999 0.3398437500000001 0.509680086678832 0.31088427615571784 0.48819571167883213 0.32130094282238447 0.49609375 0.35026041666666674
0 0.44623161764705876 0.37078737745098045 0.36810661764705876 0.3082873774509805 0.35156249999999994 0.34505208333333337 0.4296874999999999 0.4075520833333333
0 0.45041944159836056 0.34833931010928965 0.43043993340163933 0.32613985655737715 0.41707223360655743 0.34752817622950827 0.43705174180327866 0.3697276297814208
0 0.4438608530405406 0.27854025900900914 0.43024176520270274 0.27551379504504514 0.427734375 0.2955729166666668 0.4413534628378379 0.29859938063063074
0 0.5514360549132948 0.5398979407514453 0.5346707911849711 0.509415643063584 0.513671875 0.5299479166666669 0.5304371387283238 0.5604302143545282
0 0.57421875 0.4674479166666668 0.556640625 0.4674479166666668 0.556640625 0.5039062500000001 0.57421875 0.5039062500000001
0 0.49890625 0.5041145833333334 0.4796875000000001 0.48489583333333336 0.4684375 0.5048958333333333 0.48765624999999996 0.5241145833333334
0 0.6337890625000002 0.7083333333333336 0.5855519112610799 0.6965201534380878 0.5720460754935537 0.794562516787537 0.620283226732474 0.8063756966827829
0 0.662109375 0.7122395833333335 0.6533203125 0.7057291666666667 0.6476083431603774 0.7194378930817611 0.6563974056603774 0.7259483097484278