0 0.8928648635664874 0.0000330274788625573 0.8418351568504997 -0.0013010825006403862 0.8415484182840125 0.0181971400204972 0.8925781250000002 0.019531250000000146
0 0.6811604523916968 0.04987214199759323 0.6694367666967509 -0.01145175240673888 0.586620741200361 0.016694870637785807 0.5983444268953069 0.07801876504211792
0 0.5014345962389379 0.13667265855457225 0.4661659983407079 0.08293003318584073 0.4192909983407079 0.1376175331858408 0.45455959623893794 0.1913601585545723
0 0.177734375 0.0013020833333333482 0.17249540441176467 -0.00684742647058824 0.15625 0.011718749999999984 0.1614889705882353 0.019868259803921574
0 0.6093749999999999 0.12890625000000008 0.5877111486486486 0.12434543918918926 0.5858741554054053 0.13985782657657667 0.6075380067567566 0.1444186373873875
0 0.5351346685082872 0.2507553522099448 0.5123661947513811 0.22343318370165755 0.4851249568370165 0.26379057320441995 0.5078934305939227 0.2911127417127073
0 0.4144912347560977 0.2904280995934961 0.4048447027439025 0.2889989837398375 0.40234375 0.31901041666666674 0.41199028201219523 0.3204395325203253
0 0.40274827624555154 0.5637427713523132 0.40228675489323845 0.5311285957888494 0.3455926100978648 0.5325548635824436 0.34605413145017794 0.5651690391459074
0 0.3001953125 0.5484375 0.2919921875 0.515625 0.2662109375 0.5270833333333333 0.2744140625 0.5598958333333334
0 0.2519531250000001 0.4804687500000001 0.1974609375000001 0.45625000000000004 0.17675781250000006 0.5390625000000001 0.2312500000000001 0.5632812500000001
0 0.03320312500000004 0.5221354166666666 0.014648437500000045 0.5182291666666666 0.007411317567567621 0.5793426238738738 0.025966005067567622 0.5832488738738738
0 0.4012088260135136 0.7213189752252253 0.2941564611486488 0.6975295608108109 0.2874788851351352 0.7509501689189191 0.3945312500000001 0.7747395833333335
0 0.6591930650684933 0.6411065924657536 0.6132812500000001 0.6132812500000002 0.5905393835616438 0.679990724885845 0.6364511986301371 0.7078160673515984
0 0.6978754435043669 0.6273653566229985 0.6596231918668123 0.5606691229985443 0.6392518422489084 0.5814399108442504 0.6775040938864629 0.6481361444687045
0 0.5737362132352942 0.8716452205882353 0.5556640625000002 0.8697916666666666 0.554193474264706 0.8952818627450984 0.572265625 0.8971354166666669
0 0.6227845877576514 0.8753342637414119 0.5649392713538414 0.8019694722048722 0.5382719784509681 0.8393492673849681 0.5961172948547782 0.9127140589215077
0 0.6272225215517242 0.7425915948275864 0.6220703125 0.7265625 0.5937836745689655 0.7427262931034483 0.5989358836206897 0.7587553879310346
0 0.42690045646067426 0.8971793071161049 0.4189453125000001 0.8802083333333335 0.39208435744382025 0.9025924625468167 0.4000395014044944 0.9195634363295881
0 0.5176930147058825 0.7663143382352942 0.5146484375 0.7135416666666666 0.4973230698529413 0.7153186274509803 0.5003676470588236 0.7680912990196078
0 0.82421875 0.8945312500000001 0.7935204574742268 0.8448292525773198 0.7540874677835051 0.8881282216494847 0.7847857603092783 0.937830219072165
0 1.0000000000000002 0.7799479166666667 0.9990234375000002 0.7552083333333335 0.9761632424033151 0.7568125575506446 0.9771398049033151 0.781552140883978
0 0.9217943663990826 0.3147457951070339 0.9086331708715596 0.3052967316513763 0.8911356794724771 0.34862385321100925 0.904296875 0.35807291666666685
0 1.0001157257016633 0.3003562456687457 0.9990234375 0.25520833333333337 0.9742256529365905 0.2562749047124047 0.9753179411382538 0.3014228170478171