0 0.58203125 0.99609375 0.5791015625 0.984375 0.5708984375 0.9880208333333333 0.573828125 0.9997395833333333
0 0.8238166360294118 0.3667279411764707 0.8189912683823529 0.3560049019607843 0.796875 0.37369791666666663 0.8017003676470589 0.384420955882353
0 0.9875781249999998 0.6900520833333332 0.9853515624999998 0.6692708333333334 0.96484375 0.6731770833333334 0.9670703125 0.6939583333333332
0 0.8618044969512196 0.7830602134146342 0.8603515625 0.7656249999999999 0.8387004573170731 0.7688325711382114 0.8401533917682926 0.7862677845528456
0 0.43119531250000004 0.6132708333333334 0.4072265625000001 0.5911458333333335 0.39914062500000014 0.6067187500000002 0.423109375 0.62884375
0 0.7293130547337279 0.7528121918145959 0.7085856601331362 0.741432445759369 0.7023564626479291 0.7616031804733729 0.7230838572485208 0.7729829265285998
0 0.3813189338235294 0.4324448529411764 0.35839843749999994 0.40624999999999994 0.33971737132352936 0.4353094362745098 0.3626378676470588 0.46150428921568626
0 0.754432091346154 0.036057692307692304 0.7486478365384616 -0.0025040064102563875 0.7238581730769231 0.004106570512820529 0.7296424278846155 0.042668269230769225
0 0.33732679834905654 0.050884433962264185 0.3204635908018868 0.01802279874213838 0.2964475235849056 0.039932193396226445 0.3133107311320754 0.07279382861635225
0 0.6552734375 0.9322916666666669 0.6279296874999999 0.8958333333333335 0.6103515625 0.9192708333333334 0.6376953125000001 0.9557291666666667
0 0.23242187500000006 0.09765625 0.22528031402811738 0.034175708027709854 0.20675189104523226 0.03788139262428688 0.2138934520171149 0.10136193459657701
0 0.5934274655963302 0.7915352637614679 0.5688521358944953 0.7738914373088686 0.5506647792431193 0.8189267966360857 0.5752401089449541 0.836570623088685
0 0.19782434290953546 0.3036273685819071 0.17286111323349632 0.25859566014669927 0.14062499999999997 0.2903645833333333 0.16558822967603912 0.3353962917685412
0 0.2869256652227723 0.4360432136963697 0.24322207611386149 0.4302160684818483 0.2396349009900991 0.47804507013201325 0.2833384900990099 0.48387221534653474