0 0.6219657341598674 0.055597829551249235 0.5249568738844979 -0.0058411152898181955 0.5151165500701174 0.021780846294407605 0.612125410345487 0.08321979113547504
0 0.6328125 0.024739583333333422 0.6240234375 0.020833333333333422 0.6201171875 0.036458333333333454 0.62890625 0.040364583333333454
0 0.9747295673076923 0.051802884615384785 0.9555889423076923 0.037219551282051455 0.9498197115384617 0.0506810897435899 0.9689603365384615 0.06526442307692323
0 0.22095230417448403 0.2030394973420888 0.17762077861163228 0.15450818871169478 0.1283327714587242 0.23274312070043776 0.17166429702157598 0.2812744293308318
0 0.622320546485025 0.20438808582917373 0.5998579840890184 0.1981484851636163 0.5881424838810316 0.27312768649473107 0.6106050462770383 0.27936728716028847
0 0.5625000000000001 0.3346354166666668 0.5320190711605081 0.3059474836412626 0.5085815711605081 0.35021831697459593 0.5390625000000001 0.3789062500000001
0 0.4267578125 0.43229166666666674 0.39401424632352944 0.4060968137254903 0.3826401654411765 0.4313725490196079 0.415383731617647 0.4575674019607844
0 0.61328125 0.6080729166666667 0.5053966604077254 0.5187891183834049 0.43844890021459226 0.66260282546495 0.546333489806867 0.7518866237482118
0 0.5175781250000001 0.7955729166666667 0.5166015625000001 0.7786458333333334 0.4998736213235294 0.7803615196078432 0.5008501838235294 0.7972886029411765
0 0.42434671336206914 0.96956716954023 0.3920191271551725 0.9659752155172415 0.3902747844827587 0.9938846982758622 0.42260237068965534 0.9974766522988507
0 0.2826715528350516 0.9491865335051547 0.24584205863402064 0.8954037800687289 0.21481354703608252 0.9331776202749142 0.25164304123711345 0.9869603737113404
0 0.8249186753412969 0.7746195961319683 0.7985148250853242 0.7704778156996588 0.7939086497440273 0.8226811362343572 0.8203125 0.8268229166666666
0 0.759765625 0.55078125 0.7548828125 0.5 0.7143826305789133 0.5069231080206986 0.7192654430789134 0.5577043580206986
0 0.9267578125 0.5651041666666666 0.87890625 0.5013020833333335 0.8408203125 0.5520833333333336 0.888671875 0.6158854166666666
0 1 0.5091145833333335 0.8935546875 0.5026041666666667 0.8918338508420124 0.5526231521921721 0.9982791633420124 0.5591335688588387
0 0.9918428308823529 0.4447763480392157 0.9781135110294118 0.3715533088235293 0.9211282169117645 0.39054840686274506 0.9348575367647058 0.4637714460784314
0 0.8588986280487804 0.32371061991869915 0.853372713414634 0.25739964430894313 0.8315072408536585 0.26063897357723576 0.837033155487805 0.3269499491869919
0 0.6930618523316061 0.2639613018134715 0.6787109375 0.2421875000000001 0.6467515382124353 0.2796348769430053 0.6611024530440414 0.30140867875647676
0 0.997414981617647 0.2622549019607845 0.9815716911764703 0.22905943627450995 0.9492187499999998 0.25651041666666674 0.9650620404411763 0.28970588235294126