0 0.9592725409836067 0.013341017759562845 0.9582479508196723 -0.0016863046448087596 0.93359375 0.0013020833333333333 0.9346183401639344 0.016329405737704937
0 0.37109375 0.64453125 0.36099137931034486 0.6131016522988507 0.33789062500000006 0.6263020833333335 0.34799299568965514 0.6577316810344827
0 0.28210937500000005 0.3266145833333335 0.25886718750000004 0.32218750000000007 0.2544921875000001 0.36302083333333346 0.2777343750000001 0.36744791666666676
0 0.45408537638121543 0.08292328499079193 0.43665832182320435 0.06201081952117864 0.41267049378453036 0.09754834254143642 0.4300975483425414 0.1184608080110497
0 1 0.11979166666666682 0.9716796875 0.11979166666666681 0.9716796875 0.16276041666666685 1 0.16276041666666685
0 0.03125 0.6158854166666665 0.024472128378378376 0.5586500563063062 -0.004212415540540537 0.5646889076576576 0.0025654560810810857 0.6219242680180179
0 0.16036889792899406 0.0648992233727811 0.12651280510355029 0.013070142998027645 0.10594836353550294 0.03695142998027615 0.1398044563609467 0.08878051035502961
0 0.06375921228943343 0.43082607516590093 0.02099534599923435 0.4161641781521184 0.011923633709800962 0.4632026863195508 0.05468750000000004 0.4778645833333333
0 0.6910649599913494 0.09989547289504047 0.6527492430795847 0.08434706603229533 0.6403546712802768 0.13864709486735874 0.6786703881920415 0.15419550173010388
0 0.58203125 9.192823954537097e-17 0.525390625 8.73039222048406e-17 0.525390625 0.06380208333333343 0.58203125 0.06380208333333343
0 0.5407984132862351 0.3751994074749317 0.5069276293299908 0.3502829687025221 0.46909718265724704 0.44170654816165306 0.5029679666134912 0.4666229869340626
0 0.6586965340577595 0.49532951672500986 0.6161288925758459 0.45233189906651117 0.5696082810676779 0.5342081753208868 0.6121759225495916 0.5772057929793856
0 0.841796875 0.89453125 0.7556640625 0.85625 0.7412109375 0.9140625 0.82734375 0.95234375
0 0.7611848220609065 0.8242667020774317 0.733373539305949 0.7212619511331444 0.6280403461402266 0.7718218838526912 0.6558516288951841 0.8748266347969784
0 0.9593376706484642 0.47014985068259385 0.926405183447099 0.37660249573378834 0.8011092150170649 0.4550190201934016 0.8340417022184301 0.5485663751422071