0 0.7757221186926605 0.11224197247706419 0.7463087729357799 0.03940892584097853 0.698905174885321 0.07344227828746176 0.7283185206422018 0.14627532492354742
0 0.4521484375 0.07031250000000006 0.41816406249999993 0.055208333333333394 0.4134765624999999 0.0739583333333334 0.4474609375 0.08906250000000007
0 0.34848985180412373 0.2732039304123712 0.3051204091494845 0.22558258161512035 0.26717743234536084 0.2870140678694159 0.31054687500000006 0.33463541666666674
0 0.19744916523972605 0.29077411529680375 0.15726508989726035 0.25654323630136994 0.10630029965753429 0.36290453767123293 0.14648437500000003 0.39713541666666674
0 0.45169588414634154 0.24456935975609753 0.4501953125000001 0.2265625 0.43111661585365857 0.22938897357723578 0.4326171875 0.24739583333333331
0 0.572265625 0.3515625000000001 0.505859375 0.3515625000000001 0.505859375 0.3997395833333334 0.572265625 0.3997395833333334
0 0.287109375 0.4505208333333333 0.27734375 0.4505208333333333 0.27734375 0.48046875 0.287109375 0.48046875
0 0.31640625000000006 0.8033854166666666 0.3143299661624204 0.7258708200636943 0.2890413515127389 0.7270750398089173 0.29111763535031854 0.8045896364118896
0 0.2617187500000001 0.9101562500000001 0.2462411556603774 0.9042600235849058 0.24218750000000006 0.9231770833333334 0.2576650943396227 0.9290733097484278
0 0.4247384049773756 0.6687170060331826 0.4189055429864254 0.6616468702865763 0.39287860576923084 0.6998197115384617 0.398711467760181 0.706889847285068
0 0.552734375 0.7825520833333335 0.5478515625 0.7578125000000001 0.530642810880829 0.7638506584628671 0.535525623380829 0.7885902417962004
0 0.6823814655172413 0.6459680316091955 0.6723801185344828 0.6148527298850576 0.6106209590517242 0.6501436781609196 0.6206223060344828 0.6812589798850576
0 0.7011718750000002 0.7617187500000001 0.6845703125000001 0.7526041666666667 0.6770467363165681 0.7769662228796846 0.6936482988165682 0.786080806213018
0 0.833984375 0.6927083333333336 0.7734375 0.6927083333333336 0.7734375 0.7968750000000002 0.833984375 0.7968750000000002
0 0.8548713235294116 0.5547487745098039 0.8350873161764705 0.5321384803921568 0.8115808823529411 0.5687040441176471 0.8313648897058823 0.5913143382352941
0 0.8313290028089888 0.8392585440074909 0.8103559515449439 0.8054073033707867 0.7806267556179775 0.8381525046816483 0.8015998068820226 0.8720037453183525
0 0.798828125 0.92578125 0.7622665777439024 0.8867822662601624 0.7310165777439023 0.9388655995934959 0.7675781249999999 0.9778645833333334
0 0.4944278492647059 0.2588848039215686 0.4892578125 0.2473958333333333 0.47920496323529405 0.25543811274509803 0.484375 0.2669270833333333