0 0.732421875 0.05859375000000012 0.7021484374999998 0.04427083333333339 0.6959731689001847 0.06747487292051761 0.7262466064001848 0.08179778958718434
0 0.12109375 0.33984374999999994 0.11812959558823528 0.3016390931372549 0.048828125 0.3111979166666667 0.051792279411764695 0.34940257352941173
0 0.21741296140939598 0.4918729026845638 0.20731963087248323 0.4726475111856824 0.17258284395973153 0.5050685123042505 0.1826761744966443 0.524293903803132
0 0.31054687500000006 0.6341145833333334 0.29785156249999994 0.625 0.2881307339449541 0.649070623088685 0.3008260464449542 0.6581852064220184
0 0.2825432854729731 0.691476632882883 0.2572054476351352 0.6858460022522522 0.25380067567567577 0.7130841779279281 0.2791385135135136 0.7187148085585587
0 0.11966463414634146 0.7419651930894309 0.119140625 0.7356770833333334 0.083984375 0.7408854166666666 0.08450838414634146 0.7471735264227642
0 0.197265625 0.93359375 0.19626608455882352 0.9162683823529412 0.17565487132352942 0.9183823529411764 0.1766544117647059 0.9357077205882353
0 0.49111406668900803 0.9305776642091154 0.47213524212466496 0.8730660746201966 0.38671875000000006 0.9231770833333334 0.4056975745643432 0.980688672922252
0 0.6425253378378379 0.6467131193693696 0.6046505489864866 0.6106418918918922 0.586570945945946 0.6443904842342345 0.6244457347972975 0.6804617117117119
0 0.680951950867052 0.4981560091522159 0.6619513186416184 0.46360940510597304 0.6294368677745664 0.4954013126204239 0.6484375 0.5299479166666667
0 0.8437500000000002 0.6002604166666669 0.7909007352941176 0.5826439950980393 0.7733226102941178 0.6763939950980393 0.8261718750000002 0.6940104166666669
0 0.9375 0.34244791666666685 0.8960356263676148 0.3319172820933627 0.8882231263676148 0.3866047820933627 0.9296875 0.39713541666666685
0 0.8925781249999998 0.3190104166666667 0.8865843606651375 0.2923714640672782 0.8437589592889907 0.30950162461773695 0.8497527236238531 0.33614057721712537
0 0.975743626062323 0.6455493094900849 0.9685729461756374 0.6189912358356942 0.9302573919971673 0.63738270184136 0.9374280718838527 0.6639407754957508
0 0.958852407094595 0.7914203265765768 0.9344647381756758 0.7860008445945948 0.9252533783783784 0.8596917229729732 0.9496410472972976 0.8651112049549552
0 0.5509717987804879 0.6702553353658536 0.5498046875 0.6562499999999999 0.5386575838414633 0.6579014227642276 0.5398246951219512 0.6719067581300813