0 0.66796875 0.6132812500000001 0.6533203125 0.6015625000000001 0.6460822610294118 0.6176470588235294 0.6607306985294118 0.6293658088235294
0 0.11754100678733033 0.7768252733785823 0.11636559671945701 0.7439137914781297 0.10059035633484163 0.7449153940422324 0.10176576640271495 0.777826875942685
0 0.015844594594594592 0.37066300675675673 0.014869087837837835 0.31473395270270277 0.000977618243243241 0.3151646959459459 0.0019531249999999978 0.37109374999999994
0 0.4142878605769231 0.7029246794871795 0.39513221153846156 0.6978165064102565 0.3910006009615385 0.725360576923077 0.41015625 0.73046875
0 0.5102323008849556 0.4333748156342183 0.4950480503318584 0.4102369100294986 0.4702278069690265 0.43919386061946913 0.48541205752212385 0.4623317662241888
0 0.2761087974221791 0.7437935716601817 0.24668272738326852 0.741341399156939 0.24401142996108954 0.7983290774967575 0.2734375000000001 0.8007812500000001
0 0.3183593750000001 0.8723958333333334 0.2929687500000001 0.8723958333333334 0.2929687500000001 0.91796875 0.3183593750000001 0.91796875
0 0.2968872966946485 0.59822189795383 0.28751106702518364 0.5640507498251137 0.23091860407922354 0.5916568293109479 0.24029483374868837 0.6258279774396642
0 0.29492187499999994 0.39453125000000006 0.28191332547169806 0.33382468553459127 0.23161114386792447 0.35298742138364786 0.24461969339622636 0.41369398584905664
0 0.5106621960324232 0.17538573663253706 0.4875646597696246 0.13637656427758818 0.43570019197952214 0.1909707408987486 0.4587977282423209 0.22997991325369746
0 0.6910131772945078 0.07809476363803913 0.6344132274004792 -0.006612644366629716 0.548828125 0.0950520833333334 0.6054280748940287 0.17975949133800223