0 0.9524281679764244 0.07471400212835645 0.8993215864440078 -0.011584192861820478 0.8113273575638507 0.08468299770792408 0.8644339390962672 0.170981192698101
0 0.892578125 0.0013020833333334772 0.869140625 0.0013020833333334753 0.869140625 0.015625000000000142 0.892578125 0.015625000000000142
0 0.7513831967213116 0.26903603142076504 0.739798924180328 0.22956369535519125 0.710047387295082 0.24508623633879784 0.7216316598360656 0.2845585724043716
0 0.6625285005364807 0.28880543633762534 0.6482530847639485 0.27709227467811165 0.6283027092274678 0.3203180883404865 0.6425781250000001 0.3320312500000001
0 0.4179687500000001 0.0013020833333334037 0.39941406250000006 7.031412489292658e-17 0.3985454074585636 0.022005927716390494 0.4171000949585636 0.02330801104972383
0 0.3941977896341463 0.03115472560975611 0.391530106707317 -0.0008574695121951044 0.341796875 0.006510416666666667 0.3444645579268293 0.038522611788617885
0 0.24894241266375544 0.0978154566957788 0.21601221342794757 0.0403986990538574 0.16743995633187772 0.0899233533478894 0.20037015556768561 0.1473401109898108
0 0.35546875 0.09244791666666673 0.33241450471698114 0.09111143867924534 0.33196123231132074 0.10501179245283025 0.3550154775943396 0.10634827044025164
0 0.2809397977941176 0.2238664215686274 0.2650965073529411 0.19067095588235297 0.23046875 0.22005208333333337 0.24631204044117644 0.25324754901960783
0 0.16258445945945948 0.27333192567567566 0.15844066722972977 0.24018158783783783 0.14102090371621623 0.2440526463963964 0.14516469594594594 0.27720298423423423
0 0.13867187500000006 0.484375 0.08398437500000004 0.484375 0.08398437500000004 0.5143229166666666 0.13867187500000006 0.5143229166666666
0 0.04188661317567568 0.4852195945945946 0.028029983108108114 0.4593538851351352 0.005674619932432412 0.48064470720720726 0.01953124999999998 0.5065104166666666
0 0.13771397292993634 0.6764779060509554 0.033134703423566926 0.6354664278131634 0.021503035429936347 0.6881966560509555 0.12608230493630576 0.7292081342887474
0 0.15644531250000004 0.8497395833333334 0.14749098557692308 0.8288461538461539 0.11899038461538462 0.8505608974358976 0.1279447115384616 0.8714543269230771
0 0.3521960207152975 0.8323521600566575 0.2945013721671389 0.7590039246931067 0.2559141510269123 0.8129632908404155 0.3136087995750709 0.8863115262039661
0 0.4283865459670425 0.5969989971812663 0.3935546875 0.5208333333333334 0.3725801916196877 0.5378857690083839 0.4074120500867302 0.6140514328563168
0 0.3906250000000001 0.6106770833333334 0.3544921875 0.5729166666666666 0.3207128464366516 0.6303803733031673 0.35684565893665166 0.6681407899698342
0 0.35970270553691275 0.6937045581655481 0.3519491925335571 0.6789359619686801 0.325732749580537 0.7034046420581657 0.33348626258389263 0.7181732382550337
0 0.5541160616812227 0.8614731168122273 0.5109809975436681 0.8174922671033482 0.48143251910480356 0.8690126910480351 0.5245675832423581 0.9129935407569143
0 0.7421875 0.7565104166666667 0.7412109375 0.7291666666666667 0.7047422935520362 0.7314821361236804 0.7057188560520362 0.7588258861236804
0 0.82421875 0.6614583333333336 0.8095703125 0.6614583333333336 0.8095703125 0.6888020833333336 0.82421875 0.6888020833333336