0 0.1572265625 2.960594732333751e-17 0.10993943520642202 -0.03394973241590214 0.08943162270642202 0.01683151758409785 0.13671874999999997 0.05078125000000002
0 0.33035905393835613 0.2275613584474886 0.32910156249999994 0.18229166666666666 0.28633615154109593 0.1844035388127854 0.28759364297945206 0.2296732305936073
0 0.38764202123124153 0.12924909049567987 0.3544921875 0.0911458333333333 0.3266141925306958 0.13426379888585716 0.3597640262619373 0.1723670560482037
0 0.2002854567307693 0.4586738782051282 0.14475661057692313 0.44941907051282054 0.14173677884615388 0.48163060897435894 0.19726562500000008 0.49088541666666663
0 0.23256955030487805 0.7354674796747969 0.2178972942073171 0.6823678861788618 0.11381002286585369 0.7334984756097562 0.12848227896341466 0.7865980691056912
0 0.14319740853658539 0.6519626524390244 0.1416015625 0.6328125 0.12638147865853658 0.6350673272357723 0.12797732469512196 0.6542174796747967
0 0.29882812500000006 0.7513020833333336 0.28808593750000006 0.7369791666666669 0.26464843750000006 0.7682291666666669 0.27539062500000006 0.7825520833333336
0 0.38241659628378377 0.8286880630630631 0.3711993243243243 0.8077491554054054 0.33480257601351343 0.8424127252252253 0.3460198479729729 0.863351632882883
0 0.12114489167705744 0.7577508052784707 0.05772921212593522 0.7535230933083957 0.05460956982543648 0.8367135546550291 0.1180252493765587 0.8409412666251039
0 0.14843750000000006 0.8841145833333334 0.1396484375 0.8671875 0.11567968749999999 0.8893125000000001 0.12446875000000004 0.9062395833333333
0 0.34306456367924526 0.9886153694968554 0.31449734669811324 0.9625540487421385 0.30232900943396224 0.986266705974843 0.3308962264150943 1.0123280267295598
0 0.6829173018292684 0.5518673780487806 0.6325076219512196 0.5208460365853659 0.5918921493902439 0.6381796239837398 0.6423018292682927 0.6692009654471546
0 0.6291130514705883 0.6849571078431375 0.6201171875000001 0.6822916666666667 0.6160041360294118 0.7069699754901961 0.6250000000000001 0.7096354166666666
0 0.801920009731834 0.6306138264129182 0.7386563310986157 0.6049416089965399 0.7187871701989618 0.6919874567474049 0.7820508488321799 0.7176596741637833
0 0.9109765624999999 0.82015625 0.8955078125 0.8046875 0.886953125 0.8198958333333334 0.9024218749999999 0.8353645833333334
0 0.7647235576923076 0.29637419871794884 0.7252854567307693 0.2858573717948719 0.7195763221153847 0.32391826923076933 0.759014423076923 0.3344350961538463
0 0.7099308894230768 0.3065705128205129 0.6865234374999999 0.2786458333333334 0.6785036057692306 0.2905969551282053 0.7019110576923075 0.31852163461538474
0 0.4814453125000001 0.3723958333333334 0.43359375 0.30859375000000006 0.4150390625 0.3333333333333334 0.462890625 0.39713541666666685
0 0.41796875 0.4544270833333333 0.4130859375 0.4322916666666667 0.39542695063694266 0.4392167595541402 0.40030976313694266 0.4613521762208068
0 0.87109375 0.02734374999999994 0.8358104701903379 -0.06298144631273471 0.7319460966840218 0.009146590844429347 0.7672293764936837 0.099471787157164
0 0.922171260533708 0.051190894194756593 0.9071607268258429 0.03868211610486891 0.8927317415730338 0.06946395131086139 0.907742275280899 0.08197272940074907
0 1 0.0013020833333334933 0.9609375 0.0013020833333334903 0.9609375 0.02083333333333349 1 0.020833333333333492