0 0.7255859375000001 1.4802973661668753e-16 0.6835059691011236 -0.012947682584269564 0.676659058988764 0.026612242509363396 0.7187390273876405 0.03955992509363311
0 0.52734375 0.21744791666666663 0.4825871394230769 0.1710336538461538 0.4689152644230769 0.19447115384615382 0.513671875 0.24088541666666666
0 0.42965112374641834 0.36710168935052534 0.32337649982091693 0.32774071752626555 0.3116941260744986 0.3838161115090736 0.41796875 0.42317708333333337
0 0.4248046875 0.34375000000000006 0.4084710315265486 0.34229811946902655 0.4074944690265486 0.3618293694690266 0.423828125 0.3632812500000001
0 0.287109375 0.3020833333333333 0.263671875 0.3020833333333333 0.263671875 0.3450520833333333 0.287109375 0.3450520833333333
0 0.34179687500000006 0.4505208333333333 0.27734375 0.4505208333333333 0.27734375000000006 0.5377604166666666 0.3417968750000001 0.5377604166666666
0 0.054687499999999986 0.4049479166666667 0.04696531791907514 0.33802233863198455 -0.00381593208092485 0.34843900529865124 0.00390625 0.4153645833333333
0 0.52890625 0.8096354166666665 0.5138671875 0.7494791666666666 0.4880859375 0.7609374999999999 0.503125 0.8210937499999998
0 0.5673828125000002 0.6796875000000001 0.5279526654411766 0.6756433823529413 0.5265625 0.6997395833333335 0.5659926470588237 0.7037837009803923
0 0.5439637382075472 0.5344192216981133 0.5361328125 0.515625 0.5089364681603774 0.5357704402515723 0.5167673938679245 0.5545646619496856
0 0.814476943597561 0.6526295731707317 0.8073790015243901 0.567454268292683 0.7308498475609756 0.5787919207317073 0.7379477896341464 0.6639672256097561
0 0.9663013574011998 0.5231691807809925 0.9136979258556812 0.48586178252175943 0.8915926032110093 0.5412724579510702 0.9441960347565279 0.5785798562103033
0 0.869140625 0.3541666666666668 0.81640625 0.3541666666666668 0.81640625 0.4309895833333334 0.869140625 0.4309895833333334
0 0.7412109375 0.28125000000000006 0.7209135445441988 0.2798256215469614 0.7199369820441988 0.30456520488029476 0.740234375 0.30598958333333337
0 0.8284509842081847 0.2501408659549231 0.7861328124999998 0.17187500000000025 0.7665563834519571 0.19069265272835137 0.808874555160142 0.26895851868327425
0 0.8359375 0.9635416666666669 0.826171875 0.9635416666666669 0.826171875 0.9778645833333336 0.8359375 0.9778645833333336