0 0.78125 0.02864583333333346 0.73828125 0.028645833333333457 0.73828125 0.09114583333333345 0.78125 0.09114583333333345
0 0.673828125 0.07421875000000006 0.6659658805294906 0.04726248324396784 0.6245418272453082 0.06874162198391426 0.6324040717158176 0.09569788873994647
0 0.6523565062590713 0.3396339804063862 0.5968200063497824 0.3336300344702468 0.5908245645863571 0.4322217434687955 0.646361064495646 0.4382256894049349
0 0.7766890833797327 0.39311896807720864 0.7676411991926504 0.3680632887899034 0.7279436073218262 0.39354816258351893 0.7369914915089086 0.4186038418708241
0 0.4694737468274111 0.2742504758883249 0.4481430440989847 0.24143401015228433 0.4161692972715736 0.2783814509306261 0.4375 0.31119791666666674
0 0.3593750000000001 0.4309895833333334 0.3231377521106942 0.4059983778924329 0.30571353189493433 0.450914145559725 0.34195077978424027 0.47590535100062553
0 0.15883501838235298 0.47058823529411775 0.14733455882352942 0.46083026960784323 0.13671875000000003 0.4830729166666667 0.14821920955882356 0.4928308823529412
0 0.07512796336206895 0.5401400862068965 0.0736597521551724 0.506860632183908 0.04835668103448275 0.5088451867816092 0.0498248922413793 0.5421246408045977
0 0.30129907139679707 0.7332072953736655 0.2784384730871886 0.6750166814946621 0.19531250000000006 0.7330729166666666 0.2181730983096085 0.7912635305456701
0 0.28377477134146345 0.6670160060975611 0.2826314786585366 0.6532964939024392 0.26548208841463417 0.6558371443089431 0.26662538109756095 0.669556656504065
0 0.04492187500000004 0.8138020833333335 0.0341796875 0.7838541666666666 0.008470552884615401 0.8002483974358974 0.019212740384615446 0.8301963141025641
0 0.1304724351415095 0.869939072327044 0.0576724646226416 0.8160131682389938 0.024414062500000045 0.8958333333333334 0.09721403301886795 0.9497592374213837
0 0.23891469594594597 0.8425886824324326 0.23165646114864868 0.8290399774774777 0.21484375000000006 0.8450520833333335 0.2221019847972973 0.8586007882882883
0 0.283203125 0.8346354166666666 0.2696933962264151 0.8083087657232704 0.26367187499999994 0.8138020833333334 0.2771816037735849 0.8401287342767296
0 0.45703125 0.9986979166666664 0.4541015625 0.9869791666666666 0.4330078125 0.9963541666666667 0.4359375 1.0080729166666664
0 0.583984375 0.9375 0.564453125 0.9375 0.5644531250000001 0.9856770833333334 0.5839843750000001 0.9856770833333334
0 0.5839982762455517 0.8694719380189798 0.5595703125 0.8072916666666666 0.5165841859430605 0.8373137233096084 0.5410121496886122 0.8994939946619216
0 0.6782134433962262 0.9006731525157233 0.6569501768867922 0.8014445754716981 0.6004569575471697 0.8229658018867926 0.6217202240566037 0.9221943789308177
0 0.8355583639705884 0.851623774509804 0.7920955882352942 0.8471660539215687 0.7903262867647061 0.8778339460784317 0.8337890625 0.8822916666666669
0 0.763671875 0.5416666666666669 0.740234375 0.5416666666666669 0.740234375 0.6184895833333336 0.763671875 0.6184895833333336
0 1.0009765625 0.84375 0.984375 0.8216145833333334 0.9677734375 0.84375 0.984375 0.8658854166666666
0 1 0.6966145833333333 0.9990234375 0.6484375 0.9916386291058392 0.6487036192214112 0.9926151916058392 0.6968807025547444
0 0.8877172577247192 0.9189636001872661 0.8762179599719101 0.9093808520599251 0.8577291081460674 0.9488237359550562 0.8692284058988765 0.9584064840823971
0 0.7050781249999999 0.9986979166666667 0.7042766702586205 0.9858746408045977 0.6811624461206895 0.9884428879310345 0.6819639008620689 1.0012661637931035