0 0.8872372787610621 0.06375599188790557 0.8862261476769913 0.04353337020648967 0.8649664684734514 0.045423119469026545 0.8659775995575222 0.06564574115044244
0 0.8852264747191011 0.2826106039325842 0.8818359375 0.2630208333333333 0.8651465941011235 0.26815601591760296 0.8685371313202246 0.2877457865168539
0 0.90234375 0.3489583333333334 0.890625 0.3489583333333334 0.890625 0.3815104166666668 0.90234375 0.3815104166666668
0 0.695581896551724 0.13321659482758633 0.673828125 0.1315104166666668 0.6729997306034483 0.1502873563218392 0.6947535021551723 0.1519935344827587
0 0.5560087316176471 0.12706801470588244 0.5128102022058824 0.11266850490196086 0.5056295955882353 0.15096507352941185 0.5488281250000001 0.16536458333333345
0 0.23392427884615383 0.2587139423076923 0.22310697115384617 0.18659855769230774 0.19493689903846154 0.19411057692307696 0.20575420673076922 0.2662259615384615
0 0.37785456730769224 0.39793669871794873 0.3400090144230769 0.3841746794871795 0.3353665865384615 0.40687099358974366 0.37321213942307685 0.4206330128205129
0 0.7063124999999999 0.4102187500000001 0.6703125 0.34088541666666666 0.6223749999999999 0.3851354166666667 0.6583749999999999 0.4544687500000001
0 0.38755122950819676 0.5607069672131147 0.3805071721311475 0.549436475409836 0.36235271516393436 0.569608094262295 0.3693967725409836 0.5808785860655737
0 0.5139008620689655 0.7211117097701151 0.5107556573275861 0.670788433908046 0.4436759159482757 0.6782417385057471 0.44682112068965507 0.7285650143678163
0 0.4296875000000001 0.5820312500000001 0.4248046875000001 0.5755208333333335 0.4160156250000001 0.5872395833333335 0.4208984375000001 0.5937500000000001
0 0.28273142688679254 0.6081908411949686 0.23742998231132076 0.5668632075471699 0.20274543042452828 0.6344536163522013 0.24804687500000006 0.6757812500000001
0 0.1338947488395226 0.6398119750221043 0.0918637060676393 0.608841732979664 0.047812707228116744 0.7151235079575596 0.08984375000000004 0.74609375
0 0.23632812500000008 0.7890625 0.22265625000000008 0.7890625 0.22265625000000008 0.82421875 0.23632812500000008 0.82421875
0 0.629097093958532 0.9488922982205276 0.6137644110462345 0.9208770257387987 0.5586179545996186 0.974533037416587 0.5739506375119161 1.002548309898316
0 0.8026772836538459 0.8580048076923077 0.7821243990384614 0.8334855769230771 0.7589332932692308 0.8680448717948719 0.7794861778846153 0.8925641025641026
0 0.76953125 0.9986979166666667 0.7693162712857848 0.9857991938137546 0.7245033316880554 0.9871269846166502 0.7247183104022705 1.0000257074695624