0 0.6122545831316554 0.07784643231687648 0.5703985282550823 0.03160545740561472 0.5558134302395935 0.05507573007421745 0.5976694851161666 0.10131670498547922
0 0.6329363567073172 0.19564913617886173 0.6038633765243904 0.17056656504065035 0.5920207698170733 0.19496951219512187 0.62109375 0.22005208333333323
0 0.845703125 0.3632812500000001 0.8017578125 0.34114583333333337 0.79446862170484 0.36687238908095654 0.8384139342048401 0.3890078057476233
0 0.639296875 0.5318750000000001 0.619342830882353 0.4991299019607844 0.583938419117647 0.5374846813725491 0.603892463235294 0.5702297794117649
0 0.5022851333528723 0.593473707991403 0.49689858404161785 0.5345807688550214 0.45958199003516986 0.5406485077178584 0.46496853934642435 0.5995414468542399
0 0.5993145636792453 0.6849695361635221 0.5599646226415095 0.6490713443396229 0.5419995577830189 0.6840801886792456 0.5813494988207547 0.7199783805031448
0 0.507764862804878 0.7064596036585367 0.5068359374999999 0.6953125 0.4937595274390244 0.6972497459349594 0.4946884527439025 0.708396849593496
0 0.6549709264553014 0.8393267065142066 0.6123046875 0.7786458333333335 0.563675529495842 0.8394322808385309 0.6063417684511434 0.9001131540194041
0 0.938634251062323 0.6872159761567517 0.9316378585339944 0.6613034112370161 0.8915932631019832 0.6805248170443813 0.8985896556303118 0.7064373819641169
0 0.9179296875000003 0.8350000000000003 0.8927734375000002 0.8302083333333335 0.8844531250000001 0.9078645833333338 0.9096093750000002 0.9126562500000003
0 0.4434633875739644 0.9707609097633135 0.42590837647929 0.9139161119329388 0.33789062499999994 0.9622395833333333 0.35544563609467444 1.0190843811637078
0 0.4302829649390244 0.9016768292682927 0.4290920350609756 0.8873856707317072 0.41365758384146345 0.8896722560975608 0.4148485137195122 0.9039634146341464
0 0.208984375 0.7825520833333333 0.2021484375 0.7630208333333334 0.1843992358576642 0.7740647810218978 0.1912351733576642 0.7935960310218977
0 0.14843750000000008 0.8463541666666666 0.12304687500000008 0.8463541666666666 0.12304687500000008 0.87890625 0.14843750000000008 0.87890625
0 0.146484375 0.9700520833333333 0.14335718047752807 0.9519838483146066 0.12695312499999997 0.9570312499999999 0.1300803195224719 0.9750994850187265
0 0.05522592905405412 0.5983178490990991 0.03707242398648656 0.5944960585585586 0.0306746199324325 0.6485219594594596 0.04882812500000007 0.6523437500000001
0 0.07252999827348067 0.7762287062615102 0.07206060082872928 0.7643373043278086 0.03689895545580111 0.7668047882136281 0.037368352900552494 0.7786961901473297