0 0.5845102163461539 0.12850560897435906 0.5587890625 0.12421875000000009 0.5524338942307693 0.19200721153846162 0.5781550480769231 0.1962940705128206
0 0.33287054799957666 0.1942132814705053 0.2810837941892464 0.18405901601749936 0.2704788711896698 0.28021031788032746 0.32226562500000006 0.2903645833333334
0 0.10282095682989692 0.19056056701030932 0.0858569587628866 0.1317520403780069 5.551115123125783e-18 0.17578125 0.016963998067010315 0.23458977663230243
0 0.027343750000000028 0.25911458333333337 0.006431284530386763 0.25764704189686927 0.005859375000000025 0.2721354166666667 0.02677184046961329 0.27360295810313073
0 0.07662472890378554 0.46336504337539436 0.041258995465299694 0.4263152273922188 0.014284922121451115 0.47208941246056785 0.04965065555993695 0.5091392284437435
0 0.011343149038461519 0.5639022435897435 0.006760817307692302 0.5333533653846154 -0.00262920673076924 0.5358573717948718 0.0019531249999999779 0.5664062499999999
0 0.1085080030487805 0.7810022865853659 0.07004573170731707 0.7017466971544715 0.04728944359756095 0.7213795731707316 0.08575171493902438 0.800635162601626
0 0.019531250000000007 0.8320312500000001 0.0185546875 0.8072916666666666 0.0017427054558011024 0.8084714548802946 0.002719267955801108 0.8332110382136281
0 0.17578125000000003 0.5638020833333334 0.150303661040146 0.520970194647202 0.13186445027372262 0.5404691301703164 0.15734203923357665 0.5833010188564477
0 0.34372312213302747 0.46081804281345573 0.3293972190366973 0.45053277905198785 0.3097674168577982 0.4991399082568808 0.3240933199541284 0.5094251720183487
0 0.4336993243243244 0.4448550112612613 0.4287109375000001 0.4049479166666667 0.39798880912162166 0.41177505630630634 0.40297719594594594 0.4516821509009009
0 0.5842791863207548 0.6537195361635223 0.4784787735849057 0.5753488600628932 0.43628390330188677 0.6766165487421385 0.5420843160377359 0.7549872248427676
0 0.3318292025862069 0.8430765086206897 0.32017780172413796 0.8042385057471264 0.30940193965517243 0.8099856321839081 0.3210533405172414 0.8488236350574713
0 0.6369411355198019 0.5264026402640264 0.626730739480198 0.5152640264026402 0.6040184096534652 0.5522767120462045 0.6142288056930691 0.5634153259075908
0 0.6895660120412843 0.7067899464831805 0.6889263188073395 0.6786434441896024 0.648362241972477 0.6802823967889908 0.649001935206422 0.7084288990825688
0 0.7607633023648649 0.49339808558558557 0.7508815456081082 0.4685106981981981 0.7232421875 0.4880208333333333 0.7331239442567568 0.5129082207207207
0 0.806640625 0.3046875000000001 0.78125 0.3046875000000001 0.78125 0.3450520833333334 0.806640625 0.3450520833333334
0 0.9964622641509434 0.8025009827044027 0.9702609080188681 0.7830925707547173 0.9405955188679247 0.8542895047169814 0.966796875 0.8736979166666669
0 0.6123046875 0.7513020833333335 0.5947265624999999 0.7395833333333334 0.5855468749999999 0.7640625 0.603125 0.7757812500000001