0 0.28125 0.9127604166666667 0.275296982020548 0.8952982305936075 0.263671875 0.9023437500000002 0.269624892979452 0.9198059360730595
0 0.97265625 0.024739583333333513 0.9567968749999999 0.021718750000000172 0.9548437499999999 0.03994791666666684 0.970703125 0.04296875000000018
0 0.9518329326923076 0.05965544871794896 0.9384765625 0.049479166666666845 0.9296424278846154 0.07009214743589762 0.942998798076923 0.08026842948717974
0 0.33844489020270274 0.3171804617117118 0.32134184966216217 0.31337978603603617 0.3168813344594595 0.34906390765765777 0.33398437500000006 0.3528645833333334
0 0.960753242924528 0.3637234669811323 0.952719634433962 0.32623329402515727 0.9217644457547168 0.3380257468553459 0.9297980542452828 0.375515919811321
0 0.40625 0.4166666666666668 0.3671875 0.4166666666666668 0.3671875 0.4518229166666668 0.40625 0.4518229166666668
0 0.643673780487805 0.02461255081300823 0.609375 0.01953125000000009 0.6069455030487805 0.048685213414634235 0.6412442835365855 0.05376651422764237
0 0.7123073091442953 0.30635661353467575 0.6866151950503354 0.28237730704698005 0.6660156249999999 0.3216145833333334 0.6917077390939597 0.3455938898210292
0 0.691325351331361 0.11224112426035499 0.6806640625 0.07812499999999994 0.6500843657544377 0.09511372041420116 0.6607456545857987 0.1292298446745562
0 0.5864805640243901 0.3974021849593495 0.5635861280487804 0.3312627032520326 0.5421589176829267 0.3444486788617888 0.5650533536585364 0.41058816056910563
0 0.09110572618194845 0.11230748567335246 0.040198558381088836 0.07394266356255971 0.010879297994269349 0.14310604703915952 0.06178646579512896 0.18147086914995228
0 0.266796875 0.3809895833333333 0.2041015625 0.26953125 0.1697265625 0.30390625 0.232421875 0.4153645833333333
0 0.22294252996575342 0.47172517123287677 0.17675781249999997 0.421875 0.12572506421232876 0.5059289383561644 0.17190978167808224 0.5557791095890411