0 0.9141905737704917 0.09172216530054662 0.8772092725409836 0.050631830601092886 0.8533555327868851 0.08879781420765033 0.8903368340163935 0.12988814890710407
0 0.7883179385359115 0.27537264042357285 0.7329128539364641 0.19329103360957653 0.709928565262431 0.2208721800184163 0.7653336498618784 0.30295378683241264
0 0.6093749999999999 0.28255208333333337 0.5927992334905658 0.2502505896226415 0.5859374999999998 0.25651041666666674 0.6025132665094338 0.2888119103773586
0 0.412109375 0.4440104166666667 0.38676004358630484 0.2890978358051962 0.360082537866835 0.29685856474176925 0.38543186928053014 0.4517711456032397
0 0.2697747430371353 0.45241351679929276 0.25794978862732104 0.42948027188328924 0.21836921833554382 0.46576246131741833 0.23019417274535808 0.48869570623342184
0 0.3984375000000001 0.609375 0.3769531250000001 0.609375 0.3769531250000001 0.6380208333333334 0.3984375000000001 0.6380208333333334
0 0.4277343750000001 0.6289062500000001 0.4169921875 0.6145833333333334 0.4101562499999999 0.6236979166666667 0.4208984375 0.6380208333333336
0 0.5023062928082191 0.7614119577625572 0.5014635059931507 0.7310716324200913 0.46057630565068497 0.7330907534246575 0.4614190924657534 0.7634310787671234
0 0.7975176084844559 0.773828799654577 0.7958984374999998 0.765625 0.7773437499999998 0.7721354166666666 0.7789629209844559 0.7803392163212436
0 1.0006548713235297 0.6566176470588238 0.9843750000000002 0.6549479166666669 0.9837201286764706 0.6662990196078433 1.0000000000000002 0.6679687500000002
0 1 0.8671875000000002 0.9912109375 0.8671875000000002 0.9912109375 0.8867187500000002 1 0.8867187500000002