0 0.5507112323113208 0.16972779088050322 0.4995909492924529 0.10724744496855353 0.46006780660377367 0.16473565251572336 0.5111880896226415 0.22721599842767304
0 0.6573218368902439 0.10791412601626017 0.6524390243902439 0.049320376016260145 0.6337890624999999 0.052083333333333336 0.6386718749999999 0.11067708333333336
0 0.6552734375 0.16145833333333345 0.640625 0.1419270833333334 0.6171875 0.1731770833333334 0.6318359375 0.19270833333333345
0 0.8478873272146255 0.10247597106619105 0.8469583735879904 0.05169317281014666 0.7808296484839476 0.05384370045580659 0.7817586021105827 0.10462649871185098
0 0.7601677389705882 0.28691789215686275 0.7432789522058825 0.24938725490196081 0.7070886948529411 0.27833946078431376 0.723977481617647 0.3158700980392157
0 0.7151821627475248 0.42899133663366346 0.6802966429455446 0.3909344059405942 0.662109375 0.4205729166666669 0.6969948948019802 0.4586298473597362
0 0.6271784855769231 0.4359975961538462 0.6238731971153847 0.4293870192307692 0.61328125 0.4388020833333334 0.6165865384615385 0.44541266025641046
0 0.49238281249999993 0.47447916666666673 0.4806640625 0.4692708333333334 0.478515625 0.4778645833333333 0.4902343749999999 0.4830729166666667
0 0.30084210404302675 0.5107064478239367 0.2530861693249259 0.4748894967853611 0.24187163853857568 0.5014720882789319 0.2896275732566766 0.5372890393175075
0 0.20140035377358495 0.48226709905660375 0.201171875 0.4752604166666667 0.1640477594339623 0.4774125393081761 0.1642762382075472 0.4844192216981132
0 0.049924879807692335 0.7021033653846156 0.04589843750000004 0.6927083333333335 0.02875600961538467 0.7057692307692309 0.03278245192307696 0.7151642628205129
0 0.24414062500000008 0.7513020833333335 0.24038461538461542 0.7262620192307693 0.2294921875 0.7291666666666666 0.23324819711538466 0.754206730769231
0 0.37968750000000007 0.82890625 0.3509765625 0.75234375 0.3025390625 0.7846354166666667 0.33125000000000004 0.8611979166666667
0 0.306640625 0.9934895833333334 0.3037823932926829 0.9591908028455284 0.2866330030487805 0.9617314532520324 0.2894912347560975 0.9960302337398373
0 0.5526713008073496 0.7048533778767632 0.5323135613864143 0.6484780994803266 0.4469285043151447 0.7032931978470676 0.46728624373608013 0.7596684762435042
0 0.484375 0.7786458333333334 0.462890625 0.7786458333333334 0.462890625 0.7955729166666666 0.484375 0.7955729166666666
0 0.5429687500000001 0.9986979166666667 0.542076145361991 0.9737049868024135 0.5215683328619909 0.9750070701357468 0.5224609375 1.0000000000000002
0 0.8072265624999998 0.9338541666666667 0.7908203125 0.9265625 0.778515625 0.97578125 0.7949218749999998 0.9830729166666666
0 0.8953072212837837 0.8944890202702702 0.877781883445946 0.8623592342342344 0.8493876689189189 0.8898930180180181 0.8669130067567566 0.9220228040540539
0 0.8398437499999998 0.7591145833333336 0.7868190456081081 0.7086148648648651 0.7492081925675675 0.7788217905405408 0.8022328969594593 0.8293215090090093
0 1 0.6497395833333333 0.9970703125 0.5833333333333333 0.9855064655172413 0.5842403017241379 0.9884361530172413 0.6506465517241379