0 0.1675756937240664 0.2601033022130014 0.14288203449170123 0.20323305670816044 0.12016986514522818 0.22076525760719226 0.14486352437759334 0.27763550311203317
0 0.3769531249999999 0.08463541666666675 0.3662109374999999 0.05468750000000006 0.3485186298076922 0.06596955128205136 0.3592608173076922 0.09591746794871805
0 0.600766321656051 0.03753649150743114 0.5849609375 0.026041666666666727 0.5696967058121019 0.06335423301486204 0.5855020899681529 0.07484905785562646
0 0.2814526827830189 0.2034198113207548 0.258652712264151 0.20209807389937112 0.2564969044811321 0.2682095125786164 0.279296875 0.26953125000000006
0 0.21751782718120807 0.2571396112975392 0.19512243078859065 0.25187010626398215 0.19140625000000006 0.2799479166666667 0.21380164639261748 0.2852174217002237
0 0.4396033653846154 0.17738381410256415 0.414813701923077 0.17077323717948725 0.40880408653846156 0.21083733974358979 0.43359375 0.21744791666666669
0 0.48828125 0.1848958333333334 0.447265625 0.1848958333333334 0.447265625 0.2851562500000001 0.48828125 0.2851562500000001
0 0.5712890625 0.1666666666666667 0.5495042067307693 0.16085737179487186 0.5437950721153846 0.1989182692307693 0.5655799278846153 0.20472756410256418
0 0.33398437499999994 0.2903645833333333 0.33161368534482755 0.23662895114942525 0.2870757004310344 0.24012212643678157 0.2894463900862069 0.29385775862068964
0 0.333984375 0.40755208333333326 0.3115234375 0.3854166666666667 0.2924458473410758 0.41983114303178487 0.31490678484107576 0.4419665596984515
0 0.35485983455882353 0.4118566176470589 0.30556066176470587 0.30856311274509807 0.2859719669117647 0.3251838235294118 0.33527113970588235 0.4284773284313726
0 0.44436233108108103 0.4229659346846846 0.38669235641891897 0.3153153153153153 0.32516891891891897 0.3739090653153153 0.38283889358108103 0.4815596846846846
0 0.259765625 0.4986979166666667 0.2392578125 0.4296875 0.17093750000000002 0.46578125000000004 0.19144531250000002 0.5347916666666667
0 0.1783397553733032 0.4843985671191554 0.17770344315610861 0.4665818250377074 0.1343679298642534 0.4693332861990951 0.13500424208144796 0.48715002828054305
0 0.13359104202772967 0.49201373844598495 0.11035156250000004 0.4583333333333333 0.08602212413344892 0.4881774443963027 0.10926160366117854 0.5218578495089543
0 0.11816406250000004 0.3463541666666667 0.0807410735043398 0.32189469673486265 0.05632701100433977 0.38830094673486265 0.09375 0.41276041666666674
0 0.04218750000000001 0.42890625 0.019335937500000032 0.41875 0.013085937500000033 0.44375 0.03593750000000001 0.45390625
0 0.19521358637339062 0.6059705829756796 0.14192764216738205 0.5618718705293279 0.08834831008583702 0.6769682135193134 0.14163425429184556 0.7210669259656654
0 0.06542968750000004 0.6614583333333335 0.022460937500000045 0.6041666666666667 -0.013671874999999955 0.6523437500000001 0.029296875000000045 0.7096354166666667
0 0.055399816176470676 0.8980698529411766 0.006181066176470651 0.8834865196078432 0.0015625000000000667 0.9111979166666667 0.05078125000000009 0.9257812500000001
0 0.10250538793103454 0.6606950431034483 0.09449084051724144 0.656115301724138 0.08964170258620693 0.6712015086206897 0.09765625000000004 0.67578125
0 0.21650188413520097 0.7813943234876166 0.210496203182095 0.7530038317092974 0.1593747621041413 0.7722289890377587 0.16538044305724725 0.8006194808160779
0 0.2744140625000001 0.7057291666666667 0.21903464247356258 0.7043866352720866 0.21805807997356258 0.7760012186054197 0.2734375000000001 0.77734375
0 0.27343750000000006 0.6575520833333334 0.24121189257334968 0.5730987673186635 0.19850435513447437 0.6020699623064386 0.2307299625611247 0.6865232783211084
0 0.31696051520270274 0.630982545045045 0.3027079814189189 0.6043778153153152 0.26668074324324326 0.6386894707207206 0.2809332770270271 0.6652942004504504
0 0.2988281250000001 0.6223958333333334 0.2753906250000001 0.6223958333333334 0.2753906250000001 0.6575520833333334 0.2988281250000001 0.6575520833333334
0 0.35948949353448273 0.6828214798850574 0.3567012392241379 0.6382094109195402 0.3318089978448276 0.6409752155172413 0.3345972521551724 0.6855872844827586
0 0.4691750426028781 0.6246571388748634 0.4685774188967432 0.5537391257468653 0.3316126175523858 0.5557910328831104 0.3322102412585206 0.6267090460111084
0 0.2636718750000001 0.8880208333333334 0.23437500000000008 0.8880208333333334 0.23437500000000008 0.9622395833333334 0.2636718750000001 0.9622395833333334
0 0.23828125000000006 0.9986979166666667 0.2353515625 0.9843750000000001 0.2163461538461538 0.9912860576923078 0.21927584134615383 1.0056089743589745
0 0.28320312500000006 0.9986979166666667 0.28249611142533937 0.978901536576169 0.2616171167986425 0.9802271870286577 0.26232413037330315 1.0000235671191555
0 0.34765625 0.9986979166666666 0.34689002403846153 0.9803084935897436 0.31195012019230767 0.9828966346153846 0.31271634615384614 1.0012860576923077
0 0.5338702815594059 0.9155837458745875 0.513159421410891 0.8818327145214522 0.4801883508663366 0.9178011551155115 0.5008992110148515 0.9515521864686468
0 0.55 0.9783854166666667 0.5291015625 0.92265625 0.5064453125 0.9377604166666667 0.52734375 0.9934895833333334
0 0.6201434039429531 0.9476807186800897 0.5582725985738255 0.889934633668904 0.5359755138422819 0.9324052712527966 0.5978463192114094 0.9901513562639823
0 0.6496762524319066 0.8766871352140079 0.6151811770428015 0.8361046935797665 0.5826924246108949 0.8851988083657587 0.6171875000000001 0.9257812500000001
0 0.6935658217042757 0.824048644101346 0.6689453125000002 0.8229166666666667 0.6667857407957246 0.9064201058986542 0.6914062500000002 0.9075520833333335
0 0.8032421875000001 0.8992708333333336 0.7337860576923078 0.8549799679487182 0.6902884615384616 0.9762459935897437 0.7597445913461539 1.020536858974359
0 0.7441406250000001 0.7981770833333335 0.7236328125000002 0.7708333333333336 0.7080078125000001 0.7916666666666671 0.728515625 0.8190104166666669
0 0.8668986699729487 0.9813798561015931 0.8621012736699731 0.8811675777727683 0.7982407785730389 0.8866025135256989 0.8030381748760146 0.9868147918545236
0 0.8711371839131996 0.924234442252511 0.8076171875000002 0.8854166666666669 0.7790278649569585 0.9685856049736972 0.842547861370158 1.0074033805595413
0 0.9417701198630137 0.9257027682648405 0.8642578125 0.9218750000000002 0.8621762628424658 0.9968107876712329 0.9396885702054796 1.000638555936073
0 1.0149362260559922 0.8668012238048461 0.9174334632858547 0.8372549320563197 0.9020271825884087 0.9276384454813363 0.9995299453585463 0.9571847372298627
0 0.9171942349137933 0.7649964080459771 0.8594423491379309 0.7319953304597703 0.8464102909482758 0.7725395114942529 0.9041621767241381 0.8055405890804599
0 0.8876851926813474 0.6616674762521593 0.854896980246114 0.6361655332469778 0.830493037564767 0.6919459736614856 0.8632812500000003 0.7174479166666671
0 0.8404952951012993 0.6222476221775443 0.7587890625000002 0.6015625000000002 0.7491200969494279 0.6694601247551297 0.830826329550727 0.6901452469326738
0 0.7539062499999998 0.58203125 0.7022567438770795 0.5575949245224893 0.6945724064232902 0.5864694046518792 0.7462219125462106 0.6109057301293901
0 0.8031360554245282 0.552265133647799 0.7511313384433962 0.5392639544025158 0.7463222287735849 0.573462067610063 0.798326945754717 0.5864632468553459
0 0.7924172794117645 0.5020067401960785 0.766360294117647 0.44741115196078435 0.701907169117647 0.5020986519607844 0.7279641544117645 0.5566942401960785
0 0.8828125 0.4140625000000001 0.83984375 0.4140625000000001 0.83984375 0.5169270833333335 0.8828125 0.5169270833333335
0 1.012025827726629 0.43332448064211543 0.958148902266289 0.40746355642115223 0.9307110924220963 0.5090850743626064 0.9845880178824362 0.5349459985835697
0 0.8580782530737705 0.3885331284153005 0.8556608606557378 0.3530780396174863 0.7982517930327868 0.36003671448087426 0.8006691854508198 0.3954918032786885
0 1 0.16015625000000017 0.935546875 0.16015625000000017 0.935546875 0.25390625000000017 1 0.25390625000000017
0 0.7970828417348812 0.22540006543044885 0.7037498303332775 0.19387424824590718 0.6849595671149347 0.2927703704477114 0.7782925785165384 0.3242961876322531
0 0.62578125 0.47838541666666673 0.5940234375000001 0.42192708333333334 0.5730859375 0.44286458333333345 0.60484375 0.4993229166666668
0 0.678568025914634 0.23869410569105703 0.6614186356707317 0.23615345528455295 0.6585127667682927 0.2710238821138213 0.6756621570121951 0.2735645325203253
0 0.48066086065573776 0.32443220628415315 0.45385502049180326 0.3104465505464482 0.42987961065573765 0.3921405396174864 0.45668545081967216 0.40612619535519134