0 0.8635315602436823 0.1258085138387486 0.8203125 0.11328125000000015 0.8167164936823106 0.13533675541516263 0.8599355539259929 0.1478640192539111
0 0.71875 0.12369791666666678 0.6934510379061372 0.11636488417569207 0.6902252087093863 0.13614996991576425 0.715524170803249 0.14348300240673897
0 0.24519230769230765 0.007011217948718004 0.22490985576923075 -0.011017628205128164 0.21875 0.001302083333333363 0.23903245192307693 0.01933092948717953
0 0.197265625 0.25911458333333337 0.159140625 0.22098958333333338 0.12984375 0.2730729166666667 0.16796875 0.3111979166666667
0 0.031587740384615384 0.4462411858974359 0.030538461538461542 0.3664959935897436 -0.0009759615384615332 0.3672331730769231 0.00007331730769230687 0.4469783653846154
0 0.16799256859756098 0.728150406504065 0.16699218749999997 0.7161458333333333 0.158203125 0.7174479166666665 0.159203506097561 0.7294524898373983
0 0.08785377358490566 0.20295302672955975 0.07315005896226415 0.13433569182389934 0.021558077830188666 0.15398977987421383 0.03626179245283019 0.22260711477987422
0 0.4153219288793103 0.5475574712643679 0.4012459590517241 0.5253771551724138 0.38881330818965515 0.539403735632184 0.4028892780172414 0.5615840517241381
0 0.7499999999999998 0.2981770833333334 0.7314453124999999 0.2916666666666668 0.7282575696243523 0.30781789723661496 0.7468122571243522 0.31432831390328164
0 0.7832031250000001 0.6263020833333336 0.7730137087264152 0.6224204009433963 0.7688863502358492 0.6416814072327046 0.7790757665094341 0.6455630896226416
0 0.8310546875 0.75 0.8130078124999999 0.7465625 0.8076953124999999 0.7961458333333334 0.8257421875000001 0.7995833333333334
0 0.541015625 0.9986979166666667 0.5360406839622642 0.9867580581761007 0.5234375000000001 0.9960937500000001 0.5284124410377358 1.0080336084905661