0 0.5621605083154507 0.10408842989985695 0.5577806464592275 0.07956120350500712 0.5186133650751074 0.09199526108726751 0.5229932269313304 0.11652248748211734
0 0.49609375 0.3151041666666668 0.4208984375 0.3151041666666668 0.4208984375 0.3932291666666668 0.49609375 0.3932291666666668
0 0.13749999999999998 0.23098958333333333 0.1258984375 0.21036458333333335 0.10714843749999999 0.22911458333333334 0.11874999999999998 0.24973958333333332
0 0.09179687500000004 0.4023437500000001 0.0751953125 0.3802083333333333 0.05078125 0.4127604166666667 0.06738281250000004 0.4348958333333334
0 0.1367871715764331 0.5885914278131634 0.12932299960191085 0.5547538481953291 0.099609375 0.56640625 0.10707354697452227 0.6002438296178343
0 0.013124047256097554 0.7499364837398375 0.010194359756097542 0.7147802337398373 0.0009765624999999778 0.7161458333333333 0.0039062499999999887 0.7513020833333334
0 0.5644531249999999 0.6940104166666666 0.5557391826923077 0.676582532051282 0.5361328125 0.6940104166666665 0.5448467548076923 0.7114383012820512
0 0.5922815250061975 0.7664693852255826 0.5380859375 0.71875 0.5208012169992563 0.7536486737729302 0.5749968045054538 0.8013680589985128
0 0.708075511806759 0.732208622183709 0.6763888512781627 0.6862859257654537 0.6624258692590986 0.7034138503755056 0.6941125297876949 0.749336546793761
0 0.9415316936494078 0.3582279171727908 0.8955985589697845 0.28892529291932395 0.807087239978743 0.3932176997924891 0.8530203746583662 0.462520324045956
0 1 0.3502604166666667 0.9970703125 0.3072916666666667 0.9877369364754098 0.3084229849726776 0.9906666239754098 0.3513917349726776
0 0.8046875 0.2539062500000001 0.782568862757732 0.24256335910652932 0.7695312499999999 0.2877604166666668 0.7916498872422679 0.2991033075601376
0 0.7331092060108153 0.2734656648641155 0.7054989730657237 0.26579615571270115 0.6925323029326123 0.3487828445646146 0.7201425358777038 0.35645235371602896