0 0.923828125 0.7447916666666669 0.91796875 0.7447916666666669 0.91796875 0.7643229166666669 0.923828125 0.7643229166666669
0 0.92578125 0.6523437500000001 0.9159375000000001 0.6504687500000002 0.9139843750000001 0.6686979166666667 0.923828125 0.6705729166666667
0 0.9724713387573966 0.4371687006903355 0.9541015625 0.4270833333333334 0.9503802237426034 0.43913338264299817 0.96875 0.4492187500000001
0 0.3678125 0.77796875 0.36621093749999994 0.7630208333333334 0.343515625 0.7673437500000001 0.3451171875 0.7822916666666667
0 0.3919921875 0.6018229166666667 0.3568359375 0.5783854166666668 0.3498046875 0.5971354166666668 0.3849609375 0.6205729166666667
0 0.9636454814189189 0.04874718468468483 0.9410789695945947 0.043996340090090236 0.9370249155405407 0.07823057432432447 0.9595914273648649 0.08298141891891905
0 0.42242040094339633 0.2293681210691825 0.39546727594339626 0.22780562106918248 0.39378685141509434 0.279338639937107 0.4207399764150944 0.280901139937107
0 0.41015625 0.7317708333333334 0.3828125000000001 0.7317708333333334 0.3828125000000001 0.77734375 0.41015625 0.77734375
0 0.6239730703796563 0.39194573782234976 0.5839424023997135 0.3617776981852915 0.5673912070200574 0.4008215436962752 0.6074218750000002 0.43098958333333354
0 0.228515625 0.06640625000000003 0.1845703125 0.04166666666666669 0.16657553174769488 0.09849229009499863 0.2105208442476949 0.12323187342833196
0 0.3798227163461539 0.33189102564102574 0.3105769230769231 0.3067107371794872 0.29989483173076925 0.35893429487179496 0.36914062500000006 0.3841145833333334
0 0.5179342830882354 0.21060049019607843 0.5130859375000001 0.12656249999999997 0.42660845588235297 0.13543198529411762 0.4314568014705883 0.21946997549019612
0 0.26953125 0.9335937499999999 0.23326322115384618 0.731630608974359 0.17571309216697933 0.7500034201063165 0.2119811210131332 0.9519665611319573
0 0.17382812500000008 0.9401041666666666 0.15625000000000008 0.9401041666666666 0.15625000000000008 0.98046875 0.17382812500000008 0.98046875