0 0.7106153350515465 0.48991892182130603 0.5717521746134021 0.41870704467353964 0.5461299935567011 0.5075306056701032 0.6849931539948455 0.5787424828178696
0 0.6808307926829269 0.5253429878048781 0.6406250000000002 0.4583333333333333 0.5992997332317074 0.5024136178861789 0.6395055259146342 0.5694232723577237
0 0.3741727102565479 0.2781208628524403 0.2819724633694719 0.09599691838414198 0.21250192880528126 0.15852039949191354 0.3047021756923573 0.34064434396021187
0 0.3745492788461539 0.2790464743589744 0.3099459134615385 0.14983974358974356 0.23963341346153846 0.21233974358974358 0.30423677884615385 0.34154647435897445
0 0.298828125 0.4205729166666667 0.2587890625 0.3984375 0.24281111199238578 0.44981757614213197 0.2828501744923858 0.47195299280879865
0 1 0.7721354166666669 0.9874889445754718 0.7673693003144657 0.983582694575472 0.7855984669811323 0.9960937500000002 0.7903645833333336
0 0.541199067679558 0.9981367978821364 0.5402872496546962 0.9750374079189689 0.5114813535911603 0.9770588743093924 0.5123931716160222 1.00015826427256
0 0.4419921875 0.9242187500000002 0.4099609375 0.9028645833333334 0.4029296875 0.9216145833333333 0.4349609375 0.94296875
0 0.996319110576923 0.41165865384615397 0.9763221153846153 0.4043870192307693 0.970147235576923 0.4345753205128206 0.9901442307692306 0.44184695512820527
0 0.053206319702602256 0.9041298791821561 0.0326767251394053 0.8830738847583643 0.010930965381040991 0.9207665350061959 0.03146055994423795 0.9418225294299877
0 0.668196852189781 0.7582782086374695 0.6506329835766423 0.7080957268856448 0.6206945711678833 0.7267240723844282 0.6382584397810218 0.776906554136253
0 0.43359375 0.6536458333333334 0.3710937500000001 0.6536458333333334 0.3710937500000001 0.7044270833333334 0.43359375 0.7044270833333334
0 0.9511718750000002 0.9752604166666669 0.9362102004716982 0.9695607311320757 0.9316406250000002 0.9908854166666669 0.9466022995283021 0.9965851022012582