0 0.6015624999999999 0.12109374999999997 0.5986328125 0.0963541666666667 0.5731577280405405 0.10171734234234234 0.5760874155405405 0.12645692567567562
0 0.13006515819502076 0.5586585840248962 0.11754003501037344 0.5298128457814661 0.09374999999999997 0.5481770833333334 0.1062751231846473 0.5770228215767635
0 0.01189108455882355 0.43581495098039214 0.0009765625000000221 0.4270833333333333 -0.0066061580882352585 0.44393382352941174 0.004308363970588269 0.4526654411764705
0 0.18554687500000008 0.6236979166666666 0.16308593750000006 0.6171875 0.1570749661552347 0.6540547909145609 0.17953590365523472 0.6605652075812275
0 0.3457031250000001 0.6601562500000002 0.3269805217760181 0.6483314479638012 0.31445312500000006 0.6835937500000001 0.333175728223982 0.6954185520361993
0 0.5892926206683168 0.7009849422442245 0.5294129022277227 0.6356616130363036 0.46562693378712866 0.7396091171617162 0.5255066522277227 0.804932446369637
0 0.7893078276944894 0.6038226803079418 0.7729484273703402 0.5779202964613723 0.7280502937601295 0.6283322359535386 0.7444096940842787 0.6542346198001082
0 0.7978675717213115 0.7307035519125684 0.7239497950819671 0.7075136612021858 0.7052638319672131 0.8134007855191258 0.7791816086065575 0.8365906762295083
0 0.4396705554222648 0.8029655510236726 0.40624812559980805 0.7219414787268075 0.37835705074376197 0.7423949336212413 0.41177948056621877 0.8234190059181064
0 0.3122624577702703 0.7871621621621621 0.29785156249999994 0.7734375 0.2835990287162161 0.8000422297297298 0.2980099239864865 0.8137668918918919
0 0.2115638718807764 0.9279257162661738 0.15325532867375233 0.9003388786198399 0.14430019639556382 0.9339884665742452 0.20260873960258788 0.9615753042205791
0 0.22728485968004342 0.8756581028561098 0.21400276233731025 0.8420101229211858 0.1676764167570499 0.8745198391178597 0.18095851409978309 0.9081678190527838
0 0.220703125 0.8502604166666666 0.21470827312138727 0.7983050337186898 0.1819793171965318 0.8050186657032756 0.1879741690751445 0.8569740486512525
0 0.0625 0.8763020833333334 0.05812104244840525 0.8091580675422138 0.03169888895403377 0.8122215056285178 0.03607784650562852 0.8793655214196374
0 0.1055078125000001 0.9066145833333333 0.07253906250000006 0.8736458333333333 0.03832031250000005 0.9344791666666666 0.07128906250000008 0.9674479166666666
0 0.169921875 0.9986979166666667 0.1694231120483528 0.9341912415869642 0.0620931854410202 0.9356665670386114 0.06259194839266738 1.000173242118314
0 0.05897853023690771 0.9985420563175395 0.058323429706982545 0.9810727088528678 0.017117849906483792 0.9838197475062345 0.01777295043640897 1.0012890949709061
0 0.42968750000000017 0.9283854166666669 0.40060349367977544 0.9190250468164796 0.3959028265449439 0.94499063670412 0.42498683286516864 0.9543510065543074
0 0.71875 0.9986979166666666 0.7181101831896551 0.9841954022988505 0.7010506465517241 0.9855334051724137 0.701690463362069 1.00003591954023