0 0.2236328125 3.700743415417188e-17 0.16024727799773755 -0.0017981711915535177 0.15927071549773755 0.059399745475113154 0.22265625 0.061197916666666706
0 0.20461718750000002 0.3514375 0.19334375 0.34103125 0.170703125 0.3846354166666667 0.1819765625 0.3950416666666667
0 0.2955818965517241 0.3582165948275862 0.2932650862068965 0.32114762931034485 0.26174568965517236 0.32464978448275866 0.2640625 0.36171875000000003
0 0.5239351114649681 0.21519207802547777 0.47060360270700635 0.08482616772823783 0.3693396695859872 0.1584726645435244 0.422671178343949 0.28883857484076436
0 0.47638984806629825 0.4861446823204421 0.4680378107734806 0.47377129373849 0.44327304903314924 0.5034890078268878 0.45162508632596676 0.5158623964088399
0 0.6000742561900958 0.46497271033013843 0.5709021815095846 0.4634168663471778 0.5700535393370607 0.4917049387646433 0.5992256140175719 0.4932607827476039
0 0.6715382543103448 0.3191900143678162 0.6470231681034483 0.30518139367816105 0.6332839439655172 0.34792564655172425 0.6577990301724137 0.3619342672413794
0 0.5068661404639174 0.6514577963917526 0.46956548002577314 0.6323292525773195 0.4616120328608247 0.6599012027491409 0.498912693298969 0.6790297465635738
0 0.5849379595588236 0.7061274509803923 0.5292279411764707 0.7004136029411766 0.5247357536764706 0.77827818627451 0.5804457720588235 0.7839920343137255
0 0.7804296875 0.8308854166666667 0.7601171874999999 0.8105729166666668 0.72578125 0.8716145833333334 0.74609375 0.8919270833333335
0 0.818359375 0.7578125000000002 0.791015625 0.7578125000000002 0.791015625 0.8138020833333336 0.818359375 0.8138020833333336
0 0.8486328125 0.8489583333333336 0.8330078125 0.8281250000000002 0.810546875 0.8580729166666667 0.826171875 0.8789062500000001
0 0.9562801346636753 0.8446423548218893 0.8916015625 0.7265625000000001 0.8400227248168122 0.7767890835117186 0.9047012969804875 0.8948689383336077
0 0.31506911057692316 0.7603565705128206 0.2998046875000001 0.7578125000000001 0.29723557692307706 0.7852163461538463 0.3125000000000001 0.7877604166666666
0 0.22871259035613542 0.8064615655853317 0.1880440651445699 0.7962028385049368 0.1835510512165022 0.8278678890456044 0.22421957642806775 0.8381266161259993
0 0.01960637019230773 0.8992387820512822 0.013206129807692358 0.867948717948718 -0.0024939903846153523 0.8736578525641027 0.0039062500000000226 0.9049479166666667