0 0.779296875 0.1184895833333334 0.7598462586009174 0.10452503822629981 0.7429759174311925 0.14629921636085635 0.7624265338302753 0.16026376146788995
0 0.7082004217128028 0.1334567834486737 0.6817757893598616 0.12273374423298741 0.6639645058391003 0.20076412918108427 0.6903891381920415 0.21148716839677056
0 0.9775390625 0.19010416666666685 0.962139423076923 0.18599759615384628 0.955303485576923 0.23157051282051294 0.970703125 0.2356770833333335
0 0.825708762886598 0.39266537800687307 0.8020598421391754 0.37865120274914105 0.7913478576030929 0.4107871563573885 0.8149967783505156 0.42480133161512046
0 0.5388258981591448 0.39449722882026916 0.4833984375 0.3255208333333334 0.44511069254750596 0.3802176118368964 0.5005381532066508 0.4491940073238322
0 0.06738281250000003 0.18750000000000003 0.048828125 0.16276041666666666 0.02343749999999999 0.19661458333333337 0.041992187500000014 0.2213541666666667
0 0.06421003218884123 0.334434236409156 0.035252648873390593 0.32524141630901293 0.02904959093347643 0.3599785407725323 0.058006974248927076 0.3691713608726753
0 0.15039062500000008 0.890625 0.11132812500000008 0.890625 0.11132812500000008 0.9283854166666666 0.15039062500000008 0.9283854166666666
0 0.5624549278846154 0.6176682692307691 0.5546724759615385 0.6043269230769232 0.5280348557692307 0.6319511217948718 0.5358173076923076 0.6452924679487179
0 0.5147656250000001 0.5223437500000002 0.4931640625000001 0.5182291666666667 0.49105468750000003 0.5379166666666667 0.5126562500000001 0.5420312500000002
0 0.658027263813097 0.5762615819690766 0.6232160747783084 0.5362487210095497 0.6120249083390178 0.5535577251023192 0.6468360973738063 0.5935705860618461
0 0.008103850138121548 0.526912120165746 0.007132683011049726 0.5023092196132597 0.0009819578729281769 0.5027408494475138 0.001953125 0.5273437500000001