0 0.8222656250000002 0.1575520833333333 0.753229205601239 0.11077330734728742 0.7288138916328493 0.17483069023209444 0.7978503110316105 0.2216094662181403
0 0.42010240709459457 0.0013682432432433056 0.3759765625 6.106226635438361e-17 0.3751541385135135 0.04715230855855863 0.4192799831081081 0.04852055180180186
0 0.5730078124999999 0.286875 0.5679687499999999 0.23984374999999997 0.5026171875 0.25229166666666664 0.5076562499999999 0.2993229166666667
0 0.57328125 0.2868229166666667 0.5682421874999999 0.23979166666666665 0.5048046875 0.25187499999999996 0.5098437499999999 0.29890625000000004
0 0.7431640625 0.08854166666666678 0.7158203125 0.052083333333333454 0.701171875 0.07161458333333345 0.728515625 0.10807291666666678
0 0.03582122446498056 0.21210278858625164 0.012695312500000033 0.18489583333333337 -0.001212153453307363 0.20591155966277566 0.021913758511673164 0.23311851491569394
0 0.845703125 0.1549479166666668 0.8271484375 0.1406250000000001 0.8192143737033195 0.158897389349931 0.8377690612033195 0.17322030601659766
0 0.4907663760603205 0.8084489377159915 0.4455278775918944 0.6214631440464973 0.39148651036757776 0.644706742852655 0.4367250088360038 0.8316925365221491
0 0.48828125 0.8085937500000001 0.4456952402228763 0.621215306980656 0.3914331896551725 0.6431393678160919 0.43401919943229617 0.8305178108354361
0 0.5748046875 0.6552083333333333 0.5732421874999999 0.6406249999999999 0.5524609374999999 0.6445833333333332 0.5540234374999999 0.6591666666666666
0 0.5928667396496815 0.49130838641188956 0.5600243829617835 0.4674230360934183 0.5531573447452229 0.4842091295116774 0.5859997014331209 0.5080944798301487
0 0.7173978365384615 0.6717748397435899 0.6899789663461539 0.6644631410256412 0.6854717548076923 0.6945112179487182 0.7128906249999998 0.7018229166666667
0 0.19921875000000003 0.5143229166666667 0.18559616522082026 0.49120580310199796 0.15626848383280761 0.5219300407465827 0.16989106861198738 0.5450471543112514
0 0.8086989182692307 0.2823717948717952 0.7744891826923075 0.2468950320512823 0.7576622596153845 0.27574118589743607 0.7918719951923076 0.31121794871794894
0 0.1178986474328216 0.5821217210492643 0.03246348668426111 0.47680542226487527 0.01155942598368529 0.5069527751119642 0.09699458673224577 0.6122690738963533
0 0.0625 0.96484375 0.049688216743119316 0.9556455466360857 0.043165854357798225 0.9717961582568807 0.05597763761467891 0.980994361620795
0 0.3953144337871288 0.8267971328382839 0.3794573793316832 0.8246828589108912 0.3767210705445545 0.8611669760726073 0.3925781250000001 0.8632812500000001
0 0.9900390625000002 0.89375 0.9833984375 0.8671874999999998 0.9599609375 0.8776041666666664 0.9666015625 0.9041666666666667
0 0.2529296875000001 0.9635416666666669 0.244140625 0.9518229166666666 0.2294921875 0.9713541666666666 0.23828125000000008 0.9830729166666669