0 0.8019753886010363 0.044210114421416334 0.7867450615284974 0.009397938255613228 0.7526210330310881 0.035938849309153774 0.767851360103627 0.07075102547495687
0 1.001212510486577 0.14110563478747196 0.990463768875839 0.13107347595078309 0.9713323196308725 0.1675143316554812 0.9820810612416105 0.17754649049217008
0 0.9322389812138729 0.22007466281310226 0.8126241871387284 0.195538294797688 0.799460350433526 0.309624879576108 0.9190751445086706 0.3341612475915223
0 0.704415203010949 0.07276459854014614 0.6901944571167884 0.06391613442822397 0.6722813070255474 0.11509656326034072 0.686502052919708 0.12394502737226289
0 0.5742187499999999 0.11328125000000003 0.5400390625 0.08593750000000003 0.528664981617647 0.11121323529411772 0.562844669117647 0.13855698529411772
0 0.42868603930594906 0.06891820113314458 0.39059180240793195 0.04501593484419265 0.3720896777620396 0.09743862134088763 0.41018391466005666 0.12134088762983956
0 0.3662109375 0.14843750000000006 0.3298640839041096 0.12640910388127857 0.3151487585616438 0.16957405821917815 0.3514956121575342 0.19160245433789963
0 0.1853515625 0.03333333333333336 0.1650390625 0.03125000000000003 0.16328125 0.06171875000000003 0.18359375 0.06380208333333337
0 0.1682391826923077 0.3531450320512821 0.12402343750000004 0.30729166666666674 0.10898437500000002 0.3330729166666668 0.15320012019230772 0.3789262820512821
0 0.0761337652439024 0.5080094004065041 0.00883669969512193 0.4499491869918699 -0.013119283536585402 0.49519181910569104 0.05417778201219507 0.5532520325203252
0 0.06292873475609755 0.49082190040650403 0.061523437499999986 0.47395833333333326 0.046517721036585365 0.4761814024390244 0.047923018292682924 0.4930449695121951
0 0.17687800480769228 0.6656450320512821 0.1691256009615385 0.6475560897435899 0.14314903846153854 0.6673477564102566 0.1509014423076923 0.6854366987179488
0 0.37695312499999994 0.44921874999999994 0.37402343749999994 0.42447916666666663 0.3570734797297297 0.42804757882882877 0.3600031672297297 0.4527871621621621
0 0.4675250632225433 0.392777577071291 0.425984465317919 0.3172492172447015 0.40329208815028894 0.339437319364162 0.4448326860549132 0.41496567919075156
0 0.6953125 0.45963541666666663 0.6830377509124087 0.4245647049878345 0.6696723882299269 0.4328809306569343 0.6819471373175181 0.46795164233576636
0 0.98046875 0.3815104166666668 0.9619140625 0.3567708333333334 0.9482421875 0.37500000000000017 0.966796875 0.39973958333333354
0 0.49868669181034486 0.5040858477011495 0.45132677801724136 0.4988236350574713 0.44678071120689655 0.5715607040229885 0.494140625 0.5768229166666667
0 0.5898437499999999 0.6783854166666667 0.5611009032764811 0.626374551166966 0.5198608617594255 0.6668910831837224 0.5486037084829443 0.718901948683423
0 0.43313891267123283 0.7922196061643837 0.40809610445205474 0.7031785102739728 0.34623822773972596 0.7341074486301371 0.37128103595890416 0.823148544520548
0 0.20151717886740342 0.8050543853591161 0.15477166781767965 0.8017739986187847 0.15366561636740342 0.8297939686924496 0.2004111274171272 0.8330743554327811
0 0.1579733455882353 0.9349724264705883 0.14654181985294118 0.8740042892156862 0.11942784926470588 0.8830422794117647 0.13085937500000003 0.9440104166666667