0 0.09358335110921501 0.17519464590443684 0.08757732508532423 0.10712635096700797 0.05154116894197951 0.11277908134243458 0.057547194965870296 0.18084737627986344
0 0.498046875 0.3541666666666668 0.44921875 0.3541666666666668 0.44921875 0.4440104166666668 0.498046875 0.4440104166666668
0 0.38350323932926833 0.45229928861788615 0.3790253429878049 0.3985645325203252 0.34429782774390244 0.4037093495934959 0.34877572408536583 0.45744410569105687
0 0.34875000000000006 0.3530729166666668 0.3328906250000001 0.35005208333333343 0.3298437500000001 0.3784895833333335 0.34570312500000006 0.3815104166666668
0 0.25000000000000006 0.3893229166666668 0.2314453125 0.37760416666666674 0.2259968891402715 0.39294046945701366 0.24455157664027155 0.4046592194570137
0 0.220703125 0.5221354166666666 0.18847656250000003 0.4947916666666667 0.1696576286764706 0.5342218137254903 0.2018841911764706 0.5615655637254903
0 0.20355373475609762 0.7136051829268292 0.1850990853658537 0.7022484756097559 0.1715796493902439 0.74130462398374 0.1900342987804878 0.752661331300813
0 0.5795522836538463 0.4379006410256412 0.5732421875000001 0.3958333333333334 0.560096153846154 0.3993389423076924 0.5664062500000001 0.4414062500000001
0 0.822265625 0.09505208333333333 0.8125 0.06901041666666667 0.7761718750000001 0.09322916666666667 0.7859375000000001 0.11927083333333334
0 0.524273421653144 0.07110748394185264 0.44900085573022314 -0.005168716193373809 0.43914014959432046 0.01213076825557818 0.5144127155172413 0.08840696839080463
0 0.6804616661269429 0.18071297495682223 0.6542159164507771 0.17150393998272898 0.6495355003238341 0.1952180483592402 0.6757812499999999 0.20442708333333345
0 0.8976111778846153 0.13181089743589755 0.8698167067307692 0.12439903846153856 0.8652343749999998 0.15494791666666677 0.893028846153846 0.16235977564102574
0 0.9570312499999998 0.08723958333333343 0.941631610576923 0.08313301282051293 0.9394531249999998 0.09765625000000015 0.9548527644230766 0.10176282051282065
0 0.7923057626146789 0.4783901949541285 0.7779261037844036 0.41448060015290517 0.7523025372706422 0.42473002675840976 0.7666821961009174 0.4886396215596331
0 0.8405395117811499 0.5114733093716719 0.8395629492811499 0.47892122603833864 0.8103128744009584 0.48048123003194887 0.8112894369009584 0.5130333133652821
0 0.912109375 0.45442708333333354 0.8876953125000002 0.4505208333333336 0.8819560824132495 0.5142900565194534 0.9063701449132493 0.5181963065194534
0 0.9589655112369982 0.5063537023278851 0.9182850807949479 0.48930666480931156 0.90625 0.5403645833333334 0.9469304304420504 0.557411620851907
0 0.9296875000000002 0.6731770833333334 0.9173828125000002 0.6403645833333336 0.8873046875 0.6604166666666669 0.899609375 0.6932291666666667
0 0.9493014974433891 0.6808773511687363 0.9198462609569026 0.5663292092768446 0.8979752556610663 0.5763273831263697 0.9274304921475526 0.6908755250182614
0 1 0.6171875000000002 0.9326171875 0.6171875000000002 0.9326171875 0.7460937500000002 1 0.7460937500000002
0 0.8459339882769145 0.7380081159822419 0.8308758497502774 0.6631737305771366 0.7578634416620421 0.6892919903810582 0.7729215801886793 0.7641263757861635
0 0.7294921874999998 0.546875 0.6973812932748967 0.5116719455902574 0.6612484807748968 0.5702656955902573 0.6933593749999998 0.60546875
0 0.7675781250000002 0.6809895833333335 0.7220621861549499 0.6727885132711623 0.7198344467360116 0.6947688755380202 0.7653503855810618 0.7029699456001914
0 0.7186283903301887 0.6909689465408805 0.6987470518867923 0.6522258254716982 0.6679392688679243 0.6803311713836478 0.6878206073113207 0.7190742924528302
0 0.6396766618497112 0.6076664860308286 0.6201171875000002 0.5885416666666667 0.6091266257225435 0.6085245062620426 0.6286861000722545 0.6276493256262045
0 0.557703125 0.6601354166666666 0.5508749999999999 0.6100625000000001 0.5257812499999999 0.6161458333333333 0.5326093749999999 0.66621875
0 0.512406535671701 0.7074266361950186 0.47564338235294124 0.665670955882353 0.4512541608704293 0.7038453895071544 0.48801731418918914 0.7456010698198199
0 0.43249637564432997 0.8446896477663234 0.4033203125 0.8020833333333336 0.3752557184278351 0.8362489261168385 0.4044317815721651 0.8788552405498284
0 0.4169921875 0.8906250000000002 0.4091796875 0.8802083333333336 0.3769531250000001 0.9231770833333336 0.3847656250000001 0.9335937500000002
0 0.484375 0.9192708333333334 0.42578125 0.9192708333333334 0.42578125 0.9596354166666666 0.484375 0.9596354166666666
0 0.5078125000000001 0.9309895833333336 0.4970703125 0.921875 0.490234375 0.9361979166666666 0.5009765625000001 0.9453125000000001
0 0.2875428082191781 0.9986765125570776 0.28655019263698633 0.9629423515981734 0.253175834760274 0.9645904680365297 0.25416845034246577 1.0003246289954337
0 0.2734375000000001 0.9231770833333335 0.2702073317307693 0.9016426282051283 0.2578125 0.9049479166666667 0.2610426682692308 0.9264823717948719
0 0.6214622641509434 0.8407281839622642 0.5932709316037736 0.7730689858490566 0.5476673054245284 0.8068494496855346 0.5758586379716981 0.8745086477987422
0 0.743671358376194 0.8620375260225325 0.7301429899889788 0.7784076123561107 0.6713727268552535 0.7953088644991428 0.6849010952424688 0.8789387781655645
0 0.7040480522260275 0.8808861301369866 0.6763832405821918 0.8641195776255711 0.6637414383561644 0.9012021974885847 0.6914062500000002 0.9179687500000002
0 0.6611328125 0.8515625 0.6494140624999998 0.8463541666666666 0.6458984374999999 0.8604166666666667 0.6576171875 0.865625
0 0.828125 0.8997395833333334 0.8236536326142133 0.8162740587986462 0.7675781250000001 0.8216145833333333 0.7720494923857869 0.9050801078680203
0 0.8214077607044199 0.997798687845304 0.8193359375 0.9453125 0.7577261740331492 0.9496359921731123 0.7597979972375691 1.0021221800184164
0 0.7519531250000001 0.9986979166666667 0.7516361766014236 0.9763002298339265 0.6971891681494663 0.977669965895611 0.6975061165480427 1.0000676527283512
0 0.8982605764087019 0.8991433368996672 0.8712288806169758 0.8459380943889682 0.8108547499108416 0.9004695672848312 0.8378864457025678 0.9536748097955301
0 0.8564453125 0.8932291666666666 0.8500000000000002 0.8674479166666669 0.8271484375 0.8776041666666669 0.83359375 0.9033854166666667
0 0.9126818426724139 0.9062051005747127 0.8889210668103447 0.9035650143678161 0.886395474137931 0.9439744971264368 0.9101562500000002 0.9466145833333334
0 1.006352516968326 0.8428827300150831 0.8977446266968327 0.8253299396681751 0.8913921097285069 0.895207626319759 1.0000000000000002 0.9127604166666669
0 0.91875 0.8690104166666667 0.9130859375 0.8463541666666666 0.8931640625 0.8552083333333333 0.898828125 0.8778645833333333