0 0.97265625 0.027343750000000118 0.958984375 0.022135416666666727 0.955078125 0.040364583333333454 0.96875 0.045572916666666845
0 0.3587289663461538 0.1032451923076924 0.34695012019230764 0.08305288461538467 0.3203125 0.11067708333333333 0.33209134615384617 0.13086939102564105
0 0.5312499999999999 0.3554687500000001 0.524147294207317 0.3297637195121953 0.4818788109756097 0.3505271849593497 0.48898151676829266 0.37623221544715457
0 0.6389092714088398 0.3129963743093923 0.5962642437845304 0.31000374079189685 0.593782372237569 0.37287781998158387 0.6364273998618785 0.3758704534990792
0 0.33015625 0.5539583333333334 0.31023437499999995 0.5185416666666668 0.27414062499999997 0.5546354166666667 0.2940625 0.5900520833333334
0 0.21875 0.70703125 0.18992690284653466 0.6755878712871286 0.16382077660891087 0.7181311881188119 0.19264387376237618 0.7495745668316831
0 0.017578125000000066 0.7317708333333334 6.73914522772982e-17 0.7317708333333334 6.876678803805939e-17 0.76171875 0.01757812500000007 0.76171875
0 0.13867187499999997 0.9986979166666666 0.13769531249999997 0.9505208333333333 0.05968008667883212 0.9533321928223842 0.06065664917883212 1.0015092761557178
0 0.13867187500000006 0.9283854166666666 0.12792968750000014 0.9218750000000001 0.12304687500000008 0.9361979166666669 0.1337890625 0.9427083333333336
0 0.509765625 0.6184895833333334 0.4532575586642599 0.6103442764741275 0.4452617328519855 0.7089594614921781 0.5017697991877256 0.7171047683513839
0 0.62890625 0.66796875 0.6188401442307693 0.6478365384615384 0.5836838942307693 0.6790865384615384 0.59375 0.69921875
0 0.619140625 0.8203125 0.59375 0.8203125 0.59375 0.8971354166666666 0.619140625 0.8971354166666666
0 0.870703125 0.9742187500000001 0.865625 0.9268229166666665 0.841015625 0.9315104166666666 0.84609375 0.9789062500000001