0 0.07903504442250739 0.05720683201711092 0.016840641966929915 -0.02211356531753866 -0.038026167633267514 0.05436744200394864 0.02416823482230997 0.13368783933859824
0 0.29409466911764703 0.027328431372549034 0.2857306985294117 0.01776960784313723 0.2666360294117646 0.0474724264705882 0.275 0.05703125
0 0.5760244693396227 0.011104559748427759 0.542747641509434 -0.0015723270440251014 0.5370356721698113 0.025083529874213896 0.5703125 0.037760416666666755
0 0.9150390625 0.026041666666666786 0.9033203125 0.010416666666666666 0.890625 0.02734375 0.90234375 0.04296875000000012
0 0.605859375 0.09869791666666679 0.5859375 0.08984375000000008 0.5830078125 0.10156250000000008 0.6029296875 0.11041666666666679
0 0.2661328125 0.12322916666666668 0.26464843749999994 0.10937499999999997 0.251796875 0.11182291666666665 0.25328125 0.12567708333333336
0 0.2604447572969544 0.28029161379018613 0.23948584232233508 0.2782955266497462 0.23685358502538073 0.3274309961928934 0.25781250000000006 0.3294270833333333
0 0.19355828063403419 0.46737434296977665 0.1925214048127464 0.4134568002628121 0.15008135882063078 0.4149077420061323 0.15111823464191856 0.4688252847130968
0 0.06640625000000003 0.6080729166666666 0.055115620522922626 0.5538778951766953 0.036681254477077374 0.560705438156638 0.04797188395415477 0.6149004596466093
0 0.39169125970245794 0.6186411842388961 0.3845660171410091 0.5445386615998277 0.2843502385187581 0.5616695639284175 0.29147548108020704 0.6357720865674861
0 0.328125 0.4309895833333333 0.3202905547752809 0.38771360018726597 0.29101562500000006 0.39713541666666674 0.2988500702247191 0.4404113998127341
0 0.5107453893442622 0.38338029371584714 0.48792904713114743 0.313844774590164 0.46672003073770474 0.3262167008196722 0.4895363729508196 0.3957522199453553
0 0.6416015625 0.3020833333333333 0.6181640625 0.2708333333333333 0.5908203125 0.3072916666666667 0.6142578125 0.3385416666666667
0 0.6421875 0.48411458333333324 0.6259765625 0.4192708333333332 0.569140625 0.4445312499999999 0.5853515625 0.5093749999999999
0 0.5690890625 0.7083458333333333 0.5166015625 0.5807291666666666 0.4835671875 0.6048833333333333 0.5360546875000001 0.7325
0 0.6867415602189781 0.8868023874695866 0.6608704949817519 0.8433090024330901 0.6405294822080292 0.8648190389294405 0.6664005474452555 0.9083124239659369
0 0.5060456826311606 0.888751573264441 0.4912109375 0.8385416666666666 0.4614436357313195 0.8541770170906201 0.47627838086248014 0.9043869236883944
0 0.14062500000000003 0.87109375 0.09327628200619024 0.7201268230632152 -0.025026818373663405 0.7860897638810731 0.022321899620146367 0.9370566908178579
0 0.1925728817114094 0.8911930229306488 0.19042968750000003 0.8750000000000001 0.173828125 0.8789062500000001 0.1759713192114094 0.8950992729306488