0 0.9181870404411765 0.059773284313725486 0.9154526654411764 0.012377450980392165 0.8882697610294118 0.015165441176470607 0.8910041360294118 0.06256127450980392
0 0.7578125 0.14713541666666666 0.7543241675764192 0.11225209243085878 0.7114662936681222 0.11987127001455601 0.714954626091703 0.1547545942503639
0 0.5694165711009174 0.3428062882262998 0.544608299885321 0.3249952217125383 0.5259819380733944 0.3711176414373089 0.5507902092889908 0.3889287079510704
0 0.8167747641509434 0.39020735062893086 0.8064563679245284 0.3654431996855346 0.7771042158018868 0.387185534591195 0.7874226120283021 0.41194968553459127
0 0.8669064405487805 0.34636686991869947 0.8236185213414634 0.3123285060975612 0.8083889100609756 0.3467606707317075 0.8516768292682928 0.3807990345528458
0 0.8123749999999997 0.5100312500000002 0.7797499999999997 0.44719791666666686 0.7412578124999998 0.4827291666666669 0.7738828124999998 0.5455625000000002
0 0.595703125 0.6458333333333334 0.51171875 0.6458333333333334 0.51171875 0.7955729166666666 0.595703125 0.7955729166666666
0 1 0.7968750000000002 0.9814453125 0.7968750000000002 0.9814453125 0.8294270833333336 1 0.8294270833333336
0 0.5782290217607313 0.8439694289878116 0.5400918496621621 0.7842764639639641 0.49838222873608895 0.8316503543985162 0.5365194008346582 0.8913433194223637
0 0.48333886899260614 0.8426717498459644 0.4379223948706099 0.7155056223043748 0.40001516289279104 0.7395737060998152 0.4454316370147874 0.8667398336414049
0 0.24582331730769238 0.7669070512820514 0.1766225961538462 0.7141826923076925 0.1483774038461539 0.7800881410256412 0.21757812500000004 0.8328125000000001