0 0.02985843387155298 0.11553126511852925 0.028810436320754716 -0.0004471305031446551 -0.0009762790275761997 0.00003137094823415589 0.00007171852322206094 0.11600976656990807
0 0.08425847364245416 0.08080079043253409 0.042804841766572635 0.04311567054536907 -0.004156933180535954 0.13495203044193702 0.03729669869534557 0.17263715032910204
0 0.06297637195121952 0.021627286585365873 0.03982469512195122 0.01819740853658537 0.036752096036585365 0.05506859756097562 0.05990377286585367 0.05849847560975611
0 0.119140625 0.08593750000000003 0.087890625 0.08593750000000001 0.08789062500000001 0.14453125 0.119140625 0.14453125
0 0.09580948329207922 0.12488397277227725 0.052105894183168334 0.11905682755775579 0.04764851485148516 0.17848855198019803 0.09135210396039606 0.1843156971947195
0 0.1484375 0.1197916666666667 0.111328125 0.1197916666666667 0.111328125 0.2109375 0.1484375 0.2109375
0 0.09615825387678123 0.2235490447750768 0.053170676603101465 0.1993486309024867 0.019296318367560805 0.3063202884884045 0.06228389564124057 0.3305207023609947
0 0.16144399518238128 0.2807687758086717 0.12201856073640742 0.21919000200734118 0.0760549294562973 0.27150633029364535 0.11548036390227116 0.33308510409497594
0 0.15461944994343896 0.22143665158371043 0.1119335053733032 0.21872643288084467 0.11094810520361993 0.24631763763197592 0.15363404977375567 0.24902785633484167
0 0.16236872438524594 0.3813524590163935 0.11180519979508201 0.33961748633879785 0.08803790983606559 0.3908085724043716 0.13860143442622952 0.43254354508196724
0 0.2696860662830006 0.366741790083709 0.21503264850289763 0.2659199600236103 0.10252900132807471 0.374339316376905 0.15718241910817773 0.4751611464370037
0 0.18633288871951226 0.47948424796747974 0.17228944359756102 0.4505462398373984 0.15512099847560978 0.4653582317073171 0.16916444359756103 0.4942962398373984
0 0.12890625000000006 0.45703125 0.11429517302072267 0.44754029401346085 0.09574048552072265 0.49832154401346096 0.11035156250000003 0.5078125000000001
0 0.08398437500000007 0.6822916666666666 0.011718750000000064 0.6822916666666666 0.011718750000000066 0.734375 0.08398437500000007 0.734375
0 0.17386623475609758 0.6456364329268294 0.15451124237804878 0.6289380081300813 0.14172541920731707 0.6552845528455286 0.16108041158536587 0.6719829776422765
0 0.21484375000000006 0.7278645833333334 0.1687333104792148 0.7172644822940725 0.1642000757794458 0.7523214973056198 0.210310515300231 0.7629215983448808
0 0.7484475676546392 0.9434546821305844 0.7436150934278349 0.8768739261168387 0.6783243395618557 0.8852985395189006 0.6831568137886598 0.9518792955326462
0 0.6708984375 0.8932291666666667 0.6694686636740331 0.857008229742173 0.6509139761740331 0.8583103130755064 0.65234375 0.8945312500000001
0 0.44608701508620696 0.5514098419540231 0.37157192887931045 0.5431303879310346 0.3671672952586208 0.613604525862069 0.44168238146551736 0.6218839798850575
0 0.4003906249999999 0.52734375 0.3997246760512073 0.48383508534554537 0.3453786883326395 0.48531388773244516 0.3460446372814322 0.5288225523868998
0 0.3502157603790613 0.4007079196750903 0.29499591042418777 0.384702166064982 0.285776737364621 0.44124642749699167 0.34099658731949456 0.4572521811070999
0 0.3502412683823529 0.22472426470588236 0.3203699448529412 0.20082720588235298 0.29296875 0.26171875000000006 0.32284007352941174 0.2856158088235294
0 0.28694603536476865 0.18211558422301316 0.24579139790925258 0.10600163107947808 0.20119898242882556 0.14886565836298934 0.24235361988434162 0.22497961150652443
0 0.26818698426039117 0.029744167685411615 0.22205694147310512 0.020518159127954398 0.21807428560513445 0.05591954462102693 0.26420432839242053 0.06514555317848415
0 0.15218824641719747 0.021430467091295115 0.14575039808917198 -0.007754445329087052 0.1259765625 0 0.1324144108280255 0.02918491242038217
0 0.3934037855284227 0.07864103783026423 0.36315145866693355 -0.03287734354149984 0.28322423563851074 0.005669118628235944 0.3134765624999999 0.11718750000000001
0 0.5373704362623763 0.1206683168316833 0.45047571163366334 0.025874071782178258 0.4056601949257425 0.09890676567656768 0.4925549195544555 0.19370101072607274
0 0.53125 8.331744173886615e-17 0.4892578125 7.988906853812812e-17 0.4892578125 0.028645833333333415 0.53125 0.02864583333333342
0 0.5940931165540541 0.16029701576576574 0.5886032516891891 0.11637809684684686 0.5743507179054055 0.11954532657657659 0.5798405827702704 0.16346424549549546
0 0.724609375 0.33723958333333326 0.7157842548076923 0.3126362179487178 0.6864813701923076 0.33132211538461526 0.6953064903846153 0.35592548076923075
0 0.7373046875000001 0.2864583333333333 0.7362485859728507 0.25688749057315236 0.7216796875000001 0.2578125 0.7227357890271494 0.287383342760181
0 0.6779068216463415 0.44100355691056925 0.6452562881097561 0.3671849593495936 0.6064272103658537 0.39771722560975614 0.639077743902439 0.4715358231707318