0 0.4132866010273973 0.16607805365296807 0.39960134845890416 0.15778396118721474 0.3925781250000001 0.1783854166666668 0.4062633775684931 0.18667950913242015
0 0.4314453124999999 0.1166666666666667 0.4109374999999999 0.10755208333333337 0.39941406249999994 0.15364583333333334 0.4199218749999999 0.16276041666666666
0 0.25625358371559626 0.40062356651376146 0.24797520068807338 0.3638307530581039 0.21375071674311927 0.37752054663608553 0.22202909977064217 0.4143133600917431
0 0.15775240384615383 0.413661858974359 0.14513221153846154 0.4024439102564103 0.12124399038461538 0.45022035256410253 0.13386418269230765 0.4614383012820513
0 0.2273517765410959 0.537992294520548 0.21945901113013702 0.5148401826484019 0.19944616866438356 0.5269691780821918 0.20733893407534248 0.550121289954338
0 0.04503378378378379 0.0990526463963964 9.367506770274759e-18 0.09765625 -0.0012236064189189045 0.16780968468468466 0.04381017736486488 0.16920608108108104
0 0.4482421875000001 0.5260416666666667 0.4384765625000001 0.5130208333333335 0.4130859375000001 0.5468750000000001 0.4228515625000001 0.5598958333333335
0 0.5747238685344828 0.5114493534482759 0.5673828125 0.4869791666666667 0.539264547413793 0.5019755747126436 0.5466056034482758 0.5264457614942529
0 0.6432100183823529 0.3367034313725491 0.6210937499999999 0.31901041666666674 0.6029986213235293 0.3592218137254902 0.6251148897058824 0.3769148284313726
0 0.4856520432692307 0.6907051282051282 0.4450871394230769 0.6798878205128206 0.4406550480769231 0.7094350961538463 0.4812199519230769 0.720252403846154
0 0.47129807692307696 0.7600600961538462 0.4093058894230769 0.720528846153846 0.3852764423076923 0.787520032051282 0.4472686298076923 0.8270512820512821
0 0.29167968750000006 0.8336458333333333 0.27636718750000006 0.8307291666666666 0.27375000000000005 0.8551562500000001 0.28906250000000006 0.8580729166666666
0 0.8246474847560975 0.8371760670731708 0.8196932164634145 0.7777248475609756 0.7937547637195121 0.7815675813008129 0.798709032012195 0.8410188008130082
0 0.85546875 0.87109375 0.8413734098451326 0.8496151364306785 0.8124740735619469 0.8833310287610622 0.826569413716814 0.9048096423303835
0 0.783203125 0.8619791666666666 0.7593149038461539 0.8407451923076923 0.7252103365384615 0.908954326923077 0.7490985576923077 0.9301883012820513
0 0.9688736733490566 0.8588447327044023 0.8955078125 0.7395833333333331 0.8447368808962263 0.7951080974842767 0.918102741745283 0.9143694968553459