0 0.75390625 0.1341145833333335 0.7089843749999999 0.07421875000000006 0.69140625 0.09765625 0.736328125 0.15755208333333345
0 0.7005936935920578 0.20244340403128766 0.6975970216606499 0.1840638161853189 0.6669463560469314 0.19294806708784595 0.6699430279783394 0.21132765493381472
0 0.5888671874999999 0.26041666666666674 0.5731670673076923 0.2505008012820514 0.5627474547511313 0.27983008107088997 0.5784475749434389 0.2897459464555053
0 0.6347541360294117 0.1307904411764706 0.6205997242647058 0.11878063725490193 0.5967141544117647 0.16882659313725493 0.6108685661764705 0.18083639705882357
0 0.44133731617647065 0.01573223039215687 0.4404296875 0 0.41205193014705876 0.00291053921568627 0.4129595588235294 0.018642769607843137
0 0.2993680674061433 0.3733068472696246 0.28566952858361777 0.21805674061433447 0.20113187926621162 0.23131754835039817 0.21483041808873718 0.3865676550056883
0 0.031250000000000014 0.15885416666666666 1.6922609578061568e-17 0.15885416666666666 1.9254700650656628e-17 0.20963541666666666 0.03125000000000002 0.20963541666666666
0 0.025390625000000028 0.2994791666666667 2.7566512422213375e-17 0.2994791666666667 3.121414204858e-17 0.37890625 0.025390625000000035 0.37890625
0 0.1274690448113208 0.6082694575471699 0.11715064858490569 0.5835053066037736 0.08348688089622644 0.60844143081761 0.09380527712264156 0.6332055817610064
0 0.15525235682002161 0.9719584794927146 0.10479838437668657 0.8981233978683218 0.06398355285348094 0.9477058598668828 0.11443752529681599 1.0215409414912755
0 0.33984375000000006 0.7460937500000001 0.3267308728448276 0.7254310344827587 0.32095231681034486 0.7319504310344828 0.33406519396551726 0.7526131465517242
0 0.7647286650141643 0.7103510092067993 0.7526004780453258 0.6759878127950899 0.7115903859773371 0.701719635269122 0.7237185729461757 0.7360828316808313
0 0.830078125 0.4934895833333333 0.8233160895270271 0.4363879504504504 0.7753747888513514 0.44648085585585584 0.7821368243243243 0.5035824887387388
0 0.5546875000000001 0.7721354166666666 0.5458984375000001 0.7708333333333334 0.5448027820121952 0.7839811991869918 0.5535918445121952 0.7852832825203252
0 0.8184742647058822 0.8730085784313727 0.8021369485294118 0.868167892156863 0.7980698529411765 0.8925704656862746 0.8144071691176469 0.8974111519607845