0 0.3104348104508197 0.13315403005464485 0.28683721823770497 0.1302937158469946 0.28208247950819676 0.2000298838797815 0.3056800717213115 0.20289019808743175
0 0.3828125 0.18880208333333343 0.37011718749999994 0.17187500000000003 0.33984375 0.21223958333333334 0.35253906250000006 0.2291666666666667
0 0.5497472426470588 0.2614123774509804 0.5363625919117647 0.19002757352941183 0.5129250919117647 0.19784007352941185 0.5263097426470588 0.26922487745098045
0 0.6851214418316831 0.190942141089109 0.6591700185643564 0.16263149752475256 0.6367187499999999 0.19921875000000006 0.6626701732673266 0.2275293935643565
0 0.6778721473029046 0.3854544865145229 0.6627496109958505 0.3098418049792532 0.6024539678423236 0.3312802558782849 0.6175765041493777 0.40689293741355465
0 0.6821644406331029 0.45189471694036304 0.5757395540730337 0.437306882022472 0.5719366154386344 0.4866298437049842 0.6783615019987035 0.5012176786228754
0 0.6019381009615384 0.5181290064102565 0.5699068509615385 0.44338942307692314 0.5203725961538461 0.4811298076923077 0.5524038461538462 0.555869391025641
0 0.44188262195121963 0.43308561991869937 0.40158155487804886 0.4271150914634148 0.39719893292682934 0.47970655487804886 0.4375000000000001 0.4856770833333334
0 0.1191232895710059 0.349274223372781 0.0779343102810651 0.32639145710059175 0.07048007581360947 0.3502450073964497 0.11166905510355027 0.37312777366863903
0 0.2532487141521197 0.2662322059434747 0.22599507091645882 0.22606894222776397 0.19500321461970074 0.26345594347464674 0.2222568578553616 0.3036192071903575
0 0.29492187500000006 0.5325520833333335 0.19708894013310937 0.43602358759800125 0.11967749458839497 0.5755036696605498 0.2175104294552856 0.672032165395882
0 0.19827586206896555 0.7010596264367817 0.18076508620689655 0.6917205459770115 0.17537715517241378 0.7096803160919539 0.1928879310344828 0.7190193965517241
0 0.09650735294117645 0.8988204656862746 0.08404181985294121 0.8727022058823531 0.05914522058823533 0.8938265931372551 0.07161075367647056 0.9199448529411766
0 0.5043359374999999 0.7605208333333333 0.4988281249999999 0.7091145833333334 0.4673828125 0.7151041666666668 0.47289062499999995 0.7665104166666666
0 0.73046875 0.71875 0.7197265625 0.6901041666666666 0.6837890625 0.7140625 0.69453125 0.7427083333333333