0 0.2395432692307692 0.5634615384615385 0.23144531250000006 0.5572916666666666 0.22237079326923084 0.5784655448717949 0.23046875 0.5846354166666666
0 0.10020680147058825 0.17155330882352943 0.0791015625 0.15364583333333337 0.07427619485294117 0.16375612745098042 0.09538143382352941 0.1816636029411765
0 0.939453125 0.10807291666666681 0.9185406595303869 0.10660537523020273 0.9178878194060776 0.12314399171270735 0.9388002848756907 0.12461153314917144
0 0.615234375 0.6966145833333335 0.5986328125000001 0.6901041666666667 0.5954916401273886 0.7043441480891721 0.6120932026273885 0.7108545647558387
0 0.7396093749999999 0.26234375000000015 0.7259374999999999 0.25973958333333347 0.7226562499999999 0.2903645833333334 0.7363281249999999 0.2929687500000001
0 0.5315027573529412 0.3728707107843138 0.5302734375 0.3515625 0.5077205882352941 0.35387561274509804 0.5089499080882354 0.3751838235294118
0 0.39346277573529415 0.34736519607843147 0.3921760110294118 0.325061274509804 0.37096737132352947 0.32723651960784317 0.3722541360294118 0.34954044117647065
0 0.660546875 0.28671874999999997 0.6548828125 0.2640624999999999 0.6367187499999999 0.2721354166666667 0.6423828125 0.2947916666666667
0 0.9681910021551723 0.033503951149425386 0.9531047952586205 0.010874640804597746 0.9296470905172411 0.038676364942528824 0.9447332974137929 0.06130567528735646
0 0.30904463553063466 0.5034817195477755 0.2822265625 0.4791666666666668 0.27005692696936545 0.5030286971188914 0.2968750000000001 0.5273437500000002
0 0.2544921875 0.36614583333333334 0.222265625 0.35182291666666665 0.212109375 0.3924479166666667 0.2443359375 0.40677083333333336
0 0.8323154229214781 0.11316697940723651 0.7998655816974596 0.051872834872979175 0.7474920612009237 0.10116556004618935 0.7799419024249422 0.16245970458044667
0 0.8183039235015774 0.2050432110935859 0.7218799290220821 0.1896153719768666 0.7159373767744481 0.2556437302839118 0.8123613712539435 0.27107156940063104