0 0.37890625 0.0611979166666667 0.374901246488764 0.05265390917603 0.3568183813202247 0.06772296348314615 0.36082338483146065 0.07626697097378284
0 0.037710336538461564 0.5925480769230769 0.030048076923076938 0.5857371794871795 0.017878605769230792 0.6100761217948718 0.02554086538461542 0.6168870192307693
0 0.3808593750000001 0.80859375 0.3642578125000001 0.8046875 0.36207529362416113 0.8211776426174497 0.37867685612416113 0.8250838926174497
0 0.21717712942477876 0.4151571718289085 0.21617464048672566 0.39510739306784654 0.19698907632743362 0.39681277654867253 0.19799156526548672 0.4168625553097345
0 0.7774440456081082 0.3190315315315316 0.7556798986486486 0.3144496058558559 0.7537953969594594 0.3303631756756758 0.7755595439189189 0.33494510135135147
0 0.5694151182432432 0.4342271959459461 0.5537109375 0.4192708333333336 0.5413059543918919 0.442426801801802 0.5570101351351351 0.4573831644144145
0 0.4843749999999999 0.4075520833333334 0.45928655660377354 0.4060976808176102 0.4585900648584905 0.4274567610062895 0.4836785082547169 0.42891116352201275
0 0.3483230064655172 0.47735272988505745 0.3473060344827586 0.45430136494252876 0.31971309267241377 0.45646551724137935 0.3207300646551724 0.4795168821839081
0 0.8291015625 0.1848958333333334 0.802734375 0.1497395833333335 0.7919921875 0.16406250000000017 0.818359375 0.19921875000000006
0 0.8046875 0.2265625000000001 0.7783203125 0.2265625000000001 0.7783203125 0.2669270833333334 0.8046875 0.2669270833333334
0 0.11572115384615389 0.5547235576923077 0.0912530048076923 0.5182612179487179 0.07389723557692307 0.5389663461538461 0.09836538461538466 0.575428685897436
0 0.08007812500000003 0.4075520833333333 0.05942007211538465 0.3825120192307692 0.037944534785067915 0.4140094739819005 0.05860258766968329 0.4390495380844646
0 0.6737065612033195 0.2929255273167358 0.6469179525414936 0.23123054979253113 0.5906379668049793 0.27467474930843705 0.6174265754668051 0.33636972683264177
0 0.6914062500000001 0.38671875000000017 0.6016427654109588 0.332316638127854 0.5801048801369862 0.39549443493150693 0.6698683647260275 0.4498965468036531