0 0.052601470044378706 0.1881857125246548 0.03235368897928996 0.17693694526627216 0.02001664201183434 0.21641549556213016 0.04026442307692309 0.2276642628205128
0 0.18175968341799714 0.25715673379293663 0.1355451741654572 0.1846633859458152 0.0859375 0.24088541666666666 0.13215200925253995 0.31337876451378816
0 0.4057472153465347 0.3695982879537953 0.40216004022277235 0.3217692863036304 0.3740234375 0.32552083333333337 0.3776106126237624 0.37334983498349833
0 0.7089843750000001 0.11328125 0.7077039415083136 0.06377115498812351 0.6746747884501187 0.06528973673792557 0.6759552219418052 0.11479983174980206
0 0.7621609669811321 0.20626965408805048 0.7167600235849056 0.1889740566037737 0.7099793632075472 0.22061713836478 0.7553803066037736 0.23791273584905678
0 0.8415857263513514 0.17409206081081083 0.8383129222972974 0.14790962837837837 0.806640625 0.15494791666666666 0.8099134290540541 0.1811303490990991
0 0.9317610231164382 0.23480308219178092 0.8790801583904109 0.20287528538812793 0.8694483090753424 0.23112871004566227 0.9221291738013697 0.26305650684931525
0 0.7712890625 0.35989583333333336 0.7666015625 0.3411458333333333 0.7431640625 0.3515625 0.7478515625 0.3703125
0 0.9248046875 0.5989583333333336 0.904296875 0.5989583333333336 0.904296875 0.6263020833333336 0.9248046875 0.6263020833333336
0 0.83984375 0.7799479166666667 0.82043555211126 0.7134055239052727 0.7734034643096515 0.7377925323949956 0.7928116621983914 0.8043349251563897
0 0.6358637410033869 0.7268833350973751 0.6190405707557155 0.5743532581851538 0.5349222388336156 0.5908470487581146 0.551745409081287 0.7433771256703359
0 0.3730468750000001 0.7044270833333335 0.3310546875000001 0.6484375000000001 0.2900390625000001 0.7031250000000002 0.3320312500000001 0.7591145833333336
0 0.36035156250000006 0.5781250000000001 0.3573710174636956 0.5280518433900852 0.24840336676890346 0.5395828117175764 0.25138391180520786 0.5896559683274913
0 0.4658203125 0.9648437499999999 0.4560546875000001 0.9453125000000001 0.42157451923076933 0.9759615384615385 0.4313401442307693 0.9954927884615383