0 0.6553527522208121 0.11049862521150597 0.6408530298223349 0.08819135998307963 0.5966102871192893 0.13931630710659906 0.6111100095177664 0.1616235723350254
0 0.7445208794247786 0.0015094948377582333 0.727020533738938 -0.00004609144542760587 0.726216814159292 0.016028300147492746 0.7437171598451326 0.017583886430678587
0 0.4171875 0.2270833333333334 0.38814062499999996 0.22004166666666675 0.38287499999999997 0.25865625000000003 0.411921875 0.2656979166666667
0 0.32375404094827587 0.22618534482758623 0.3134563577586207 0.2099586925287357 0.2828125 0.24453125000000006 0.29311018318965515 0.2607579022988506
0 0.3518629807692307 0.34565304487179493 0.33120492788461536 0.34014423076923084 0.32752403846153844 0.36468349358974367 0.34818209134615385 0.37019230769230776
0 0.31790865384615385 0.6592548076923078 0.3037109375000001 0.6484375000000001 0.29439603365384626 0.6701722756410258 0.30859375 0.6809895833333334
0 0.4970703125 0.6822916666666666 0.4511718750000001 0.6210937500000001 0.4111328125000001 0.6744791666666667 0.45703125 0.7356770833333334
0 0.5283203125000001 0.6432291666666667 0.5000000000000001 0.6054687500000001 0.4853515625000001 0.6250000000000001 0.5136718750000001 0.6627604166666667
0 0.5468525870901639 0.4714224726775956 0.5425589139344262 0.4567921789617486 0.509788037909836 0.4738900273224044 0.5140817110655738 0.4885203210382514
0 0.6640625 0.4947916666666668 0.634765625 0.4947916666666668 0.634765625 0.5221354166666667 0.6640625 0.5221354166666667
0 0.7750229779411765 0.3998774509803921 0.7569278492647058 0.3791973039215686 0.7346622242647058 0.41383272058823517 0.7527573529411764 0.4345128676470587
0 0.7933040504291846 0.8744244009299 0.7660189780042918 0.8657624731759658 0.7558342274678111 0.9227970761802575 0.783119299892704 0.9314590039341918
0 0.798046875 0.9575520833333334 0.762890625 0.9419270833333334 0.755859375 0.9700520833333335 0.791015625 0.9856770833333335
0 0.7343749999999999 0.9231770833333333 0.7201788385349287 0.8986817459034064 0.6732634116267786 0.9470188524148337 0.6874595730918498 0.9715141898447606
0 0.89453125 0.9986979166666664 0.8740234375 0.8802083333333334 0.8225289676966291 0.8960527855805244 0.8430367801966291 1.0145423689138575