0 0.25422952586206893 0.03779633620689659 0.2418574892241379 0.018301005747126453 0.20928744612068959 0.055046695402298874 0.22165948275862063 0.07454202586206901
0 0.08759014423076925 0.2961738782051283 0.06362680288461539 0.13641826923076922 0.026066706730769235 0.14643429487179485 0.05003004807692309 0.3061899038461539
0 0.25110853040540543 0.4190244932432432 0.24643686655405408 0.3816511824324324 0.22109902871621623 0.38728181306306303 0.2257706925675676 0.4246551238738739
0 0.18359374999999997 0.3919270833333333 0.17089843750000003 0.3828125 0.16738639621559634 0.3915089831804282 0.1800817087155963 0.4006235665137615
0 0.4629480698529411 0.4091605392156863 0.4560546875 0.40364583333333337 0.4462316176470589 0.42547487745098045 0.453125 0.4309895833333333
0 0.6161211993243243 0.15201998873873876 0.6145217483108107 0.13851351351351351 0.5733002533783783 0.14719172297297295 0.5748997043918919 0.16069819819819822
0 0.6953125 0.3346354166666667 0.6872222620412843 0.31460244648318053 0.673828125 0.32421875000000006 0.6819183629587157 0.3442517201834862
0 0.7611328125 0.2979166666666667 0.7119140624999999 0.27604166666666674 0.7021484374999999 0.31510416666666674 0.7513671875 0.3369791666666667
0 0.9839843750000001 0.31406250000000013 0.962890625 0.2578124999999999 0.879296875 0.3135416666666666 0.900390625 0.36979166666666685
0 0.9716796874999998 0.2369791666666668 0.9551926185344828 0.23568606321839092 0.9545528017241379 0.25018857758620705 0.971039870689655 0.25148168103448293
0 0.8194234913793104 0.46344288793103455 0.7803811961206896 0.4019216954022989 0.7373046874999998 0.4505208333333334 0.7763469827586207 0.5120420258620692
0 0.9220703125 0.42395833333333327 0.9185546875 0.4098958333333333 0.898046875 0.4190104166666667 0.9015625 0.43307291666666675
0 0.7714453124999999 0.6006250000000002 0.744921875 0.5955729166666667 0.7394921875 0.6462500000000001 0.766015625 0.6513020833333336
0 0.6176284632731958 0.7521692439862545 0.6149947648195875 0.7158827319587631 0.5701151739690722 0.7216736469072167 0.5727488724226804 0.757960158934708
0 0.4414799528301887 0.9983539701257861 0.4404296875000001 0.9661458333333334 0.4076282429245284 0.9680473663522012 0.40867850825471697 1.000255503144654
0 0.6939928209459459 0.9832136824324326 0.6825116131756758 0.9617820945945948 0.6573849239864866 0.985712274774775 0.6688661317567568 1.0071438626126126
0 0.7402343750000002 0.9335937500000002 0.6982421875 0.9088541666666669 0.6862026300904978 0.9451840592006036 0.728194817590498 0.9699236425339369
0 0.9220703124999998 0.7690104166666668 0.8697265625 0.7341145833333336 0.8599609375 0.7601562500000002 0.9123046874999998 0.7950520833333335
0 1.0026740771812082 0.7727646112975393 0.9833984375 0.7682291666666667 0.9807243603187921 0.7884333053691276 1 0.7929687500000002