0 0.5781249999999999 0.25651041666666674 0.5728860294117646 0.24836090686274512 0.554790900735294 0.2690410539215686 0.5600298713235293 0.2771905637254902
0 1 0.4544270833333334 0.9765625 0.4544270833333334 0.9765625 0.4661458333333334 1 0.4661458333333334
0 0.2874973244863014 0.8545234018264841 0.2802065496575342 0.8331371289954339 0.267404216609589 0.8408961187214613 0.2746949914383562 0.8622823915525115
0 1 0.3567708333333334 0.98828125 0.3567708333333334 0.98828125 0.3945312500000001 1 0.3945312500000001
0 0.7148437499999999 0.5872395833333334 0.7008023648648648 0.5738668355855856 0.690112964527027 0.593820382882883 0.7041543496621621 0.6071931306306306
0 0.16796875000000003 0.45442708333333337 0.15699084051724138 0.41783405172413796 0.14251077586206898 0.4255567528735632 0.1534886853448276 0.4621497844827587
0 0.1501953125 0.22578125000000007 0.1208984375 0.20625000000000002 0.108203125 0.24010416666666667 0.1375 0.2596354166666667
0 0.3623046875000001 0.7916666666666669 0.3349609375000001 0.7552083333333336 0.31835937500000006 0.7773437500000002 0.34570312500000006 0.8138020833333336
0 0.31278125 0.64659375 0.28992968750000003 0.6255000000000001 0.2715078125 0.6609791666666668 0.294359375 0.6820729166666667
0 0.1328125 0.29557291666666674 0.103515625 0.25651041666666674 0.07812500000000003 0.29036458333333337 0.10742187500000003 0.32942708333333337
0 0.8935642149390244 0.44698932926829266 0.8631716844512194 0.38436229674796757 0.8093178353658537 0.4308244410569106 0.8397103658536584 0.4934514735772357
0 0.919921875 0.5325520833333335 0.8242642891839378 0.4989880181347151 0.8114121194948186 0.5641056778929189 0.9070697053108809 0.5976697430915372