0 0.03222656250000001 0.140625 0.025423971036585384 0.13475609756097562 0.012952553353658558 0.16045477642276423 0.01975514481707318 0.16632367886178862
0 0.2284990648379052 0.1874207709891937 0.18640508104738154 0.15576033873649212 0.1395466412094763 0.26651665108063166 0.18164062499999994 0.29817708333333326
0 0.37668195298769774 0.15510352592267146 0.3313721990333919 0.11583507249560636 0.2984402460456942 0.183387796572935 0.34375 0.22265625000000008
0 0.4832835477941176 0.11006433823529409 0.4750114889705882 0.09719669117647053 0.45852481617647056 0.11603860294117639 0.466796875 0.12890624999999994
0 0.5224609375 0.1276041666666667 0.5133317240168539 0.12479517790262179 0.5104020365168539 0.14172226123595513 0.51953125 0.14453125000000006
0 0.60546875 0.2265625000000001 0.537109375 0.22656250000000008 0.537109375 0.2773437500000001 0.60546875 0.2773437500000001
0 0.8925733612804878 0.4346925813008131 0.8818359375 0.39583333333333337 0.8560403963414634 0.4085048272357724 0.8667778201219513 0.44736407520325217
0 0.7218317849969098 0.5019893386897406 0.7071169557323858 0.47383923053152055 0.65234375 0.5247395833333335 0.6670585792645242 0.5528896914915535
0 0.3396183894230769 0.3413461538461539 0.3193359375 0.33593750000000006 0.3140775240384615 0.3709935897435898 0.33435997596153844 0.37640224358974367
0 0.4736328125 0.5572916666666667 0.4658203125 0.5468750000000001 0.4404296875000001 0.5807291666666667 0.4482421875000001 0.5911458333333335
0 0.3652343750000001 0.6171875 0.3417968750000001 0.6171875 0.3417968750000001 0.6940104166666666 0.3652343750000001 0.6940104166666666
0 0.3154296875000001 0.8020833333333334 0.2968750000000001 0.8020833333333334 0.2968750000000001 0.8229166666666666 0.3154296875000001 0.8229166666666666
0 0.6015625 0.6575520833333335 0.5966796875 0.6328125000000002 0.5789902444948186 0.6390193221070815 0.5838730569948186 0.6637589054404145
0 0.806117402522936 0.5425530389908259 0.7343319954128442 0.5396526185015292 0.7321441370412846 0.6359183868501531 0.8039295441513763 0.6388188073394497
0 0.8090234374999999 0.5467708333333337 0.7546093750000002 0.5364062500000003 0.7480468750000002 0.5976562500000002 0.8024609375 0.6080208333333336
0 0.8505859375000002 0.6744791666666669 0.8113051470588237 0.670450367647059 0.8089154411764709 0.7118719362745101 0.8481962316176472 0.7159007352941179
0 0.85546875 0.7877604166666667 0.8015210502014775 0.7701171437765839 0.7906588419241101 0.829162993899709 0.8446065417226325 0.8468062667897919