0 0.09960937499999999 0.006510416666666674 0.09653874033505154 -0.004134450171821295 0.060546875 0.01432291666666667 0.06361750966494846 0.02496778350515464
0 0.4868459463967971 0.15247812870699887 0.46559094194839856 0.09837448102016613 0.380859375 0.15755208333333334 0.40211437944839856 0.21165573102016608
0 0.46484375 0.08463541666666667 0.46384336890243894 0.07263084349593495 0.453125 0.07421874999999999 0.45412538109756095 0.0862233231707317
0 0.18749999999999997 0.19661458333333337 0.1865234375 0.17968750000000003 0.16785386029411767 0.18160232843137258 0.16883042279411764 0.19852941176470593
0 0.23242187500000006 0.23828125 0.22167968750000006 0.2109375 0.19555229648576516 0.22918520166073547 0.20629448398576516 0.25652895166073547
0 0.3174933241916859 0.29851087374903784 0.2525440242494226 0.23738212086220176 0.20997221420323325 0.31779553983833725 0.27492151414549654 0.3789242927251733
0 0.4253791360294118 0.26516544117647056 0.41900275735294124 0.25099571078431365 0.3988970588235293 0.2670802696078431 0.4052734375 0.28125
0 0.46875 0.25130208333333326 0.4564357850609757 0.22592733739837403 0.4511718750000001 0.23046875000000006 0.4634860899390244 0.2558434959349593
0 0.7707736389684814 0.2786719496179561 0.7431640625 0.21354166666666666 0.7013313708810888 0.24506775310410694 0.7289409473495703 0.3101980360553964
0 0.9463259139150944 0.014150943396226327 0.9395084021226416 -0.002211084905660421 0.9229252653301888 0.010072720125786106 0.9297427771226416 0.026434748427672853
0 0.85546875 0.22005208333333345 0.791015625 0.22005208333333345 0.791015625 0.3177083333333334 0.85546875 0.3177083333333334
0 1.0047072507022474 0.2527504681647942 0.9830253686797752 0.24607911985018743 0.978318117977528 0.27327656835206005 1.0000000000000002 0.27994791666666685
0 0.9789009876943003 0.49010875431778966 0.8795496680699479 0.3851662348877378 0.8352392325129532 0.45974336139896405 0.9345905521373055 0.5646858808290159
0 0.7725162146226416 0.34935141509433976 0.7572965801886793 0.34355345911949703 0.7464991155660378 0.3939416273584907 0.7617187500000001 0.39973958333333354
0 0.6518924707466567 0.42734065440812297 0.6416015625 0.4010416666666668 0.5898379457652303 0.4370511391778109 0.6001288540118871 0.4633501269192671
0 0.13363281250000006 0.50765625 0.07128906250000004 0.4453125 0.028750000000000053 0.5209375 0.09109375000000006 0.5832812500000001
0 0.019531250000000045 0.4661458333333333 4.2994191825534514e-17 0.4661458333333333 4.4369527586295706e-17 0.49609375 0.019531250000000045 0.49609375
0 0.26757812500000006 0.4817708333333333 0.24804687500000006 0.4817708333333333 0.24804687500000008 0.5143229166666666 0.2675781250000001 0.5143229166666666
0 0.35104187204258674 0.5166354495268138 0.29235570287854895 0.5072456624605678 0.28340952779968454 0.6066476077812829 0.34209569696372244 0.616037394847529
0 0.3909004299721389 0.8482556659879984 0.341476237676811 0.7194532254607802 0.302597915773682 0.7459748714102015 0.3520221080690099 0.8747773119374197
0 0.439453125 0.5651041666666666 0.423828125 0.5651041666666666 0.423828125 0.6002604166666666 0.439453125 0.6002604166666666
0 0.5318579766536965 0.5638527480544748 0.5018201301070039 0.5184622243839171 0.47972777845330744 0.5444532263294424 0.5097656250000001 0.5898437500000001
0 0.802734375 0.65234375 0.7861328125000001 0.6406250000000001 0.7773912584459459 0.6626407657657659 0.7939928209459458 0.6743595157657658
0 0.7753906250000002 0.9700520833333336 0.7194528761942677 0.9481157112526541 0.709407344745223 0.9936554538216562 0.7653450935509556 1.0155918259023358