0 0.7942837252475247 0.14001908003300342 0.7758353960396038 0.10995513613861399 0.7441406249999998 0.14453125000000025 0.7625889542079205 0.17459519389438966
0 0.6672486152899344 0.21174667213712622 0.6385137445295405 0.15540378829321658 0.6174652967724288 0.17448771425966444 0.6462001675328228 0.23083059810357412
0 0.49609375 0.2591145833333334 0.4658203125 0.21875000000000014 0.44921875 0.24088541666666682 0.4794921875 0.2812500000000001
0 0.42265625 0.16744791666666664 0.4041015625 0.11796875000000002 0.3830078125 0.13203125000000002 0.4015625 0.18151041666666665
0 0.3498416385135136 0.3114935247747747 0.32817778716216217 0.256932713963964 0.2932696368243243 0.28157376126126127 0.3149334881756757 0.33613457207207204
0 0.2265625 0.46223958333333337 0.20807828608247422 0.406786941580756 0.18905041881443296 0.4180627147766323 0.2075346327319587 0.4735153565292097
0 0.30499833237638474 0.7212292708051877 0.2522618464604161 0.5724853361704043 0.13227210551202379 0.6481152334954516 0.18500859142799242 0.796859168130235
0 0.353515625 0.7382812499999999 0.3505859375 0.71875 0.33556189903846156 0.7227564102564102 0.33849158653846156 0.7422876602564101
0 0.5537740326663452 0.4592461728543878 0.5452307587994214 0.38601811113789775 0.4439912683823529 0.407015931372549 0.45253454224927675 0.48024399308903903
0 0.8000132061832739 0.2608290702846976 0.7412943449733096 0.23636287811387913 0.7229794539590746 0.3145064131079479 0.7816983151690391 0.33897260527876644
0 0.7329850251705913 0.542885475202926 0.6787109374999998 0.41666666666666685 0.6451767167848541 0.44230171539113383 0.6994508044554454 0.5685205239273929
0 0.8457031249999998 0.7174479166666666 0.8076171874999998 0.6979166666666666 0.799009342783505 0.7277571950171822 0.8370952802835051 0.7472884450171822
0 0.6640625 0.7278645833333334 0.6615279973249026 0.6737951929312582 0.6328314992704279 0.676186567769131 0.6353660019455253 0.7302559581712061
0 0.701171875 0.9986979166666667 0.7006970821823205 0.986669831952118 0.6777343750000001 0.9882812500000001 0.6782091678176796 1.0003093347145489
0 0.24609375000000008 0.9401041666666666 0.22265625000000008 0.9401041666666666 0.22265625000000008 0.98046875 0.24609375000000008 0.98046875