0 0.20116038602941178 0.04016544117647059 0.2001953125 0.023437500000000003 0.17764246323529412 0.02575061274509804 0.1786075367647059 0.04247855392156863
0 0.22346608231707318 0.03064659552845527 0.2060546875 0.015624999999999984 0.19877096036585368 0.03063389227642273 0.21618235518292686 0.04565548780487802
0 0.19760817307692308 0.28256009615384614 0.1614152644230769 0.18165865384615382 0.057818509615384615 0.2477203525641025 0.09401141826923076 0.34862179487179484
0 0.1603515625 0.1596354166666667 0.1408203125 0.14661458333333335 0.1240234375 0.19140625 0.1435546875 0.20442708333333334
0 0.34267674814356436 0.40235664191419146 0.3243831219059406 0.38239995874587457 0.3011486695544554 0.4202635107260726 0.31944229579207917 0.4402201938943895
0 0.259765625 0.55859375 0.2568359375 0.5312500000000001 0.2322265625 0.5359375 0.23515625 0.56328125
0 0.14143430593922648 0.5472059162062615 0.1332765020718232 0.5351202808471456 0.10759452693370168 0.5659386510128913 0.11575233080110496 0.5780242863720074
0 0.16568216463414645 0.7175431910569107 0.12753429878048791 0.6940675813008131 0.11804496951219526 0.7214811991869919 0.15619283536585377 0.7449568089430897
0 0.2443359375 0.7768229166666667 0.2005859375000001 0.74765625 0.16894531250000008 0.83203125 0.21269531250000004 0.8611979166666667
0 0.47089196305248626 0.8454765193370165 0.4416760186464089 0.8434262776243092 0.4394639157458563 0.899466217771639 0.4686798601519337 0.9015164594843463
0 0.42726099640933574 0.9125009350688212 0.40607467459605023 0.891686303111909 0.3695754320017953 0.957732551615799 0.3907617538150808 0.9785471835727111
0 0.4941406250000001 0.9361979166666667 0.48046875 0.91796875 0.458984375 0.9466145833333335 0.47265625 0.9648437500000002
0 0.6018152397588055 0.9419765345839715 0.5463680249808576 0.8168648704696275 0.494976610356049 0.8573550759315979 0.5504238251339969 0.9824667400459418
0 0.8482485911885247 0.40061475409836067 0.8466796875 0.37760416666666674 0.8121638063524591 0.3817879098360656 0.8137327100409836 0.40479849726775957
0 0.9252945696721314 0.4178150614754097 0.8953060963114756 0.3930626707650272 0.8780321465163936 0.4302681010928962 0.9080206198770494 0.45502049180327864