0 0.5974806882022471 0.11313494850187267 0.5840172928370786 0.035346441947565546 0.5577708040730336 0.04342228464419477 0.5712341994382022 0.1212107911985019
0 0.830078125 0.07682291666666667 0.8251953125 0.052083333333333336 0.8056792422279792 0.05893107728842836 0.8105620547279792 0.08367066062176169
0 0.9277343750000002 0.03515625 0.9212890625000002 0.017968750000000058 0.8982421875 0.03333333333333345 0.9046875 0.05052083333333339
0 0.5106132075471698 0.2603675314465409 0.4969413325471699 0.25515919811320764 0.4921875000000001 0.2773437500000001 0.505859375 0.28255208333333337
0 0.5419921875 0.2369791666666667 0.53125 0.22265625000000006 0.51953125 0.2382812500000001 0.5302734375 0.2526041666666668
0 0.240234375 0.2799479166666667 0.2314453125 0.24479166666666666 0.200390625 0.25859375 0.2091796875 0.29375
0 0.20045905565693434 0.1862074209245743 0.16580177919708033 0.169403892944039 0.15861656021897813 0.195749695863747 0.19327383667883213 0.21255322384428232
0 0.146706760519802 0.271774443069307 0.13877823329207922 0.2707173061056106 0.13660272277227725 0.29972411303630364 0.14453125000000006 0.30078125000000006
0 0.24936185024752472 0.4941857466996701 0.22899907178217824 0.4610019595709573 0.19783609220297033 0.49499793729372954 0.21819887066831684 0.5281817244224424
0 0.11295908505154639 0.5595602448453608 0.0928237757731959 0.48975783934707906 0.06821842783505155 0.5023759664948454 0.08835373711340205 0.5721783719931272
0 0.7442916213975299 0.921941712412321 0.6494140625000001 0.8098958333333335 0.6293333285681612 0.8401248951662094 0.724210887465691 0.9521707742451969
0 0.811298076923077 0.7276642628205129 0.7939453125 0.6979166666666666 0.7677133413461539 0.7251201923076923 0.7850661057692309 0.7548677884615386