0 0.39725869082840237 0.20116802268244582 0.36634153106508877 0.1534362672583827 0.294921875 0.23567708333333337 0.3258390347633136 0.2834088387573965
0 0.34739200367647055 0.30666360294117645 0.3400850183823529 0.29529718137254896 0.32472426470588234 0.3128523284313725 0.33203125 0.32421875
0 0.24462716859430605 0.36275300266903915 0.1960214635231317 0.32880616103202853 0.16819116992882566 0.39964690836298933 0.216796875 0.43359375
0 0.102514922752809 0.10515566479400752 0.04951720505617979 0.09842579588014984 0.04750702247191013 0.12656835205992512 0.10050474016853936 0.1332982209737828
0 0.2874824438202247 0.007797869850187267 0.28613281249999994 0 0.27343749999999994 0.00390625 0.2747871313202247 0.011704119850187267
0 0.10434927591463414 0.37068089430894313 0.1026343368902439 0.3501016260162601 0.08398437499999999 0.35286458333333326 0.08569931402439024 0.37344385162601623
0 0.220703125 0.5794270833333334 0.2021484375 0.5520833333333334 0.18961872662094764 0.5671985401080631 0.20817341412094761 0.5945422901080631
0 0.2845337477340146 0.8385674165018677 0.23046875000000008 0.8346354166666667 0.22913812726598554 0.8671617501647991 0.28320312500000006 0.8710937500000001
0 0.42554370777027034 0.5904420045045046 0.40693623310810817 0.5557080518018018 0.3673986486486487 0.5933628941441442 0.38600612331081086 0.6280968468468469
0 0.4692001626394052 0.49895930142503103 0.4361640334572491 0.46507609200743505 0.40708497908921937 0.5154797862453532 0.4401211082713755 0.5493629956629493
0 0.5669871248294679 0.7461328302637561 0.5128192146998636 0.6838708645975443 0.4962989213847203 0.7094222515916325 0.5504668315143246 0.7716842172578443
0 0.5039062499999999 0.8346354166666665 0.4990234374999999 0.8124999999999999 0.47956682921974514 0.8201300424628449 0.48444964171974514 0.8422654591295117
0 0.7670000590365238 0.9300679575986569 0.7257359886649873 0.901458202141058 0.6902083005352645 0.9925548383711167 0.731472370906801 1.0211645938287155
0 0.8515625 0.9986979166666669 0.8511889293139294 0.9832569949757451 0.8200972908004159 0.9845942697505199 0.8204708614864865 1.0000351914414416
0 0.8507158664163091 0.6768765647353364 0.8101403232296139 0.6639954399141633 0.8039372652896997 0.6987325643776826 0.8445128084763949 0.7116136891988558
0 0.7956126143292683 0.677909044715447 0.7705078125 0.6562499999999999 0.7634860899390243 0.6707190040650406 0.7885908917682928 0.6923780487804877
0 1 0.4205729166666668 0.984015625 0.41669791666666683 0.979953125 0.44648958333333344 0.9959374999999999 0.4503645833333334
0 0.9855168269230768 0.253846153846154 0.9736328124999998 0.2447916666666669 0.964678485576923 0.2656850961538463 0.9765625 0.27473958333333337
0 0.953125 0.4049479166666668 0.9156190079437545 0.3027576774409545 0.8101766515248355 0.3715569454589725 0.847682643581081 0.4737471846846848
0 0.7776135186464088 0.2503237223756908 0.7541976001381215 0.22222462016574596 0.7291414882596684 0.25934478591160237 0.7525574067679557 0.28744388812154725
0 0.70625 0.3325520833333334 0.683984375 0.32265625000000003 0.6720703125 0.3703125000000001 0.6943359375 0.3802083333333334
0 0.7021638619817374 0.13058494776242208 0.6625036633144126 0.07530103446857535 0.6074932132280356 0.1454592896512011 0.6471534118953604 0.20074320294504786