0 1.0000210827221145 0.17817062517298646 0.9990234375 0.06510416666666667 0.9685129545218654 0.06558276247808839 0.96951059974398 0.17864922098440816
0 0.8435118140243902 0.00886051829268292 0.8427019817073171 -0.0008574695121951415 0.828125 0.0013020833333333185 0.8289348323170731 0.011020071138211381
0 0.728515625 0.019531250000000118 0.6923828125 1.1842378929335003e-16 0.6836525643036386 0.028712816290255225 0.7197853768036386 0.048244066290255225
0 0.5339735034788867 0.1202915067178503 0.5256567898272552 0.08209622920665384 0.47783521773032633 0.10060780550223924 0.4861519313819578 0.13880308301343572
0 0.33203125 5.3179649416099256e-17 0.314453125 5.174451644834845e-17 0.314453125 0.03515625000000005 0.33203125 0.03515625000000006
0 0.3439907786885246 0.31920850409836077 0.29749039446721315 0.2809528688524591 0.2855308657786886 0.30679644808743173 0.33203125000000006 0.34505208333333337
0 0.6391689699909746 0.3210175992779784 0.5947265625 0.24739583333333345 0.5769763932761732 0.2664447954271963 0.621418800767148 0.34006656137184127
0 0.5585937499999999 0.38411458333333326 0.5576171874999999 0.3619791666666667 0.5389547413793103 0.36344288793103446 0.5399313038793103 0.3855783045977011
0 0.8799988397277227 0.34220297029702984 0.8592879795792079 0.3084519389438946 0.8492903001237622 0.31935849834983526 0.8700011602722771 0.3531095297029705
0 0.6939125722543353 0.42359104046242785 0.6470940209537572 0.41398723506743745 0.6381751264450867 0.4912843208092486 0.6849936777456648 0.5008881262042391
0 0.7929687499999998 0.5768229166666666 0.7608028017241378 0.5285739942528737 0.721039870689655 0.5757004310344828 0.753205818965517 0.6239493534482758
0 0.6490756547236504 0.718035025706941 0.6356884640102828 0.6342792684233076 0.5650310290809768 0.6543567909168808 0.5784182197943444 0.7381125482005142
0 0.38138521634615385 0.6293068910256411 0.3716195913461538 0.609775641025641 0.3450270432692307 0.6334134615384615 0.3547926682692308 0.6529447115384616
0 0.2591121822312962 0.4804824705830699 0.15396449387513175 0.44776985642781875 0.14485231164383566 0.4998394691780822 0.25000000000000006 0.5325520833333334
0 0.2542264344262295 0.4747481215846995 0.2529296875 0.4557291666666667 0.2362000512295082 0.45775700136612024 0.2374967981557377 0.47677595628415304
0 0.11523437500000004 0.4296875 0.09375000000000004 0.4296875 0.09375000000000004 0.47265625 0.11523437500000004 0.47265625
0 0.1867492551977688 0.6156688429682217 0.13077023643509128 0.5617631211967544 0.09574868471095332 0.6264182936105477 0.15172770347363082 0.6803240153820148
0 0.3812587780898878 0.8805916432584271 0.3525390625000001 0.8489583333333335 0.3326084094101124 0.8811271067415731 0.3613281250000001 0.9127604166666669
0 0.4140625 0.7682291666666666 0.3710937500000001 0.7682291666666666 0.3710937500000001 0.7955729166666666 0.4140625 0.7955729166666666