0 0.412109375 0.13151041666666677 0.37108803353658537 0.09925431910569112 0.3573485137195122 0.13031758130081306 0.39836985518292684 0.1625736788617887
0 0.556438577586207 0.11525682471264366 0.5478515625 0.0885416666666666 0.5186220366379309 0.10524425287356319 0.5272090517241379 0.13195941091954025
0 0.6621093749999999 0.13932291666666663 0.6611328124999999 0.1067708333333333 0.605440669928115 0.10974108093716718 0.606417232428115 0.14229316427050048
0 0.502297283748766 0.22507660825929587 0.5016176425222112 0.18429813466600858 0.44864900820582426 0.1858675756827904 0.4493286494323791 0.22664604927607768
0 0.568359375 0.3268229166666668 0.5537109375 0.3072916666666668 0.5302734375 0.3385416666666668 0.544921875 0.3580729166666668
0 0.8951021634615385 0.22073317307692322 0.8308143028846153 0.19735576923076933 0.8236478365384615 0.23239182692307706 0.8879356971153847 0.25576923076923097
0 0.8731617647058825 0.32621017156862747 0.8673023897058825 0.31318933823529416 0.8403033088235293 0.3347886029411765 0.8461626838235293 0.34780943627450983
0 0.8034300085616438 0.4612407248858449 0.7866545376712331 0.4510737728310504 0.7778922303082193 0.47677654109589057 0.7946677011986302 0.4869434931506851
0 0.7899680028586278 0.674812131843382 0.7519307919698542 0.6207147652460152 0.7145737233627857 0.6674111010048509 0.7526109342515591 0.7215084676022178
0 0.5744875286697247 0.71082998853211 0.46558737098623854 0.632645259938838 0.42457174598623854 0.7342077599388379 0.5334719036697247 0.81239248853211
0 0.2363146551724138 0.5614134339080459 0.20994073275862074 0.5198545258620689 0.1886651400862069 0.5438577586206896 0.2150390625 0.5854166666666667
0 0.2736402235103149 0.7882398538711856 0.25470257385107753 0.7382766930680911 0.15262382143350522 0.8070609420089642 0.17156147109274264 0.8570241028120587
0 0.33468696973981904 0.8986790629713425 0.27492664734162897 0.8702217665912518 0.25468838376696834 0.9457779506033182 0.3144487061651584 0.9742352469834087
0 0.6602440308988763 0.9792398174157303 0.6573143433988763 0.962312734082397 0.6533203125 0.9635416666666665 0.65625 0.9804687499999999
0 0.9793911637931035 0.9404184626436783 0.9697265625 0.9348958333333334 0.966089709051724 0.9462104885057472 0.9757543103448276 0.951733117816092