0 0.8681706166107382 0.7660095078299778 0.8563797713926172 0.7435507550335569 0.8304254928691275 0.7677747483221476 0.8422163380872483 0.7902335011185683
0 0.9162880565987125 0.35178603361945626 0.9100430861051503 0.3168141988555078 0.8837261936695278 0.3251687678826896 0.88997116416309 0.36014060264663805
0 0.5503758844339622 0.42519162735849064 0.5303102889150944 0.41032822327044033 0.507278154481132 0.46560534591194974 0.52734375 0.48046875000000006
0 0.2191441990715824 0.590122667743093 0.16056306344187304 0.5846732597775386 0.15941515574542525 0.606611051309652 0.2179962913751346 0.6120604592752062
0 0.32421875000000006 0.45442708333333337 0.29003906250000006 0.4166666666666667 0.27380902861810263 0.4427839625685705 0.30798871611810263 0.48054437923523724
0 0.286328125 0.07109375000000002 0.2791015625 0.0421875 0.228125 0.06484375 0.2353515625 0.09375000000000003
0 0.2195741510115608 0.7884302745664741 0.19278924313583823 0.7829359344894028 0.18713308345375732 0.8319559850674374 0.2139179913294799 0.8374503251445087
0 0.828125 0.7812500000000002 0.7861328125 0.7812500000000002 0.7861328125 0.8242187500000002 0.828125 0.8242187500000002
0 0.20925201366231647 0.7325418875747689 0.2085048557300163 0.6976745174007613 0.15202194637030997 0.6998262472811311 0.15276910430261012 0.7346936174551388
0 0.9166198017996109 0.49101714494163434 0.8660361442120623 0.4868018401426719 0.8637866305933853 0.5347914640077822 0.9143702881809339 0.5390067688067446
0 0.353515625 0.04036458333333335 0.34456326844262297 -0.010365437158469944 0.291655993852459 0.006232923497267754 0.3006083504098361 0.05696294398907105
0 0.6066206660583942 0.08286952554744538 0.5787209169708029 0.04762773722627743 0.5053033759124087 0.1509561283454988 0.533203125 0.1861979166666667
0 0.50390625 0.8372395833333336 0.47914413927335636 0.7753343065167245 0.4113254217128028 0.8235609501153404 0.4360875324394463 0.8854662269319494
0 0.309394012721239 0.8381406710914454 0.2763671875 0.7630208333333334 0.19391247234513276 0.8274681969026549 0.22693929756637168 0.902588034660767