0 0.04349459134615385 0.12930689102564105 0.038987379807692304 0.12029246794871797 0.017578124999999993 0.13932291666666666 0.022085336538461536 0.14833733974358976
0 0.2724609375 0.12239583333333338 0.2539062500000001 0.12109375000000004 0.25313471167127083 0.14063938766114187 0.2716893991712707 0.14194147099447518
0 0.37920022551546395 0.2932586984536083 0.3424130154639175 0.23369845360824748 0.2903833762886598 0.29082903780068736 0.3271705863402062 0.35038928264604813
0 0.5772225215517242 0.22563757183908043 0.57421875 0.15755208333333331 0.4759832974137931 0.16525682471264366 0.4789870689655172 0.2333423132183908
0 0.57421875 0.13151041666666669 0.5693359375 0.11718750000000003 0.5584465967465754 0.12378710045662107 0.5633294092465754 0.13811001712328774
0 0.677734375 0.21223958333333343 0.6005859375000001 0.20833333333333343 0.59845875 0.2830212500000001 0.6756071875 0.2869275000000001
0 0.4954044117647058 0.3023131127450981 0.49172794117647056 0.2827052696078431 0.46599264705882354 0.29128370098039214 0.46966911764705876 0.3108915441176471
0 0.9158203125 0.4953124999999999 0.9056640625 0.4546875 0.874609375 0.46848958333333335 0.884765625 0.5091145833333333
0 0.8206492456896554 0.5115391522988508 0.8048558728448277 0.5025143678160922 0.7875808189655173 0.5562589798850577 0.803374191810345 0.5652837643678162
0 0.2870749080882354 0.4550245098039217 0.2673598345588236 0.45300245098039227 0.26544117647058835 0.48625919117647065 0.2851562500000001 0.48828125000000006
0 0.25206889847285063 0.4339979260935143 0.20358721012443434 0.3977351998491704 0.18525258059954747 0.44131315987933634 0.23373426894796379 0.47757588612368024
0 0.259910467823006 0.711303147659855 0.20149052921061306 0.7070544248516809 0.20005948211931446 0.7420355759723137 0.2584794207317074 0.7462842987804879
0 0.14550781250000006 0.6901041666666666 0.12275362960339949 0.6791821588762984 0.1128192501770539 0.7159761567516525 0.13557343307365446 0.7268981645420207
0 0.09695012019230778 0.7848758012820513 0.0534405048076924 0.7776241987179485 0.049774639423077006 0.8167267628205128 0.09328425480769238 0.8239783653846154
0 0.011042668269230782 0.7285657051282052 0.008112980769230782 0.7090344551282052 0.0009765625 0.7109375000000001 0.00390625 0.7304687500000001
0 0.15880718427835058 0.9226669888316152 0.14542324420103098 0.9063734965635741 0.12364690721649482 0.938173861683849 0.13703084729381443 0.9544673539518903
0 0.486328125 0.8203125 0.416015625 0.8203125 0.416015625 0.85546875 0.486328125 0.85546875
0 0.4599609375000001 0.9348958333333336 0.4490608946917809 0.9231307077625572 0.4285022474315069 0.9569920091324204 0.43940229023972605 0.9687571347031967
0 0.9921875 0.9544270833333334 0.9893780048076923 0.9244591346153846 0.9736328124999998 0.9270833333333335 0.9764423076923074 0.9570512820512821