0 0.269921875 0.35442708333333334 0.2564453125 0.30052083333333335 0.2154296875 0.31875 0.22890625 0.37265625
0 0.29609375 0.12578125 0.280859375 0.06484375 0.259765625 0.07421874999999999 0.275 0.13515625
0 0.529296875 0.03515625000000006 0.51171875 0.011718750000000059 0.494140625 0.03515625000000006 0.51171875 0.05859375000000006
0 0.803260216346154 0.05769230769230771 0.8017578125000002 0.015625000000000007 0.7771669966063349 0.017186321644042244 0.7786694004524888 0.05925362933634994
0 0.046875000000000035 0.2903645833333333 0.037109375000000014 0.27734375 0.015625 0.3059895833333333 0.02539062500000002 0.3190104166666667
0 0.11337264251883136 0.6695772583314312 0.03466741147854382 0.5794172753557028 0.007812500000000134 0.62109375 0.08651773104028768 0.7112537329757286
0 0.43181295955882365 0.482153799019608 0.39275045955882354 0.46913296568627455 0.384765625 0.5117187500000001 0.4238281250000001 0.5247395833333335
0 0.4472656250000001 0.4231770833333334 0.4197265625 0.4109375000000001 0.4119140625 0.44218750000000007 0.4394531250000001 0.4544270833333334
0 0.49387529481132075 0.6374361242138367 0.4716796875 0.6171875000000001 0.46540389150943395 0.6294172562893083 0.4875994988207547 0.6496658805031449
0 0.6582031250000001 0.8111979166666669 0.6351554117489272 0.7922869724606584 0.6183233302038629 0.8287564824749646 0.6413710434549357 0.8476674266809731
0 0.7910156250000002 0.7643229166666667 0.7724609374999998 0.7578125 0.7690707982512951 0.7749892055267704 0.7876254857512954 0.7814996221934372
0 0.7182893573113207 0.9399076257861637 0.6904296875 0.9192708333333336 0.6811247051886793 0.9416027908805034 0.708984375 0.9622395833333336
0 0.880333533653846 0.37850560897435886 0.875225360576923 0.3682892628205129 0.8549429086538461 0.386318108974359 0.8600510817307694 0.396534455128205