0 0.9289421106557377 0.15379696038251361 0.8876953125 0.10416666666666678 0.8728157018442623 0.12615095628415318 0.9140625 0.17578125
0 1.00546875 0.01848958333333345 0.997759650735294 0.011948529411764853 0.9769301470588235 0.05559129901960797 0.9846392463235294 0.06213235294117657
0 0.4501953125 0.22395833333333343 0.42023656769750534 0.22266978516978528 0.41926000519750534 0.26303436850311857 0.44921875 0.26432291666666674
0 0.25312500000000004 0.14765625000000007 0.2279296875 0.1364583333333334 0.22421875 0.1513020833333334 0.24941406250000003 0.16250000000000006
0 0.166015625 0.11588541666666667 0.1494140625 0.08333333333333333 0.13317363580415756 0.09805798687089716 0.14977519830415756 0.1306100702042305
0 0.0673828125 1.1002686086089501e-17 5.979720698961711e-20 5.501343043044751e-18 2.451685486574291e-18 0.052083333333333336 0.0673828125 0.05208333333333334
0 0.1810788855088496 0.5854535398230087 0.08411400719026553 0.5768344395280235 0.08134852046460181 0.632144174041298 0.1783133987831859 0.6407632743362832
0 0.24821524784482762 0.6236081178160919 0.23382947198275866 0.622009698275862 0.2315800107758621 0.6580010775862069 0.24596578663793106 0.6595994971264367
0 0.16466243600682592 0.7607055247440273 0.1025390625 0.6953125 0.07029250213310582 0.7497733575085322 0.13241587563993176 0.8151663822525597
0 0.3243321389695211 0.7225277425012097 0.2778157315856314 0.7174989417029513 0.2757492176161104 0.7514816158684084 0.3222656250000001 0.7565104166666667
0 0.5019723109037327 0.6938978593647676 0.4708239961935166 0.6279367223313687 0.44803114255893906 0.6470714636542241 0.47917945726915523 0.7130326006876229
0 0.620833930619266 0.5960674694189603 0.5939291857798165 0.5767512423547402 0.5759299741972477 0.6213207186544343 0.6028347190366972 0.6406369457186544
0 0.5477764423076923 0.3130008012820514 0.5128455528846153 0.3036858974358976 0.5080378605769231 0.33573717948717957 0.54296875 0.3450520833333334
0 0.50390625 0.4114583333333334 0.49609375 0.4114583333333334 0.49609375 0.4361979166666668 0.50390625 0.4361979166666668
0 0.8554687499999998 0.3398437500000001 0.8435246394230769 0.3292267628205129 0.8357121394230769 0.34485176282051283 0.8476562499999998 0.35546875000000006
0 0.8808593750000002 0.3033854166666668 0.8649999999999999 0.30036458333333343 0.8630468749999999 0.3185937500000001 0.8789062500000002 0.32161458333333354