0 0.1146971257163324 0.15341078677172876 0.09677482539398283 0.0673837452244508 0.06917364344555874 0.07760640520534862 0.08709594376790832 0.16363344675262653
0 0.6559687499999999 0.23122916666666674 0.612828125 0.22077083333333342 0.60725 0.26167708333333345 0.6503906249999999 0.2721354166666668
0 0.7978515625 0.23958333333333348 0.7773437500000001 0.23307291666666682 0.7740745708154507 0.2513803201001432 0.7945823833154506 0.2578907367668099
0 0.9935546875 0.15208333333333354 0.9748046875 0.14375000000000016 0.9708984375 0.15937500000000018 0.9896484375 0.16770833333333357
0 0.9968060661764708 0.38604473039215687 0.9956916360294119 0.3667279411764706 0.9764246323529413 0.3687040441176471 0.9775390625000002 0.3880208333333333
0 0.7639331896551723 0.48048311781609193 0.7103569504310344 0.4631070402298851 0.6953125 0.5455729166666666 0.7488887392241379 0.5629489942528736
0 0.6826508620689655 0.036997126436781734 0.6745689655172413 0.03268678160919549 0.6696524784482758 0.049075071839080574 0.677734375 0.05338541666666682
0 0.48141891891891897 0.5102055180180182 0.44477407094594607 0.4951717342342344 0.4405933277027028 0.5132882882882884 0.4772381756756757 0.5283220720720723
0 0.4892578125 0.6666666666666667 0.4788109756097561 0.6576537093495937 0.46560594512195125 0.6848640752032521 0.47605278201219514 0.6938770325203253
0 0.38681480532786894 0.7186432718579236 0.3398821721311476 0.6799052254098362 0.30529264856557375 0.7544057377049181 0.3522252817622951 0.7931437841530057
0 0.2384722462016576 0.7527135128913446 0.19639049551104978 0.7208678637200736 0.1493244993093923 0.8314356008287294 0.19140625000000014 0.8632812500000002
0 0.34992187500000005 0.9072395833333334 0.32941406250000005 0.9033333333333334 0.3258593750000001 0.9365104166666666 0.3463671875000001 0.9404166666666666
0 0.6291081730769231 0.8369607371794872 0.6284356971153847 0.7858525641025641 0.5483822115384617 0.7877251602564103 0.5490546875000001 0.8388333333333333
0 0.5361328125000001 0.6953125000000001 0.5302734375 0.6875 0.5214843749999999 0.6992187500000001 0.52734375 0.7070312500000002
0 0.9115084134615385 0.9647435897435898 0.8916766826923077 0.9471153846153847 0.8734975961538461 0.9834735576923078 0.893329326923077 1.001101762820513
0 0.0421875 0.7130208333333333 0.035914522058823506 0.7058517156862744 0.020542279411764675 0.7297640931372549 0.026815257352941168 0.7369332107843136