0 1.0100455314490446 0.08336650743099802 0.9744103304140129 0.06939191878980905 0.9643647989649683 0.1149316613588112 1 0.12890625000000017
0 0.71875 0.05078124999999994 0.7041015625 -0.0078125 0.6818359375 0.0020833333333333333 0.696484375 0.06067708333333328
0 0.660337988225158 0.000026176287574301386 0.6015955943064331 -0.0013013354394025456 0.6010946923463527 0.03810295208692332 0.6598370862650775 0.03943046381390017
0 0.7722111936475409 0.17189207650273228 0.7628746157786885 0.14007855191256827 0.7339331454918032 0.15517844945355186 0.7432697233606558 0.18699197404371587
0 0.794921875 0.09505208333333345 0.7763671875 0.09505208333333345 0.7763671875 0.1289062500000001 0.794921875 0.1289062500000001
0 0.7158203125 0.13541666666666677 0.697265625 0.13151041666666677 0.6956820101351352 0.1448831644144145 0.7142366976351352 0.1487894144144145
0 0.4111797914534289 0.014482845018764904 0.39092386610798363 -0.006351821050835908 0.359375 0.04817708333333336 0.3796309253454453 0.06901174940293417
0 0.34968855574324326 0.005876970720720775 0.32245038006756765 -0.0001759572072071484 0.31835937500000006 0.03255208333333339 0.34559755067567566 0.03860501126126132
0 0.416015625 0.07161458333333333 0.4133932820431472 0.02266418147208121 0.3914627617385787 0.02475280245346869 0.39408510469543145 0.07370320431472083
0 0.51171875 0.12890625000000006 0.4683593749999999 0.10963541666666671 0.4605468749999999 0.14088541666666674 0.50390625 0.16015625000000006
0 0.04459528688524591 0.1366162909836066 0.01899654200819673 0.08148053278688525 -0.012403944672131139 0.10739839480874318 0.013194800204918039 0.1625341530054645
0 0.14476139530254778 0.2179704087048832 0.1357421875 0.17708333333333334 0.09534857683121019 0.19292396496815287 0.10436778463375795 0.23381104033970276
0 0.05841159326424873 0.2605583441278066 0.02050781250000002 0.21614583333333334 0.0036036674222798214 0.24179350172711572 0.04150744818652853 0.28620601252158895
0 0.16734651548672566 0.4460384402654867 0.13401375829646017 0.39524566740412986 0.10463046183628319 0.42952617994100295 0.13796321902654868 0.4803189528023599
0 0.14438396516393448 0.37778773907103835 0.09667968750000001 0.3385416666666667 0.07190637807377051 0.39207479508196724 0.11961065573770498 0.43132086748633885
0 0.05081025680693078 0.7613319925742574 0.001401995668316902 0.7547442244224422 -0.0034034653465345845 0.8188170379537953 0.04600479579207929 0.8254048061056106
0 0.16015625000000006 0.7565104166666667 0.13867187500000006 0.7278645833333335 0.123046875 0.7486979166666669 0.14453125 0.7773437500000002
0 0.26757812500000006 0.6315104166666666 0.2431773190045249 0.6019336821266968 0.22037613122171948 0.6353754242081447 0.24477693721719462 0.6649521587481146
0 0.2607902644230769 0.44125801282051286 0.23144531249999994 0.40625 0.20610877403846145 0.44400641025641024 0.2354537259615384 0.4790144230769231
0 0.023437500000000003 0.9752604166666666 0.022460937500000003 0.9453125000000001 -0.00008475825471698228 0.9466194968553461 0.0008918042452830177 0.9765674135220126
0 0.34938548018292687 0.7483549288617887 0.2690882240853659 0.725412855691057 0.2625285823170732 0.7662284044715448 0.3428258384146342 0.7891704776422765
0 0.27832031250000006 0.7265625 0.2279984778309742 0.725193198376353 0.227494340653622 0.7581301606300305 0.27781617532264785 0.7594994622536775
0 0.33111213235294135 0.923483455882353 0.2646484375000001 0.9166666666666666 0.2608226102941177 0.9829810049019609 0.327286305147059 0.9897977941176473
0 0.27579715780543 0.8597108314479639 0.2500000000000001 0.8580729166666667 0.2493062429298644 0.8774981146304678 0.27510340073529427 0.8791360294117648
0 0.3769531250000001 0.9036458333333334 0.3554687500000001 0.9036458333333334 0.3554687500000001 0.9596354166666666 0.3769531250000001 0.9596354166666666
0 0.4107421875 0.865625 0.4048828125 0.8421875 0.3685546875 0.8583333333333333 0.3744140625 0.8817708333333333
0 0.38520737206375844 0.664457494407159 0.34879797609060403 0.6284395973154363 0.3328190541107383 0.6571553411633111 0.36922845008389266 0.6931732382550336
0 0.41015625 0.5703125 0.3671875000000001 0.5703125 0.3671875000000001 0.64453125 0.41015625 0.64453125
0 0.43476159793814445 0.42748603951890046 0.39380637886597947 0.4032162800687286 0.3875241623711341 0.42206292955326474 0.4284793814432991 0.44633268900343653
0 0.5253906250000002 0.5377604166666667 0.5019531250000001 0.46484375 0.45433728448275873 0.49205280172413796 0.47777478448275873 0.5649694683908048
0 0.7032273592422097 0.3572946175637394 0.6754658728753541 0.25447429768649665 0.5525656205736544 0.31346641879131254 0.5803271069405099 0.41628673866855526
0 0.8636507601351351 0.33628941441441457 0.8184966216216217 0.3177646396396399 0.7954603040540542 0.4175886824324327 0.8406144425675676 0.43611345720720734
0 1.0034854109116023 0.17602584023941087 0.9493590296961326 0.17222749769797438 0.9419403919198895 0.36016632136279936 0.9960667731353592 0.3639646639042359
0 1 0.3593750000000001 0.974609375 0.3593750000000001 0.974609375 0.4283854166666668 1 0.4283854166666668
0 0.8976192989864865 0.48564189189189183 0.8857421875 0.4557291666666667 0.8606154983108109 0.4734656531531532 0.8724926097972971 0.5033783783783784
0 0.9224752723623855 0.4326619839449544 0.871048953555046 0.41209145642201855 0.8649207998853212 0.4393276949541286 0.9163471186926607 0.45989822247706447
0 0.7659822789634145 0.5498602642276423 0.7624094893292683 0.5069867886178863 0.7390434451219512 0.510448424796748 0.7426162347560975 0.553321900406504
0 0.8034470016891893 0.4890906531531532 0.791042018581081 0.4659346846846847 0.7664695945945945 0.4893369932432432 0.7788745777027029 0.5124929617117118
0 0.7214993990384615 0.37848557692307705 0.7026592548076922 0.37163461538461545 0.6917968749999999 0.4247395833333334 0.7106370192307692 0.431590544871795
0 0.8847656250000002 0.3346354166666668 0.8740234375 0.3307291666666668 0.870733173076923 0.346814903846154 0.8814753605769232 0.350721153846154
0 0.9448019320539421 0.576120548063624 0.8956901581950205 0.5586585840248964 0.8811673366182571 0.6312726919087138 0.9302791104771787 0.6487346559474414
0 0.9894709775750338 0.5690796953160528 0.9556976359993176 0.5168435936789452 0.9325159340893585 0.5434892280582085 0.9662892756650747 0.5957253296953162
0 0.9943380527978338 0.670403692839952 0.9313339068140793 0.6521416215403131 0.9196116313176894 0.7240382445848377 0.9826157773014439 0.7423003158844766
0 1.0000000000000002 0.7721354166666667 0.9990234375000002 0.7031250000000001 0.9533071063167261 0.7042750963819693 0.9542836688167261 0.7732855130486359
0 0.7687690548780488 0.822948424796748 0.7153915777439026 0.8150406504065041 0.7100323932926831 0.8793508638211384 0.7634098704268293 0.8872586382113823
0 0.7011718749999998 0.7981770833333334 0.6981074892241378 0.7491469109195403 0.6669921875 0.7526041666666667 0.670056573275862 0.8016343390804598
0 0.6272019307324841 0.828299164012739 0.5755038316082804 0.7641222133757962 0.558306379378981 0.7887506634819534 0.6100044785031847 0.8529276141188961
0 0.5845102163461539 0.9183693910256411 0.5693359374999999 0.8880208333333334 0.5425180288461539 0.9118589743589743 0.5576923076923077 0.9422075320512822
0 0.5764412715517242 0.6162895114942529 0.5537109375 0.6041666666666666 0.5436759159482758 0.6376167385057471 0.56640625 0.6497395833333334
0 0.7086881144662922 0.9743679775280901 0.6606407330380294 0.9064221856093347 0.6328125 0.9414062500000002 0.6808598814282628 1.0093520419187556
0 0.7343750000000001 0.9609375000000001 0.7167968750000001 0.9609375 0.7167968750000002 0.9986979166666667 0.7343750000000002 0.9986979166666669
0 0.8014956296772684 0.9802738638135329 0.7831081179840973 0.9182610792797005 0.7398981963283442 0.9410384023230433 0.7582857080215154 1.0030511868568757
0 0.9008363045302014 0.936302782438479 0.8787686136744967 0.8942690855704699 0.8312513108221475 0.9386185682326623 0.8533190016778522 0.9806522651006713
0 0.8345703125 0.7770833333333335 0.8154296875 0.7734375 0.812890625 0.7971354166666667 0.83203125 0.80078125
0 0.7638972355769231 0.7541065705128208 0.7533203125000002 0.7523437500000002 0.7511418269230771 0.7755809294871797 0.7617187500000001 0.7773437500000002
0 0.87890625 0.8463541666666669 0.8681640625 0.8463541666666669 0.8681640625 0.8684895833333336 0.87890625 0.8684895833333336
0 0.994140625 0.9843750000000002 0.97265625 0.9843750000000002 0.97265625 0.9986979166666669 0.994140625 0.9986979166666669
0 1.0020039498141267 0.9391505963444859 0.9719447026022306 0.9339229011771997 0.9690585792286246 0.9634254956629494 0.9991178264405207 0.9686531908302356
0 0.49876143292682923 0.26248094512195125 0.49740377286585363 0.24618902439024387 0.47189405487804875 0.24996824186991867 0.4732517149390244 0.26626016260162605