0 0.4794921875 0.08723958333333343 0.4478515624999999 0.06614583333333339 0.4390624999999999 0.08958333333333339 0.470703125 0.11067708333333343
0 0.443359375 0.13671875000000006 0.3974609375 0.0755208333333334 0.357421875 0.12890625000000008 0.4033203125 0.19010416666666677
0 0.2668372844827586 0.10430136494252877 0.25292968749999994 0.0963541666666667 0.2457570043103448 0.1186691810344828 0.2596646012931035 0.12661637931034486
0 0.34936857876712335 0.5030500856164385 0.3271484375000001 0.4895833333333334 0.3207940924657535 0.50822274543379 0.34301423373287676 0.5216894977168951
0 0.4140625000000001 0.6705729166666666 0.41193132769337026 0.6165832182320443 0.39798968404696133 0.617561579189687 0.40012085635359124 0.6715512776243094
0 0.6718749999999999 0.3919270833333332 0.6574640705853815 0.36706116591203103 0.6097426321959896 0.41622870849504084 0.624153561610608 0.4410946259163431
0 0.7307559742647058 0.35133272058823545 0.7054802389705882 0.3429074754901962 0.6954273897058824 0.3965226715686275 0.720703125 0.4049479166666668
0 0.7265624999999999 0.4518229166666668 0.7197265624999999 0.4270833333333334 0.6930259146341464 0.4401994410569106 0.6998618521341464 0.4649390243902439
0 0.8331502442586624 0.5016126527665861 0.8137732297542305 0.3609498808084878 0.7507294709407736 0.37638916868117106 0.7701064854452055 0.5170519406392694
0 0.087890625 0.8841145833333334 0.08151424632352944 0.8699448529411764 0.06600413602941177 0.8823529411764706 0.07238051470588233 0.8965226715686274
0 0.015625000000000066 0.7135416666666666 6.763064110525667e-17 0.7135416666666666 6.972354334989325e-17 0.7591145833333334 0.01562500000000007 0.7591145833333334
0 0.083984375 0.9752604166666667 0.08353651650788436 0.9519717750766536 0.04269798168528253 0.9533679643013578 0.04314584017739816 0.976656605891371