0 0.5537109374999999 8.881784197001253e-17 0.5242374785958903 -0.0014554794520547124 0.5233813142123287 0.029366438356164464 0.5528547731164383 0.030821917808219263
0 0.4868135170118344 0.16954049556213016 0.47876409948224863 0.1434757149901381 0.4531250000000001 0.15755208333333337 0.4611744175295859 0.18361686390532544
0 0.361328125 0.1809895833333334 0.3525390625 0.16927083333333334 0.32714843749999994 0.20312500000000003 0.3359375 0.21484375000000008
0 0.17227991615853658 0.06084857723577237 0.16880240091463414 0.019118394308943083 0.13557545731707318 0.02404090447154471 0.13905297256097562 0.06577108739837398
0 0.0771061315433213 0.06562594013237065 0.06328618569494585 0.05378027226233455 0.04142458258122744 0.09912285649819497 0.05524452842960289 0.11096852436823106
0 0.14314191365979384 0.1871107173539519 0.1357421875 0.1614583333333334 0.11768081507731958 0.17072057560137463 0.12508054123711337 0.19637295962199317
0 0.2018359375 0.4794791666666666 0.18652343750000003 0.47656249999999994 0.18390625000000002 0.5009895833333333 0.19921875000000006 0.50390625
0 0.3762039811643835 0.4058754280821919 0.3162724743150685 0.37590967465753433 0.2963265196917808 0.44682862442922383 0.35625802654109584 0.47679437785388135
0 0.39339384191176474 0.3387254901960785 0.35411305147058825 0.33469669117647066 0.35253906250000006 0.3619791666666668 0.3918198529411765 0.36600796568627464
0 0.6767578125000002 0.5104166666666667 0.6449451092007435 0.5048840226146222 0.6376263359665428 0.5796981490086743 0.6694390392657994 0.5852307930607189
0 0.7246093750000001 0.49609375 0.7224043764140272 0.4343537895927602 0.6941945347850679 0.43614489064856715 0.6963995333710408 0.497884851055807
0 0.755859375 0.5325520833333336 0.740234375 0.5117187500000002 0.716796875 0.5429687500000002 0.732421875 0.5638020833333336
0 0.8668283541633812 0.5196684194790518 0.7978515625 0.4010416666666667 0.7458484158157231 0.454797728407717 0.8148252074791044 0.5734244812201023
0 0.41376201923076916 0.8079927884615384 0.3897235576923077 0.8015825320512822 0.3864182692307693 0.8236177884615385 0.4104567307692307 0.8300280448717949
0 0.5419921875 0.9140625000000002 0.5097656249999999 0.8710937500000001 0.4970703124999999 0.8880208333333335 0.529296875 0.9309895833333336