0 0.82421875 0.03776041666666678 0.8158099419247786 0.024946994837758158 0.7976960038716813 0.04607992256637168 0.8061048119469026 0.0588933443952803
0 0.837890625 0.0013020833333334684 0.81640625 0.0013020833333334666 0.81640625 0.00911458333333347 0.837890625 0.009114583333333471
0 0.71816505393401 0.05388774323181066 0.6821412991751268 -0.001533417935702038 0.6369319083121827 0.050708544839255625 0.6729556630710659 0.10612970600676833
0 0.6386718749999999 0.2408854166666667 0.633625 0.20387500000000003 0.6176406249999999 0.20775000000000002 0.6226874999999998 0.24476041666666673
0 0.8286917264344261 0.33309426229508193 0.8177702356557377 0.295880293715847 0.7733638575819672 0.3190488387978142 0.7842853483606557 0.35626280737704913
0 0.8853815345699829 0.28181870081506466 0.867274781302698 0.23192453625632373 0.8302625685075883 0.2558033832209106 0.8483693217748733 0.3056975477796515
0 0.9130255315721648 0.5382302405498282 0.8994140624999998 0.5312500000000001 0.8963434278350514 0.5418948668384881 0.9099548969072163 0.5488751073883162
0 0.9089958639705882 0.5015012254901962 0.874115349264706 0.47190563725490203 0.8611672794117646 0.4990349264705883 0.8960477941176469 0.5286305147058824
0 0.8398437500000002 0.5924479166666665 0.8369140625000002 0.5703124999999999 0.8180841023489933 0.5747430788590603 0.8210137898489933 0.596878495525727
0 0.6372711043552036 0.5046662895927605 0.5849653563348417 0.4716310803167423 0.5757388291855203 0.49760204562594296 0.6280445772058824 0.5306372549019611
0 0.15218290441176469 0.32455575980392154 0.146875 0.2927083333333333 0.12329963235294117 0.2996936274509803 0.12860753676470588 0.3315410539215686
0 0.012620192307692313 0.00570913461538462 0.0009765625 0.002604166666666667 -0.001878004807692309 0.021634615384615384 0.009765625000000003 0.024739583333333336
0 0.083984375 0.45703125 0.0706285658713693 0.39025220435684643 0 0.41536458333333326 0.013355809128630703 0.4821436289764868
0 0.05078125000000007 0.6757812499999999 0.02792310393258433 0.6728786282771534 0.023863237359550628 0.7297167602996253 0.04672138342696637 0.7326193820224718
0 0.586180291781768 0.7295263581952119 0.48284810946132606 0.7222749769797422 0.48065219267955805 0.7779048687845302 0.583984375 0.78515625
0 0.6083984375000001 0.5885416666666666 0.5958268308465287 0.5838138829679254 0.5850846433465287 0.6345951329679254 0.5976562500000001 0.6393229166666666
0 0.541015625 0.6419270833333334 0.529296875 0.6315104166666666 0.521484375 0.6471354166666666 0.533203125 0.6575520833333334
0 0.49648965371621623 0.7609797297297298 0.4471600506756757 0.7139991554054055 0.41034100506756754 0.7827280405405407 0.45967060810810806 0.829708614864865
0 0.4798467356687898 0.8891072850318472 0.46233081210191085 0.8763684315286625 0.44732782643312097 0.9130423964968154 0.46484375 0.92578125
0 0.6563251201923077 0.8119991987179488 0.6470102163461537 0.793369391025641 0.6204176682692307 0.8170072115384615 0.6297325721153847 0.8356370192307693
0 0.6661562196011673 0.9540318985084307 0.6462145853599222 0.9523700956549935 0.6440106699902723 0.9993869568741894 0.6639523042315175 1.0010487597276265
0 0.9990234375 0.7734375000000001 0.9629937793230565 0.7710748994638071 0.959943134215818 0.8537812779267205 0.9959727923927615 0.8561438784629135
0 0.974609375 0.8854166666666669 0.962890625 0.8854166666666669 0.962890625 0.9153645833333336 0.974609375 0.9153645833333336