0 0.6279296875 8.881784197001253e-17 0.5711995711797355 -0.003491084081246972 0.5682698836797355 0.08114433258541971 0.625 0.08463541666666677
0 0.380859375 0.0013020833333333892 0.3046875 0.0013020833333333834 0.3046875 0.028645833333333384 0.380859375 0.028645833333333388
0 0.3253144054878049 0.07434578252032518 0.3240520198170732 0.059197154471544715 0.299828506097561 0.06278582317073171 0.30109089176829273 0.07793445121951219
0 0.21364588747401245 0.06904290107415112 0.17466459849272345 0.013602845634095676 0.12678258186070684 0.07345536642411646 0.16576387084199581 0.1288954218641719
0 0.07942132190265486 0.006395188053097344 0.0791015625 -9.251858538542971e-19 0.064453125 0.0013020833333333324 0.06477288440265486 0.007697271386430677
0 0.13095543032786888 0.23426827185792354 0.10735783811475412 0.23140795765027325 0.10530865778688528 0.2614626024590164 0.12890625000000003 0.26432291666666674
0 0.3782840744372442 0.2733060482037289 0.3421978917974079 0.23182767735334237 0.31611847714870395 0.27216383867667115 0.35220465978854026 0.3136422095270577
0 0.31403245192307694 0.34276842948717956 0.26957632211538457 0.3266025641025641 0.2605168269230769 0.3708934294871795 0.30497295673076924 0.3870592948717949
0 0.11718750000000008 0.5559895833333334 0.07128906250000008 0.5104166666666666 0.05892704389924295 0.5325505666375462 0.10482548139924294 0.5781234833042129
0 0.017578125000000062 0.6822916666666666 6.607591372352662e-17 0.6822916666666666 6.948435452193479e-17 0.7565104166666666 0.01757812500000007 0.7565104166666666
0 0.12929687500000003 0.8708333333333333 0.12167968749999998 0.8505208333333333 0.0947265625 0.8684895833333334 0.10234375000000004 0.8888020833333333
0 0.3774919181034483 0.9969019396551725 0.3720568426724138 0.9099407327586209 0.30012796336206893 0.9179328304597704 0.30556303879310337 1.004894037356322
0 0.544921875 0.8658854166666666 0.4971624410377359 0.8305080581761007 0.475696491745283 0.8820263364779877 0.5234559257075471 0.9174036949685537
0 0.45179822198275865 0.697009698275862 0.4026602909482759 0.6915499281609195 0.39806707974137934 0.7650413074712644 0.4472050107758621 0.7705010775862069
0 0.32812499999999994 0.64453125 0.3251953125 0.6197916666666667 0.3063397381756757 0.6237612612612613 0.30926942567567567 0.6485008445945944
0 0.4177357630076143 0.5824740905245348 0.37262551554568524 0.5130737098138749 0.351582328680203 0.5373902813028766 0.396692576142132 0.6067906620135365
0 0.5175781249999999 0.3138020833333333 0.47984828211325964 0.2852497697974217 0.46688643819060766 0.31569981583793744 0.5046162810773479 0.3442521293738491
0 0.649727703010949 0.2576604318734795 0.6346515739051095 0.2482797293187349 0.6174868841240876 0.29732170012165465 0.632563013229927 0.3067024026763992
0 0.7423351753048781 0.23286331300813015 0.7324647484756098 0.19714176829268298 0.7028677591463415 0.21168064024390248 0.7127381859756098 0.24740218495934965
0 0.8771729627521145 0.3897202342225115 0.7637328704456734 0.37420705920624603 0.7537474076935589 0.5040180749837346 0.8671875 0.5195312500000001
0 0.650390625 0.6393229166666669 0.6279296875 0.6093750000000002 0.6191406250000001 0.6210937500000001 0.6416015625000001 0.6510416666666667
0 0.9276551942567568 0.5357896959459462 0.9078600084459459 0.5313907657657659 0.9040329391891891 0.5620073198198201 0.923828125 0.5664062500000002
0 0.9520729022790053 0.31449269106814015 0.9418756474447513 0.3022559852670352 0.9178392610497237 0.33786544659300205 0.9280365158839778 0.35010215239410697
0 1.0000000000000002 0.49609375 0.9994373566513763 0.47133744266055044 0.9667968750000002 0.47265625 0.967359518348624 0.49741255733944956