0 0.4347505613464073 0.1285380273566249 0.4334199386123928 0.09601169385849265 0.37489378192979567 0.100268141617227 0.3762244046638102 0.13279447511535922
0 0.3282462284482758 0.08347701149425293 0.31078933189655167 0.06278735632183914 0.28918372844827583 0.09519576149425293 0.306640625 0.11588541666666673
0 0.26988983789550375 0.20441732583957817 0.2693035751457119 0.16611482618651124 0.2202567196606994 0.1674494344990286 0.22084298241049125 0.2057519341520955
0 0.18554687499999997 0.11067708333333338 0.16246985109060402 0.06672084731543625 0.13527029152684564 0.0921071029082774 0.15834731543624161 0.13606333892617453
0 0.3284254807692307 0.2988782051282052 0.31400240384615385 0.28605769230769235 0.2965745192307693 0.32091346153846156 0.31099759615384615 0.3337339743589744
0 0.65625 0.20052083333333345 0.5859375 0.20052083333333345 0.5859375 0.23567708333333345 0.65625 0.23567708333333345
0 0.6317408738938053 0.3157033554572273 0.6226666205752212 0.3018759218289086 0.5985377488938053 0.3300262721238939 0.6076120022123893 0.3438537057522125
0 0.559209735576923 0.46698717948717955 0.5537109375 0.4401041666666667 0.5337139423076923 0.44737580128205134 0.5392127403846153 0.4742588141025642
0 0.8608426517571883 0.49977619142705015 0.8097806010383387 0.4622612153887116 0.7882993460463259 0.5142405484558042 0.8393613967651756 0.5517555244941428
0 0.8792041404177718 0.7391239776746245 0.8556630263594164 0.717544623121132 0.8303319794429707 0.76667150198939 0.8538730935013261 0.7882508565428825
0 1.0029296874999998 0.8736979166666666 0.9897818216463413 0.8517848069105691 0.9751333841463413 0.8674098069105691 0.9882812499999998 0.8893229166666666
0 0.7150390625000002 0.9302083333333335 0.7080078125000002 0.9270833333333336 0.7050781250000002 0.9388020833333335 0.7121093750000002 0.9419270833333334
0 0.5371093750000001 0.6575520833333336 0.48837706367924527 0.6130945361635222 0.46231574292452826 0.6638806996855346 0.5110480542452831 0.7083382468553461
0 0.3263849065721649 0.6896864261168384 0.22326796069587634 0.6034643470790378 0.17612395296391753 0.7036984536082473 0.27924089884020614 0.789920532646048
0 0.026235787809472548 0.7622457503588087 0.023306100309472548 0.7062561670254753 0.0009765624999999945 0.7083333333333333 0.0039062499999999944 0.7643229166666666
0 0.08258724908759127 0.857987378345499 0.024250114051094895 0.8297027068126522 0.00420563412408761 0.9031991332116791 0.06254276916058399 0.9314838047445257
0 0.3984375000000001 0.9401041666666666 0.3925781250000001 0.9401041666666666 0.3925781250000001 0.95703125 0.3984375000000001 0.95703125