0 0.6888671875 0.42734375000000013 0.6794921875 0.4210937500000001 0.673828125 0.4361979166666668 0.683203125 0.4424479166666668
0 0.9912767731741573 0.640244616104869 0.974730073735955 0.6351533239700375 0.9717345505617976 0.652460791198502 0.9882812499999998 0.6575520833333334
0 0.9592548076923076 0.9700721153846156 0.9483173076923078 0.9617387820512823 0.9368389423076925 0.9885216346153847 0.9477764423076923 0.996854967948718
0 0.9541550727739727 0.8717180365296806 0.9373796018835616 0.861551084474886 0.9282828553082192 0.888234874429224 0.9450583261986303 0.8984018264840186
0 0.9651442307692308 0.27413862179487175 0.9595102163461539 0.23657852564102566 0.9414813701923077 0.24138621794871798 0.9471153846153847 0.2789463141025641
0 0.39433593750000007 0.8559895833333333 0.35527343750000007 0.8299479166666668 0.34746093750000007 0.8507812500000003 0.38652343750000007 0.8768229166666668
0 0.4121093749999999 0.4700520833333333 0.388671875 0.4596354166666668 0.37578125 0.5111979166666668 0.3992187499999999 0.5216145833333333
0 0.6321262668918919 0.6286247184684687 0.5920344172297296 0.5904420045045047 0.57421875 0.6236979166666669 0.6143105996621623 0.6618806306306309
0 0.10816406250000002 0.17619791666666668 0.0466015625 0.11463541666666668 0.028320312500000007 0.14713541666666666 0.0898828125 0.20869791666666668
0 0.203125 0.2838541666666667 0.15820312500000006 0.2838541666666667 0.15820312500000006 0.36328125 0.203125 0.36328125
0 0.3711282169117648 0.5606004901960785 0.2991383272058824 0.5532169117647059 0.29588694852941183 0.6095741421568629 0.36787683823529416 0.6169577205882355
0 0.5077970297029701 0.440570853960396 0.49310991646039587 0.35384694719471954 0.41224087252475244 0.3781946163366337 0.42692798576732666 0.4649185231023102
0 0.2726496958892618 0.15715534116331095 0.19824218750000006 0.023437499999999955 0.126479918204698 0.09442813199105142 0.20088742659395975 0.22814597315436244
0 0.416015625 0.9986979166666665 0.41565682408146964 0.9867378860489883 0.3904627595846645 0.9880815694888179 0.39082156050319483 1.0000416001064962