0 0.376953125 0.48567708333333337 0.3642578125 0.47395833333333337 0.356734375 0.48844791666666676 0.3694296875 0.5001666666666668
0 0.6504136029411764 0.3240808823529413 0.6334558823529411 0.3190563725490197 0.6289981617647059 0.34580269607843145 0.6459558823529412 0.350827205882353
0 0.92578125 0.6601562500000002 0.904296875 0.6315104166666669 0.8798828125 0.6640625000000001 0.9013671875000002 0.6927083333333336
0 0.7349053899082569 0.25380590596330277 0.7342226920871561 0.2237672018348624 0.6931264334862386 0.22542765672782877 0.6938091313073393 0.2554663608562691
0 0.376953125 0.10026041666666675 0.3583984375 0.07552083333333343 0.326171875 0.11848958333333343 0.3447265625 0.14322916666666677
0 0.31495366165785993 0.10469816435490979 0.29708011682628793 0.0556335314839278 0.251657705168428 0.08504995046235139 0.26953125 0.1341145833333334
0 0.13762160966981138 0.8329893867924529 0.09981205778301891 0.8049823113207548 0.08470297759433967 0.841244103773585 0.12251252948113214 0.8692511792452832
0 0.34682992788461536 0.4026442307692308 0.27133413461538464 0.3825120192307692 0.2635216346153847 0.43459535256410253 0.3390174278846154 0.45472756410256404
0 0.842548076923077 0.5011017628205128 0.824969951923077 0.3839142628205128 0.7979266826923077 0.39112580128205127 0.8155048076923077 0.5083133012820513
0 0.914513221153846 0.49048477564102577 0.8484074519230769 0.4728565705128206 0.8384915865384615 0.5389623397435898 0.9045973557692306 0.556590544871795
0 0.09991355020491803 0.3599299863387978 0.09411821209016394 0.2749316939890711 0.0419921875 0.28125 0.04778752561475409 0.3662482923497267
0 0.6047142040937996 0.3223660241123477 0.5650772555643879 0.29938808293587715 0.531930022853736 0.4010395965818761 0.5715669713831477 0.42401753775834666
0 0.7578124999999999 0.5325520833333334 0.6806640625 0.4296875000000001 0.6455078125 0.4765625000000002 0.7226562499999999 0.5794270833333335
0 0.3724229120575223 0.8630000921828909 0.3168297151548673 0.8326765302359882 0.2783911780973451 0.9579576880530974 0.3339843750000001 0.9882812500000002
0 0.9797499999999999 0.27728125000000003 0.9608125 0.13840625 0.8820937499999999 0.15748958333333335 0.90103125 0.29636458333333343