0 1 0.10156250000000017 0.978515625 0.10156250000000015 0.978515625 0.16276041666666685 1 0.16276041666666685
0 0.7409269465290808 0.6026618198874298 0.7064137986632272 0.5986602954971859 0.7018149771341464 0.6691755589430897 0.7363281250000001 0.6731770833333336
0 0.4948478541275798 0.2795204033771108 0.44537479479362113 0.2737843964978113 0.44019333372420266 0.3532334662288931 0.4896663930581614 0.3589694731081927
0 0.4176791487068966 0.721928879310345 0.39762931034482757 0.6993085488505747 0.38184940732758615 0.7241738505747127 0.4018992456896552 0.7467941810344829
0 0.431640625 0.67578125 0.4296554815573771 0.64666581284153 0.4150390625000001 0.6484375 0.417024205942623 0.67755293715847
0 0.36921684451219516 0.8246125508130081 0.3332174161585366 0.7504319105691056 0.2937785823170732 0.7844575711382114 0.3297780106707318 0.8586382113821138
0 0.291015625 0.5377604166666666 0.2822265625 0.49479166666666674 0.2686748798076923 0.4997195512820513 0.2774639423076923 0.5426883012820514
0 0.19177667025862077 0.5318336925287356 0.1668844288793104 0.5290678879310344 0.1645608836206897 0.5662446120689655 0.18945312500000006 0.5690104166666666
0 0.23885202986054974 0.3491214884801941 0.13513588192198872 0.31251578920776074 0.10634584049110754 0.45753229419293995 0.21006198842966856 0.4941379934653733
0 0.08398437500000003 0.3411458333333333 3.151312808352809e-17 0.3411458333333333 3.695467391958322e-17 0.4596354166666667 0.08398437500000004 0.4596354166666667
0 0.044207317073170674 0.5932101117886179 0.014567454268292623 0.5676384654471546 -0.0124714176829269 0.6233549288617886 0.017168445121951148 0.6489265752032519
0 0.08037877457865175 0.5704851357677901 0.027130881320224766 0.527097963483146 0.015157566713483183 0.553221558988764 0.06840545997191017 0.5966087312734082
0 0.025033511156845822 0.7822609763142692 0.0009765625000000445 0.7473958333333333 -0.01950247779462737 0.7725167894280761 0.0045544708622184075 0.8073819324090121
0 0.10477049957841489 0.9011141266160764 0.08100692980607085 0.8356322899100619 0.027964600021079235 0.869853147835863 0.051728169793423276 0.9353349845418776
0 0.08629066780821923 0.9677547089041096 0.05696971318493151 0.9256528253424657 0.046781357020547934 0.9382669805936072 0.07610231164383566 0.9803688641552512
0 0.12758027522935783 0.9637925267584098 0.1201171875 0.9453125 0.07644065366972477 0.9766700114678899 0.08390374139908259 0.9951500382262997
0 0.1252076852375566 0.1471413084464555 0.058435555712669694 0.0773614253393665 0.013097426470588236 0.15448835784313725 0.07986955599547511 0.2242682409502263
0 0.041680090206185565 0.06506389604810997 0.022048163659793816 -0.0029934493127147773 -0.007399726159793812 0.01210803264604811 0.012232200386597936 0.08016537800687286
0 0.03406599207380458 0.02454738392238393 0.0009765625000000007 0.007812500000000002 -0.006594334719334717 0.03442535083160083 0.02649509485446986 0.05116023475398476
0 0.08984375 0.0013020833333333437 0.037109375 0.0013020833333333393 0.037109375 0.022135416666666675 0.08984375 0.022135416666666678
0 0.1518382352941176 0.04071691176470589 0.09731158088235295 -0.021599264705882353 0.07421875 0.014322916666666675 0.12874540441176469 0.07663909313725492
0 0.36594348768248175 0.051215024330900326 0.27958485401459854 -0.010300714720194648 0.21179744525547442 0.15887811739659366 0.29815607892335766 0.22039385644768864
0 0.31856242264851486 0.06630311468646871 0.23482943997524752 0.05513871699669971 0.22452235457920794 0.19256652227722776 0.3082553372524753 0.20373091996699674
0 0.296875 0.001302083333333378 0.248046875 0.001302083333333374 0.248046875 0.024739583333333374 0.296875 0.02473958333333338
0 0.24063460553278687 0.06576588114754099 0.22315253586065573 0.012487192622950822 0.19723040471311468 0.02760843579234975 0.21471247438524585 0.08088712431693992
0 0.1964629496224165 0.16376854795972445 0.1650390625 0.1145833333333334 0.1383784404809221 0.14486453365129842 0.1698023276033386 0.19404974827768948