0 0.1787109375 2.710806716862631e-17 0.14453125 2.431753084244419e-17 0.14453125 0.027343750000000024 0.1787109375 0.02734375000000003
0 0.13964843749999997 2.960594732333751e-17 0.11263343131188117 -0.029470915841584136 0.08626624381188117 0.013497834158415848 0.11328124999999997 0.042968750000000014
0 0.4542562217194571 0.0503570418552037 0.4112918905542987 0.04762914781297141 0.4095773826357466 0.09563536953242842 0.452541713800905 0.09836326357466071
0 0.08984375 0.054687500000000014 0.027343750000000007 0.05468750000000001 0.02734375000000001 0.08723958333333333 0.08984375 0.08723958333333333
0 0.220703125 0.06380208333333336 0.1923828125 0.026041666666666696 0.1630859375 0.06510416666666671 0.19140625 0.10286458333333338
0 0.041848838876146856 0.5757239105504587 0.0032343033256881258 0.5602780963302751 -0.009317660550458707 0.6160646024464832 0.02929687500000002 0.6315104166666666
0 0.86516043966877 0.6635819203470034 0.8180266660094642 0.6560405165615144 0.8122412263406943 0.7203231795478445 0.8593750000000002 0.7278645833333336
0 0.1854319852941177 0.8366268382352942 0.14694393382352944 0.8058363970588236 0.11471737132352948 0.8774509803921567 0.15320542279411775 0.9082414215686274
0 0.9268144731228668 0.5247484712741753 0.9013671875 0.4817708333333336 0.855202111774744 0.5303656498862346 0.8806493973976108 0.5733432878270764
0 0.701171875 0.6692708333333334 0.650390625 0.6692708333333334 0.650390625 0.7760416666666666 0.701171875 0.7760416666666666
0 0.20050117924528305 0.14479658018867925 0.13266509433962265 0.06188580974842768 0.09310141509433963 0.11943297955974844 0.1609375 0.20234375000000002
0 0.315063672922252 0.3367459785522789 0.26835413873994635 0.2680239052725648 0.20171539879356565 0.3485457160411081 0.2484249329758713 0.41726778932082226
0 0.30664062500000006 0.21223958333333334 0.30447785263761473 0.1170775993883792 0.19810063073394496 0.12137566896024467 0.2002634030963303 0.2165376529051988
0 0.20960761938202244 0.28033707865168545 0.013469978932584295 0.25543071161048686 0.001777563202247201 0.4191245318352059 0.19791520365168536 0.44403089887640446