0 0.5867227770618555 0.24389228951890032 0.5704937177835051 0.2355696950171822 0.5626409471649484 0.2627926331615121 0.5788700064432988 0.27111522766323026
0 0.22589965187823835 0.06773531951640763 0.2197265625 0.03645833333333335 0.195884269753886 0.0448240500863558 0.20205735913212433 0.07610103626943007
0 0.34592185548501253 0.000032524979184071305 0.29691484309950045 -0.0013009991673604846 0.2965741439425479 0.02095801242020543 0.34558115632806 0.022291536566749988
0 0.1708031631097561 0.24104420731707318 0.16858803353658536 0.2144626524390244 0.1420064786585366 0.2184006605691057 0.14422160823170732 0.24498221544715448
0 0.13503502155172414 0.41105423850574724 0.10651266163793105 0.3947557471264369 0.08196390086206899 0.4711296695402299 0.1104862607758621 0.4874281609195402
0 0.052734374999999965 0.6471354166666665 0.047851562499999965 0.6276041666666665 0.034960937499999976 0.6333333333333332 0.039843749999999976 0.6528645833333332
0 0.23046875 0.6028645833333335 0.2255859375 0.5859375 0.22113603414948452 0.588219501718213 0.22601884664948457 0.6051465850515465
0 0.3798527644230769 0.4382211538461539 0.3723707932692307 0.4016426282051283 0.34675480769230765 0.4109575320512821 0.35423677884615384 0.4475360576923077
0 0.2826625086325967 0.8884351979742175 0.2638963225138121 0.8310327463167589 0.22728332182320443 0.8523120971454882 0.24604950794198896 0.9097145488029468
0 0.5393394828808753 0.6706045718530526 0.5014482247771476 0.6662741423554835 0.4994539480348461 0.6972962250135062 0.5373452061385738 0.7016266545110752
0 0.8403906249999998 0.7214583333333333 0.8248046875 0.69375 0.7862109375 0.73234375 0.801796875 0.7600520833333334
0 0.07226562500000007 0.7877604166666667 0.06347656250000007 0.7838541666666667 0.060742187500000086 0.7947916666666667 0.06953125000000009 0.7986979166666667