0 0.8638537176724137 0.07808010057471278 0.8155239762931034 0.07271012931034496 0.8099339978448276 0.1621497844827587 0.8582637392241379 0.16751975574712658
0 0.7691865808823529 0.10600490196078424 0.7470703125 0.08072916666666667 0.7190831801470587 0.1242647058823529 0.7411994485294117 0.14954044117647047
0 0.7261127947064058 0.15493957591933563 0.6787109375000002 0.10937499999999994 0.663197147464413 0.13806717081850525 0.7105990046708186 0.18363174673784097
0 0.34456754486482283 0.1573408690698156 0.30291038688626476 0.09279103868862647 0.2875123815257924 0.11045696731924591 0.3291695395043505 0.175006797700435
0 0.4848876201923077 0.09494871794871798 0.48364783653846166 0.0007251602564102566 0.40171033653846155 0.002641826923076914 0.40295012019230764 0.09686538461538463
0 0.5150469672217538 0.4081032181000561 0.4677734375000001 0.37760416666666663 0.4478387173271502 0.43253539558740856 0.4951122470489039 0.46303444702079816
0 0.6308963260135135 0.4484023085585586 0.6259765625000001 0.4270833333333334 0.5747149493243244 0.44811373873873883 0.5796347128378379 0.46943271396396397
0 0.7129338357300885 0.6753433812684368 0.687698769358407 0.6459024705014751 0.6457152240044247 0.7098773967551625 0.6709502903761063 0.7393183075221241
0 0.5530582091968912 0.7684113234024181 0.48989536107512954 0.7462489205526771 0.4802309342616581 0.7952153497409327 0.5433937823834197 0.8173777525906736
0 0.37776295731707316 0.5905424288617886 0.3414634146341463 0.5300431910569107 0.2785823170731707 0.5971163617886179 0.31488185975609756 0.657615599593496
0 0.14700772617403315 0.3700290630755064 0.13114532976519336 0.35099418738489874 0.10759452693370167 0.3858842656537753 0.12345692334254146 0.404919141344383
0 0.1959500064968815 0.5286377122314623 0.17252265787422041 0.44628703222453225 0.10440082510395013 0.48073945339570334 0.12782817372661123 0.5630901334026335
0 0.09257812500000002 0.5919270833333334 0.0740234375 0.5424479166666667 0.052929687499999975 0.5565104166666667 0.071484375 0.6059895833333334
0 0.1592782396788991 0.6397529625382263 0.15256773222477066 0.6231364678899083 0.11692768061926609 0.6487241972477064 0.12363818807339452 0.6653406918960244
0 0.09387039811643838 0.6931364155251143 0.03574486301369868 0.6579088184931509 0.016815603595890495 0.7134346461187216 0.0749411386986302 0.7486622431506851
0 0.060632621951219566 0.7458460365853659 0.03883384146341471 0.7324314024390244 0.024771341463414708 0.7730564024390243 0.04657012195121957 0.7864710365853658
0 0.07421875000000008 0.8190104166666667 0.04666444005576217 0.8142183627633209 0.04490009293680306 0.8322539110904584 0.07245440288104096 0.8370459649938042
0 0.15039062500000008 0.8971354166666666 0.07902415438305357 0.8850734779708447 0.07410969225888334 0.9367663388324873 0.14547616287582985 0.9488282775283091
0 0.24218750000000008 0.7903645833333334 0.19238281250000006 0.7682291666666666 0.18476562500000004 0.7986979166666667 0.23457031250000004 0.8208333333333333
0 0.4856500971502591 0.8648936744386876 0.4740679647020725 0.8384202288428325 0.4408547198834197 0.8642527525906737 0.45243685233160624 0.8907261981865288