0 0.553515625 0.026822916666666755 0.5400390625 0.020833333333333422 0.5333984375 0.04739583333333342 0.546875 0.053385416666666755
0 0.603515625 0.42838541666666674 0.5914938038793104 0.42151580459770127 0.5842200969827587 0.4441451149425289 0.5962419181034482 0.45101472701149437
0 0.5097656249999999 0.4127604166666667 0.5090045797413792 0.39551005747126433 0.48828125 0.39713541666666663 0.48904229525862064 0.41438577586206893
0 0.22665028089887634 0.02076018258426969 0.2085344978932584 0.015186095505618002 0.205078125 0.03515625000000003 0.22319390800561795 0.040730337078651715
0 0.20746635210396042 0.13872988861386143 0.1916092976485149 0.13661561468646868 0.1892210705445545 0.16845864273927397 0.205078125 0.1705729166666667
0 0.9246976669520548 0.8059360730593609 0.9155340325342465 0.7790560787671234 0.8934610445205481 0.792433647260274 0.9026246789383563 0.8193136415525115
0 0.24769831730769237 0.6462820512820514 0.20233774038461547 0.6249358974358974 0.19703725961538468 0.644959935897436 0.2423978365384616 0.6663060897435898
0 0.11432643581081084 0.47268440315315313 0.09779349662162162 0.43104588963963963 0.07643581081081081 0.44612190315315314 0.09296875000000002 0.48776041666666664
0 0.59375 0.6041666666666666 0.576171875 0.6041666666666666 0.576171875 0.66015625 0.59375 0.66015625
0 0.4489691198224852 0.009757149901380716 0.43706776997041424 -0.008616863905325426 0.3877681213017751 0.04815242850098616 0.39966947115384616 0.06652644230769231
0 0.4786328125 0.1903125000000001 0.4501953125 0.18489583333333343 0.4444921875 0.23812500000000011 0.47292968750000003 0.2435416666666668
0 0.5569151182432434 0.09776886261261263 0.5439453125 0.0651041666666666 0.5057168496621622 0.09208896396396395 0.5186866554054055 0.12475365990990997
0 0.4645733173076924 0.7614383012820515 0.4383413461538462 0.7342347756410257 0.4087890625 0.7848958333333333 0.43502103365384626 0.8120993589743591
0 0.9788205030487804 0.7262893800813006 0.934765625 0.6882812499999998 0.9163729039634146 0.7261814024390243 0.960427782012195 0.764189532520325
0 0.19140625 0.2330729166666667 0.14714763133208256 0.21429653298936835 0.13347575633208256 0.27158819965603503 0.177734375 0.29036458333333337
0 0.266362487033195 0.28993235650069155 0.24474439185684643 0.24014522821576764 0.20971375778008294 0.2671864194329184 0.2313318529564315 0.3169735477178423
0 0.8244088772123893 0.10947870575221254 0.7953712665929202 0.06523091814159294 0.763982992256637 0.10185057153392331 0.7930206028761061 0.1460983591445429
0 0.4650390625000001 0.5059895833333334 0.4208984375 0.4765625000000001 0.39921875 0.5343750000000002 0.4433593750000001 0.5638020833333335
0 0.3706651230203622 0.9377828054298646 0.30821373020362003 0.9338176376319761 0.30619874151583726 0.9902373208898945 0.36865013433257937 0.9942024886877829
0 0.3949831081081081 0.18606278153153152 0.39361697635135134 0.10773789414414413 0.3388682432432432 0.10943552927927927 0.340234375 0.18776041666666668
0 0.81640625 1.290822374882529e-16 0.759765625 1.2445792014772255e-16 0.759765625 0.0651041666666668 0.81640625 0.0651041666666668
0 0.4223430027686887 0.86445846704841 0.32846690748489815 0.7310825939676147 0.300091781635414 0.7665878796459434 0.3939678769192046 0.8999637527267389