0 0.8169232536764707 0.09099264705882355 0.7976217830882353 0.04810049019607856 0.7482192095588236 0.0876225490196079 0.7675206801470588 0.1305147058823529
0 0.6680475345919326 0.16811288305190755 0.6086970860694184 0.12718153924327716 0.5906132739212009 0.17379758833646036 0.6499637224437149 0.21472893214509078
0 0.2337374705188679 0.04403007075471701 0.1824403007075472 0.031205778301886814 0.1778965212264151 0.0635170990566038 0.22919369103773585 0.076341391509434
0 0.025473179768041247 0.0014846434707903868 0.0009765625 1.590163186312073e-19 -0.0010591172680412425 0.05971327319587628 0.023437500000000007 0.061197916666666664
0 0.03477367912371134 0.11929499570446733 0.0205078125 0.11197916666666666 0.016531088917525777 0.1257651417525773 0.03079695554123712 0.133080970790378
0 0.16282091005665725 0.41666445349386205 0.15918024079320114 0.3757502655807366 0.057982914305949 0.3917588822001889 0.061623583569405095 0.4326730701133144
0 0.25210937499999997 0.5756770833333335 0.2509765625 0.5651041666666666 0.23621093749999997 0.5679166666666667 0.23734374999999996 0.5784895833333334
0 0.28125 0.5533854166666666 0.2673046875 0.5507291666666667 0.2653515625 0.5689583333333333 0.279296875 0.5716145833333334
0 0.37890625000000006 0.6783854166666666 0.33105468750000006 0.65625 0.315810873605948 0.7148340690830236 0.363662436105948 0.7369694857496902
0 0.4013671875000001 0.5833333333333335 0.38640013677055707 0.5796377652519895 0.38140075845490723 0.6156332891246685 0.3963678091843502 0.6193288572060125
0 0.4453125 0.3750000000000001 0.38671875 0.3750000000000001 0.38671875 0.4622395833333334 0.4453125 0.4622395833333334
0 0.6791671418795622 0.6995894160583943 0.6491218065693432 0.680894540754258 0.6328053718065693 0.7275129257907544 0.6628507071167883 0.7462078010948907
0 0.7932812499999998 0.65265625 0.7802734374999998 0.6276041666666669 0.7550859374999999 0.650854166666667 0.7680937499999998 0.6759062500000002
0 0.765625 0.5338541666666669 0.755859375 0.5338541666666669 0.755859375 0.5664062500000002 0.765625 0.5664062500000002
0 0.666015625 0.3020833333333334 0.6396484375 0.3020833333333334 0.6396484375 0.3502604166666668 0.666015625 0.3502604166666668
0 0.9736116976351349 0.39391891891891884 0.9649334881756755 0.32063626126126127 0.8545080236486488 0.3438837274774774 0.8631862331081083 0.41716638513513504
0 1 0.6484375000000002 0.98828125 0.6484375000000002 0.98828125 0.6835937500000002 1 0.6835937500000002
0 0.7779296875 0.9651041666666667 0.765625 0.9596354166666666 0.76015625 0.9815104166666668 0.7724609375 0.9869791666666669
0 0.6849037728658538 0.912665142276423 0.6662538109756099 0.9099021849593499 0.6649437881097563 0.9256224593495938 0.6835937500000002 0.9283854166666669
0 0.36328125000000006 0.8450520833333336 0.35449218750000006 0.8307291666666669 0.3495997060643565 0.8360664191419144 0.3583887685643565 0.850389335808581
0 0.14593324566831692 0.7638588077557756 0.10058593750000008 0.7578125 0.09332456683168325 0.8546307755775578 0.13867187500000008 0.8606770833333335