0 0.2734375 0.10546875000000003 0.23214304956896553 0.073767959770115 0.20719019396551727 0.13155352011494256 0.24848464439655174 0.1632543103448276
0 0.6127049814356434 0.10950649752475249 0.6081296410891088 0.08249020214521456 0.5533377165841584 0.0989866955445545 0.5579130569306929 0.12600299092409242
0 0.6998116216715975 0.36106385601577906 0.6962890624999999 0.296875 0.6495215421597633 0.30143768491124256 0.6530441013313609 0.3656265409270217
0 0.5726562500000001 0.42734375000000013 0.510682091346154 0.4048076923076925 0.5000450721153847 0.4568108974358976 0.5620192307692309 0.47934695512820524
0 0.5907260237068965 0.5952586206896553 0.5638335129310346 0.5528825431034484 0.5430832435344828 0.5762931034482759 0.5699757543103448 0.6186691810344828
0 0.37160641821587126 0.66308702136515 0.3165243913013319 0.6606389312800592 0.31440326720310774 0.745483895209027 0.3694852941176471 0.7479319852941178
0 0.14453125 0.3658854166666667 0.09472656250000003 0.3489583333333333 0.08977676556859208 0.37484957882069797 0.13958145306859207 0.3917766621540313
0 0.09961258561643835 0.7254801655251142 0.09376926369863015 0.6901205764840183 -0.003659032534246576 0.7187435787671232 0.002184289383561633 0.7541031678082192
0 0.19726562499999997 0.87109375 0.19296874999999997 0.8596354166666667 0.17968749999999997 0.8684895833333334 0.18398437499999998 0.8799479166666667
0 0.22265625 0.8658854166666666 0.2197265625 0.8411458333333333 0.20127217060810812 0.8450309684684684 0.20420185810810812 0.8697705518018019
0 0.35207950367647056 0.8725490196078431 0.33800551470588236 0.8612898284313726 0.3230124080882353 0.894607843137255 0.3370863970588235 0.9058670343137256
0 0.3261718750000001 0.9596354166666666 0.27832031250000006 0.9427083333333334 0.26935949659533076 0.9877421773670558 0.31721105909533087 1.0046692607003893
0 0.6132812500000001 0.9322916666666666 0.5859375 0.9322916666666666 0.5859375000000001 0.9895833333333334 0.6132812500000002 0.9895833333333334
0 0.697265625 0.8059895833333334 0.6925625 0.7715000000000001 0.6803593749999999 0.7744583333333335 0.6850624999999999 0.8089479166666667
0 0.7226562499999999 0.8971354166666667 0.7158203124999999 0.8645833333333335 0.6860452985905044 0.8756993385262118 0.6928812360905044 0.9082514218595451
0 0.9698911516853931 0.8922782069288392 0.9478910639044942 0.8453446863295884 0.9140076369382022 0.8735808754681652 0.9360077247191011 0.9205143960674159
0 0.9735317887931035 0.7926544540229887 0.9573679956896554 0.7840337643678162 0.9474003232758623 0.8172593390804598 0.9635641163793105 0.8258800287356323
0 0.9587539501404496 0.5898144897003746 0.9457623771067418 0.5789881788389514 0.920196190308989 0.633529377340824 0.9331877633426968 0.6443556882022473
0 0.8866454946370752 0.6148067885411045 0.8730879823259581 0.5437051684205794 0.770695430551808 0.5784145080050369 0.784252942862925 0.6495161281255621