0 0.6154067095588236 0.10975796568627462 0.6062155330882353 0.10669424019607851 0.603515625 0.12109375000000008 0.6127068014705883 0.12415747549019619
0 0.7226562500000002 0.9817708333333334 0.7031250000000002 0.9817708333333334 0.7031250000000002 0.99609375 0.7226562500000002 0.99609375
0 0.8054620150862067 0.4694234913793105 0.7925309806034482 0.45002693965517243 0.7676185344827584 0.47955280172413794 0.7805495689655172 0.498949353448276
0 0.2968750000000001 0.6197916666666666 0.2714843750000001 0.6197916666666666 0.2714843750000001 0.65625 0.2968750000000001 0.65625
0 0.39480020491803286 0.09006574453551908 0.3736872438524591 0.07263917349726766 0.35970158811475417 0.1027621243169398 0.380814549180328 0.12018869535519121
0 0.9492397836538462 0.09555689102564102 0.9471784855769231 0.04608573717948716 0.9283563701923075 0.047479967948717956 0.9304176682692307 0.09695112179487181
0 0.8882947865099011 0.2875799298679869 0.8521329672029703 0.28275835396039617 0.8499381188118811 0.31202299917491766 0.8860999381188119 0.3168445750825084
0 0.9741148248038518 0.6840711186400381 0.9404296875 0.6536458333333334 0.9287569097717545 0.6766208244174989 0.9624420470756064 0.7070461097242036
0 0.1991954191552901 0.03293870875995446 0.16563233255119453 -0.0023908560864619234 0.1501339857081911 0.023784129692832754 0.18369707231228669 0.05911369453924913
0 0.5757211538461539 0.9235777243589742 0.5584435096153847 0.8890224358974359 0.5363581730769231 0.9086538461538461 0.5536358173076923 0.9432091346153845
0 0.5814568014705882 0.7195925245098039 0.5658547794117647 0.6869025735294118 0.5360294117647058 0.7122089460784314 0.5516314338235293 0.7448988970588236
0 0.3961946980337078 0.2649929775280899 0.37850026334269665 0.22638693820224726 0.3327181355337078 0.2636908941947566 0.35041257022471906 0.3022969335205993
0 0.7453523021866546 0.6546508678990082 0.7111858233769162 0.6145621994289151 0.6572327265554553 0.6963093158250678 0.6913992053651938 0.736397984295161
0 0.43175136920103085 0.17772766323024058 0.4189151095360824 0.13322862972508603 0.3032176224226804 0.1925606743986255 0.31605388208762886 0.23705970790378006
0 0.8812825730441082 0.5053290673964369 0.8662002475048295 0.38243604448379476 0.7988281249999999 0.3971354166666667 0.8139104505392787 0.5200284395793088
0 0.5703124999999999 0.82421875 0.5184548034438455 0.6638056086529623 0.37816666731950366 0.7444309742416646 0.430024363875658 0.9048441155887023