0 0.8067985010285573 0.16615742981606985 0.7763671874999998 0.11718750000000018 0.7427830802274926 0.15428994232010343 0.7732143937560502 0.20325987213617308
0 0.7228274001288659 0.026229596219931334 0.7021484375 0.01562500000000006 0.698071037371134 0.029759987113402116 0.7187499999999998 0.04036458333333339
0 0.9181640625 0.28723958333333344 0.9017578125 0.27630208333333345 0.887109375 0.31536458333333345 0.903515625 0.32630208333333344
0 0.7120988175675675 0.36475929054054074 0.6692356418918919 0.32393721846846874 0.6372994087837838 0.38355152027027045 0.6801625844594594 0.4243735923423425
0 0.5611644847972973 0.43360078828828813 0.5574429898648648 0.40217483108108104 0.5307643581081081 0.4077913851351351 0.5344858530405405 0.43921734234234217
0 0.2483850990853659 0.08556910569105688 0.22957317073170733 0.04680513211382111 0.20843654725609756 0.06504065040650404 0.22724847560975608 0.10380462398373982
0 0.2821116727941176 0.08792892156862747 0.24222196691176462 0.004350490196078471 0.21454503676470585 0.027833946078431385 0.2544347426470588 0.11141237745098038
0 0.2153389423076923 0.00012580128205131602 0.1543311298076923 -0.0013012820512820268 0.1536971153846154 0.046883814102564134 0.21470492788461537 0.048310897435897476
0 0.128515625 0.17864583333333336 0.1162109375 0.14583333333333337 0.06699218750000001 0.17864583333333336 0.07929687500000002 0.21145833333333336
0 0.48486151850180514 0.5717556031889292 0.4619140625 0.5651041666666667 0.4583356836642599 0.5870515568592058 0.481283139666065 0.5937029933814683
0 0.619140625 0.828125 0.5830078125 0.828125 0.5830078125 0.8658854166666666 0.619140625 0.8658854166666666
0 0.4966094627808989 0.9582748127340822 0.4936797752808989 0.941347729400749 0.4892578125 0.9427083333333334 0.4921875 0.9596354166666664
0 0.3117795850409837 0.9363473360655737 0.2978675717213116 0.934661031420765 0.296634861680328 0.9527407786885246 0.3105468750000001 0.9544270833333335
0 0.80078125 0.9244791666666669 0.79296875 0.9244791666666669 0.79296875 0.9361979166666669 0.80078125 0.9361979166666669
0 0.9145966419198895 0.7690204880294659 0.8911213743093922 0.7673731008287293 0.8886341073895027 0.8303838627992634 0.912109375 0.83203125
0 0.892578125 0.6966145833333334 0.876075316011236 0.6828622425093633 0.8639505793539326 0.7087283473782773 0.8804533883426966 0.7224806882022473