0 0.814453125 0.7356770833333336 0.814024498020362 0.7236755279034691 0.7910112061651584 0.7251366892911011 0.7914398331447965 0.7371382447209655
0 0.1059689405487805 0.17917936991869918 0.1044921875 0.16145833333333334 0.08005430640243903 0.16507876016260162 0.08153105945121952 0.18279979674796748
0 0.5068359375000001 0.6132812500000001 0.4951171875 0.6054687500000001 0.481640625 0.64140625 0.4933593750000001 0.64921875
0 0.08629477896341471 0.8550876524390245 0.07390910823170738 0.8344448678861789 0.04997141768292686 0.8599784044715447 0.062357088414634186 0.8806211890243903
0 0.586328125 0.8408854166666669 0.5681640625 0.8328125000000003 0.5589843750000001 0.8695312500000002 0.5771484375000001 0.8776041666666669
0 0.4677734375 0.7083333333333336 0.4580078125 0.6953125000000002 0.4267578125 0.7369791666666669 0.4365234375 0.7500000000000002
0 0.633419552364865 0.9599873310810813 0.610615498310811 0.9549197635135137 0.6054687500000002 0.9960937500000001 0.6282728040540542 1.0011613175675678
0 0.18608453300561803 0.686563670411985 0.15028089887640456 0.6755471676029962 0.14547489466292138 0.7033151919475655 0.18127852879213485 0.7143316947565543
0 0.5078125 0.4283854166666667 0.49512510129659637 0.4082970353862777 0.4572939880470016 0.4507740748244193 0.46998138675040513 0.47086245610480826
0 0.2656357907458564 0.454153717771639 0.24451830110497239 0.4526717886740331 0.24255438535911603 0.5024243209023941 0.26367187500000006 0.5039062499999999
0 0.6870059742647059 0.448468137254902 0.6846507352941177 0.4076439950980392 0.6558249080882353 0.4106004901960784 0.6581801470588236 0.45142463235294117
0 0.65625 0.1979166666666668 0.626953125 0.1979166666666668 0.626953125 0.2447916666666668 0.65625 0.2447916666666668
0 0.7842603211009175 0.6025062117737005 0.7668255447247707 0.5593343845565749 0.7406196244266054 0.5781488914373089 0.7580544008027523 0.6213207186544344
0 0.10234374999999998 0.050260416666666675 0.0630859375 0.032812500000000015 0.05234375 0.07578125000000001 0.09160156249999998 0.09322916666666667
0 0.6173828124999999 0.14375000000000007 0.5798828125 0.12708333333333338 0.5683593749999999 0.17317708333333343 0.6058593749999999 0.1898437500000001
0 0.18750000000000006 0.05859375000000004 0.14868132961783442 0.010405055732484092 0.1304426253980892 0.03652468152866242 0.1692612957802548 0.08471337579617838
0 0.9207031249999998 0.37317708333333344 0.873828125 0.3523437500000001 0.8623046875 0.3984375000000001 0.9091796874999998 0.4192708333333334
0 0.2854468533737024 0.17277609573241065 0.25402113970588236 0.15042892156862747 0.23242187500000006 0.20442708333333337 0.2638475886678201 0.22677425749711652
0 0.4688395928899083 0.5338183295107034 0.44026842029816515 0.4068353402140673 0.3945760464449541 0.4251122897553517 0.4231472190366972 0.5520952790519879
0 0.16158062845303872 0.9019696708103132 0.156676234461326 0.7777250230202579 0.08789062500000003 0.7825520833333335 0.09279501899171275 0.9067967311233888