0 0.6216823630136985 0.2047838184931508 0.5758106806506847 0.0416845034246576 0.5374973244863013 0.060841181506849355 0.5833690068493149 0.22394049657534254
0 0.5403248856707317 0.1176638719512196 0.5322265625 0.10416666666666673 0.5149580792682926 0.1225863821138212 0.5230564024390243 0.1360835873983741
0 0.2541015625 0.0971354166666667 0.24082031249999997 0.08828125 0.23320312499999996 0.10859375000000003 0.246484375 0.11744791666666672
0 0.055664062499999986 0.28385416666666674 0.046874999999999986 0.27213541666666674 0.03124999999999999 0.29296875000000006 0.040039062499999986 0.30468750000000006
0 0.3284254807692307 0.2310697115384615 0.29987980769230765 0.1739783653846154 0.2421875 0.22526041666666666 0.270733173076923 0.2823517628205128
0 0.24828813693149915 0.4583501485588622 0.2251324747332959 0.331765861875351 0.1321051638826502 0.3620186458918211 0.15526082608085345 0.4886029325753323
0 0.039828725961538525 0.4358373397435898 0.0025691105769231224 0.4296274038461539 -0.004056490384615347 0.5003004807692307 0.033203125000000056 0.5065104166666666
0 0.3187349759615385 0.49208733974358976 0.28676382211538465 0.4867588141025641 0.2830528846153847 0.5263421474358975 0.3150240384615385 0.5316706730769231
0 0.5199535472972973 0.39115287162162166 0.4917757601351351 0.37126266891891896 0.48213154560810806 0.3955518018018019 0.5103093327702702 0.4154420045045046
0 0.58203125 0.2630208333333334 0.55859375 0.2630208333333334 0.55859375 0.3138020833333334 0.58203125 0.3138020833333334
0 0.6672430475917431 0.18167048929663612 0.650238317087156 0.16946196483180428 0.6309220900229358 0.217292622324159 0.6479268205275229 0.22950114678899083
0 0.6699218749999999 0.11588541666666673 0.6162919207317072 0.08288236788617892 0.5878239329268291 0.1651232215447155 0.6414538871951219 0.19812627032520333
0 0.81640625 0.3346354166666668 0.8037109374999998 0.32812500000000006 0.7977710212628863 0.34871670962199314 0.8104663337628866 0.3552271262886599
0 0.866331636235955 0.28879915730337097 0.8557979283707866 0.26632724719101136 0.8284102879213482 0.28915028089887657 0.8389439957865168 0.3116221910112361
0 0.6823408018867925 0.41732999213836486 0.6694059551886792 0.40774862421383656 0.6640624999999999 0.4205729166666668 0.6769973466981132 0.4301542845911951
0 0.69140625 0.5013020833333334 0.6787109375 0.4921875 0.6694291141055045 0.5151710626911316 0.6821244266055045 0.5242856460244648
0 0.8617926217765046 0.4717608345272209 0.8019396937679085 0.42665428008596 0.7697467093481377 0.5025967048710603 0.8295996373567338 0.5477032593123212
0 0.9093908361486486 0.519918355855856 0.8894372888513512 0.5009149774774776 0.8499788851351351 0.5745706644144146 0.8699324324324325 0.593574042792793
0 0.963837139423077 0.46933092948717964 0.9551231971153846 0.44899839743589737 0.934825721153846 0.46446314102564107 0.9435396634615383 0.4847956730769233
0 0.8266977163461539 0.5660056089743591 0.7858323317307692 0.5591947115384617 0.7834585336538461 0.5845152243589744 0.8243239182692307 0.5913261217948719
0 0.8017578125000002 0.6510416666666669 0.7561903099012476 0.6490817740817743 0.7552137474012476 0.6894463574151075 0.8007812500000002 0.6914062500000001
0 1.015234375 0.7606770833333333 0.968046875 0.7134895833333333 0.9394531249999998 0.7643229166666667 0.9866406249999999 0.8115104166666668
0 1.00755832619863 0.6484731735159819 0.9973913741438356 0.6186501141552512 0.9261691994863014 0.6618150684931507 0.9363361515410957 0.6916381278538815
0 0.8288321659482758 0.7881645114942529 0.8062028556034482 0.7752334770114943 0.798828125 0.7981770833333335 0.8214574353448276 0.811108117816092
0 0.7140956726603118 0.8367386084633162 0.6906547876949739 0.8079844562391684 0.6418791296577122 0.8786738157134606 0.6653200146230501 0.9074279679376084
0 0.64453125 0.6523437500000002 0.5947265625 0.5859375000000002 0.55078125 0.6445312500000002 0.6005859375 0.7109375000000002
0 0.6616568216463414 0.6590764735772358 0.6540348704268293 0.6463732215447155 0.6361709222560975 0.665428099593496 0.6437928734756098 0.6781313516260162
0 0.57421875 0.5677083333333334 0.53125 0.5677083333333334 0.53125 0.5924479166666666 0.57421875 0.5924479166666666
0 0.14843750000000006 0.6510416666666666 0.11718750000000004 0.6510416666666666 0.11718750000000007 0.7747395833333334 0.14843750000000008 0.7747395833333334
0 0.015756967905405483 0.9802224099099099 0.0009765625000000445 0.9661458333333334 -0.010900548986486448 0.9883164414414414 0.003879856418918992 1.002393018018018
0 0.26953125 0.8190104166666666 0.255890625 0.7927395833333333 0.2490859375 0.7990208333333334 0.2627265625 0.8252916666666668
0 0.33398437500000006 0.7721354166666666 0.3037109375 0.7682291666666666 0.30188063788659797 0.7934466280068728 0.332154075386598 0.7973528780068728
0 0.4197265625 0.8624999999999999 0.4150390625 0.8437499999999999 0.4009765625 0.8499999999999999 0.4056640625 0.8687499999999999
0 0.45313364214601765 0.9025165929203541 0.4521311532079646 0.8824668141592918 0.4335937499999999 0.8841145833333333 0.43459623893805305 0.9041643620943953
0 0.4555796030405407 0.9582277590090093 0.4419605152027028 0.9552012950450453 0.4394531250000001 0.9752604166666669 0.453072212837838 0.9782868806306309
0 0.5604676942567568 0.9277167792792793 0.5111116976351351 0.8928772522522522 0.48954286317567564 0.9471987612612612 0.5388988597972972 0.9820382882882884
0 0.5097656250000001 0.9986979166666666 0.5093140768348625 0.9788297974006117 0.47631880733944953 0.9801629396024464 0.47677035550458713 1.0000310588685015
0 0.6445312500000001 0.8932291666666666 0.5605468750000001 0.8932291666666666 0.5605468750000002 0.9986979166666666 0.6445312500000002 0.9986979166666666
0 0.8189453125 0.9242187500000001 0.7958984375 0.9088541666666667 0.78125 0.9479166666666667 0.804296875 0.9632812500000001
0 0.9183823529411766 0.906372549019608 0.8740234375000002 0.8932291666666669 0.8599379595588237 0.9777420343137256 0.9042968750000002 0.9908854166666669
0 0.9849724264705884 0.8557904411764707 0.9475413602941177 0.8446997549019611 0.9410845588235295 0.8834405637254903 0.9785156250000002 0.89453125