0 0.4189453125 5.921189464667501e-17 0.38714195742078283 -0.027182354768561606 0.3610896726467847 0.027006397561354558 0.3928930277260018 0.054188752329916226
0 0.11443014705882355 0.04909620098039216 0.11262726244343893 -0.0013845682503770735 0.06502315469457014 0.0016379147812971354 0.06682603930995476 0.05211868401206638
0 0.04785156250000002 0.23697916666666669 0.00007400935767100172 0.23575410120147877 -0.0019516809149722556 0.3762019601047443 0.04582587222735676 0.37742702556993224
0 0.15039062500000006 0.3385416666666667 0.09960937500000003 0.3385416666666667 0.09960937500000003 0.37109375 0.15039062500000006 0.37109375
0 0.1695493717783505 0.39634342783505155 0.1516188788659794 0.38714830326460475 0.14467219716494845 0.411230133161512 0.16260269007731956 0.42042525773195877
0 0.37988281250000006 0.38281250000000017 0.3477247116740533 0.37493704673650297 0.3389356491740533 0.4387391300698363 0.37109375000000006 0.4466145833333334
0 0.4686929744525548 0.1825007603406327 0.44783588047445255 0.1723882299270074 0.43460595346715325 0.22089796228710465 0.4554630474452555 0.23101049270072999
0 0.5089488037521079 0.09973343521641385 0.47004769182124784 0.07463594364811697 0.44702518971332206 0.13807572723440142 0.48592630164418216 0.1631732188026983
0 0.5713791692643392 0.1365174303823773 0.5441717970698255 0.1036958385286783 0.5044712437655862 0.16220191708229423 0.5316786159600999 0.19502350893599324
0 0.7949218749999999 0.22526041666666682 0.7722136534334764 0.21805145743919901 0.7689444742489271 0.2363588608726754 0.7916526958154506 0.2435678201001432
0 0.9086824923935091 0.32543367562542264 0.8779296875 0.29427083333333326 0.8608051787525355 0.3243138311359026 0.8915579836460445 0.355476673427992
0 0.9576171875000001 0.2367187500000002 0.9379237912735847 0.23179540094339637 0.9314784787735848 0.27762873427672974 0.9511718750000002 0.28255208333333354
0 1.0000133319112625 0.48322401166097834 0.9914209151023889 0.38584328782707616 0.9306807273890785 0.3953711604095563 0.939273144197952 0.4927518842434584
0 0.887800480769231 0.48038862179487196 0.8486328125000002 0.4661458333333334 0.8407001201923079 0.5049278846153847 0.8798677884615387 0.5191706730769232
0 0.767578125 0.4752604166666668 0.755859375 0.4596354166666667 0.7177734374999999 0.5104166666666667 0.7294921875 0.5260416666666669
0 0.5869140625 0.4791666666666668 0.5637253852739726 0.47802154680365305 0.5623046875 0.5291666666666668 0.5854933647260274 0.5303117865296805
0 0.47547104779411764 0.5201439950980393 0.4589269301470589 0.5146292892156864 0.4541590073529413 0.5400582107843139 0.4707031250000001 0.5455729166666667
0 0.4804687499999999 0.6966145833333335 0.4736328124999999 0.6640625000000001 0.4471902818991097 0.6739343780909992 0.4540262193991097 0.7064864614243326
0 0.3652343750000001 0.6953125 0.3359375000000001 0.6953125 0.3359375000000001 0.74609375 0.3652343750000001 0.74609375
0 0.39091930650684936 0.722834617579909 0.3782641267123289 0.7151648116438359 0.3721104452054796 0.7332156107305938 0.3847656250000001 0.7408854166666667
0 0.08984375000000007 0.6393229166666667 0.04589843750000007 0.6093750000000001 0.026357245986687605 0.6603520213390761 0.07030255848668761 0.6902999380057427
0 0.128515625 0.5744791666666667 0.1201171875 0.5520833333333334 0.09785156250000002 0.5669270833333333 0.10625 0.5893229166666667
0 0.0747357536764706 0.8152573529411763 0.053768382352941214 0.7984834558823529 0.024816176470588314 0.8628216911764706 0.04578354779411771 0.8795955882352939
0 0.05996093750000013 0.7815104166666667 0.05175781250000013 0.7760416666666666 0.04648437500000009 0.7901041666666668 0.05468750000000009 0.7955729166666667
0 0.3522626768867925 0.9199341588050315 0.33999115566037746 0.9108441430817611 0.335384728773585 0.9218995676100631 0.34765625000000006 0.9309895833333334
0 0.7159926470588235 0.7756587009803921 0.7052504595588235 0.7183670343137256 0.6684857536764706 0.7306219362745099 0.6792279411764706 0.7879136029411764
0 0.835400062919463 0.7783661912751679 0.8223704907718119 0.7535479586129755 0.7916317114093958 0.7822374860178972 0.8046612835570469 0.8070557186800896
0 0.857421875 0.6263020833333335 0.8330078125 0.6145833333333335 0.8215546432365439 0.6570024787535413 0.8459687057365439 0.6687212287535413
0 1.000605422357482 0.7564825811559779 0.9996149421021379 0.7181840112826604 0.9642313687648455 0.7198108422406969 0.9652218490201898 0.7581094121140144
0 0.9755859374999998 0.8333333333333335 0.9658203125 0.8203125000000003 0.951171875 0.8398437500000003 0.9609375 0.8528645833333335