0 1.0015005716463414 0.5431910569105692 0.9897103658536585 0.5414443597560976 0.9882097942073169 0.5594512195121953 1 0.5611979166666667
0 0.9453125 0.13541666666666685 0.93359375 0.13541666666666685 0.93359375 0.16276041666666685 0.9453125 0.16276041666666685
0 0.16992187500000006 0.48046875 0.1559765625 0.4778125 0.15402343749999997 0.49604166666666666 0.16796875000000006 0.4986979166666667
0 0.9062500000000002 0.5299479166666666 0.9052504595588238 0.5126225490196078 0.888671875 0.5143229166666666 0.8896714154411764 0.5316482843137255
0 0.616282393292683 0.14018038617886178 0.6044921875 0.12760416666666666 0.5929639862804879 0.14681783536585372 0.6047541920731707 0.15939405487804884
0 0.603717672413793 0.26364942528735635 0.5889008620689655 0.25574712643678166 0.580078125 0.28515625 0.5948949353448276 0.29305854885057475
0 0.019309761597938246 0.7487113402061855 0.004631121134020688 0.7400128865979381 -0.005798969072164928 0.771303157216495 0.00887967139175263 0.7800016108247424
0 0.3677734375 0.01927083333333338 0.3449669471153846 0.010977564102564156 0.33789062500000006 0.04557291666666673 0.3606971153846154 0.05386618589743595
0 0.23281392563868614 0.3709036648418492 0.22753906249999994 0.3515625 0.19303860629562042 0.3682899939172749 0.19831346943430656 0.38763115875912413
0 0.6423828125 0.7703125 0.5978515625 0.7505208333333333 0.5927734375 0.7708333333333334 0.6373046874999999 0.790625
0 0.998046875 0.7239583333333336 0.978515625 0.7239583333333336 0.978515625 0.7799479166666669 0.998046875 0.7799479166666669
0 0.841796875 0.12109375000000018 0.8294499033505154 0.10306325171821312 0.7803137081185568 0.16288122852233672 0.7926606797680413 0.18091172680412376
0 0.873046875 0.2994791666666668 0.845703125 0.2994791666666668 0.845703125 0.3541666666666668 0.873046875 0.3541666666666668
0 0.5124699519230769 0.5831330128205129 0.48249699519230765 0.5564903846153847 0.4619140625 0.59765625 0.49188701923076916 0.6242988782051283
0 0.9532536204268294 0.20753302845528446 0.9384765625 0.17708333333333334 0.9041396722560975 0.20670731707317078 0.9189167301829269 0.23715701219512192
0 0.87109375 0.8919270833333336 0.8466796875 0.8593750000000002 0.8115234375 0.9062500000000002 0.8359375 0.9388020833333336
0 0.3809579271788991 0.8589449541284405 0.3257507884174312 0.8193090596330276 0.31264334862385323 0.8517655772171254 0.3678504873853211 0.8914014717125383
0 0.3274432488207547 0.2461674528301887 0.29344781839622647 0.2209856525157233 0.27004716981132076 0.2771472091194969 0.30404260023584906 0.30232900943396235
0 0.5859375 0.3528645833333334 0.5361328125 0.34114583333333337 0.5283072042785235 0.4002726510067115 0.5781118917785235 0.4119914010067115
0 0.6544921875 0.42916666666666675 0.6507697610294118 0.3646446078431373 0.6126838235294118 0.3685508578431373 0.61640625 0.43307291666666675
0 0.8660226542416453 0.6286819837189377 0.8223208547557841 0.5944060625535563 0.7957603631105399 0.6546098436161097 0.839462162596401 0.6888857647814911
0 0.40131144014439235 0.5848382933176629 0.3527128630792479 0.4779214237743451 0.3290786077065144 0.49701981195433176 0.37767718477165885 0.6039366814976496
0 0.23625360194753586 0.8996795508744039 0.20019531250000008 0.8958333333333334 0.19416826063195552 0.996284197800742 0.23022655007949133 1.0001304153418125
0 0.787109375 0.2265625000000001 0.732421875 0.2265625000000001 0.732421875 0.3033854166666668 0.787109375 0.3033854166666668
0 0.12314214939024397 0.4923462906504065 0.07855373475609762 0.48574059959349597 0.0689786585365854 0.6006415142276423 0.11356707317073175 0.6072472052845529
0 0.822265625 0.9856770833333335 0.7255859375 0.8567708333333334 0.7001953125 0.890625 0.796875 1.0195312500000002