0 0.857421875 0.9414062500000001 0.8447265625 0.9375000000000001 0.8413689431179776 0.9568995786516854 0.8540642556179776 0.9608058286516854
0 0.21977163461538457 0.056470352564102676 0.20800781249999992 0.04427083333333342 0.1985426682692307 0.06049679487179495 0.21030649038461532 0.0726963141025642
0 0.3046875 0.8893229166666666 0.2919347426470588 0.8609834558823529 0.279296875 0.87109375 0.2920496323529412 0.8994332107843138
0 0.7757745150862069 0.880621408045977 0.7540207435344828 0.8789152298850575 0.7531654094827587 0.898302801724138 0.7749191810344828 0.9000089798850575
0 0.08593750000000001 0.6263020833333334 0.08496093750000001 0.6015625000000001 0.06825146754143648 0.6027350943830572 0.06922803004143648 0.6274746777163904
0 0.5703125 0.4283854166666668 0.5514569256756756 0.4244158220720722 0.548828125 0.4466145833333334 0.5676836993243244 0.4505841779279281
0 0.5320824795081968 0.5655951161202186 0.5302734375 0.5390625 0.5086129610655737 0.5416880122950819 0.5104220030737705 0.5682206284153005
0 0.0595703125 9.714451465470119e-18 0.013713412047511314 -0.0013009049773755632 0.013454468325791858 0.014926234917043741 0.05931136877828054 0.016227139894419314
0 0.37252103365384615 0.953525641025641 0.36703725961538464 0.9169671474358975 0.3291015625 0.9270833333333334 0.3345853365384615 0.9636418269230769
0 0.8120959051724139 0.6106321839080461 0.8037446120689655 0.5827945402298851 0.7579471982758619 0.6072198275862069 0.7662984913793103 0.6350574712643678
0 0.36439302884615377 0.2449318910256411 0.3407301682692307 0.22039262820512828 0.3211688701923076 0.25392628205128215 0.3448317307692307 0.27846554487179503
0 0.16992187500000006 0.5299479166666667 0.16923158134095637 0.5014157787595288 0.12869916190228692 0.5031591086278586 0.12938945556133058 0.5316912465349966
0 0.7819626266891893 0.6700802364864866 0.7521906672297298 0.6634642454954957 0.7459353885135136 0.7135064752252254 0.775707347972973 0.7201224662162163
0 0.12109375 0.01302083333333335 0.080078125 0.013020833333333348 0.080078125 0.05208333333333335 0.12109375 0.05208333333333335
0 0.48046875 0.7018229166666666 0.46439302884615385 0.6696714743589745 0.4278846153846154 0.7021233974358976 0.4439603365384615 0.7342748397435898
0 0.501953125 0.6236979166666666 0.4580078125 0.5989583333333334 0.44068180925188605 0.6536720278010618 0.48462712175188605 0.6784116111343952
0 0.6913824314024393 0.9469004065040653 0.6448647103658537 0.9400088922764229 0.6401248094512196 0.9968877032520326 0.6866425304878051 1.003779217479675
0 0.9558593750000002 0.12708333333333316 0.9392578125000002 0.08281249999999994 0.8892578125 0.11614583333333334 0.905859375 0.16041666666666654
0 0.04129790145985407 0.5941472779805353 0.00010122034671538327 0.5926627128953772 -0.0019502737226276905 0.693869753649635 0.039246407390510996 0.6953543187347931
0 0.2851799653078924 0.7729168925267419 0.2639107220294883 0.6559360544955191 0.23696674436253246 0.6646452189939289 0.2582359876409367 0.7816260570251518
0 0.35948988970588236 0.7701439950980392 0.32736672794117644 0.7201746323529411 0.2701056985294118 0.7856158088235292 0.30222886029411766 0.8355851715686275
0 0.6604880136986301 0.4672231735159819 0.6264715325342465 0.4183789954337899 0.5916363441780821 0.46150827625570773 0.6256528253424657 0.5103524543378998
0 0.884731640225179 0.6435290323268509 0.8745482024053223 0.5383001748549981 0.8198267176305014 0.5477146238485157 0.8300101554503581 0.6529434813203685
0 0.9822716346153845 0.26532451923076933 0.875225360576923 0.23677884615384628 0.8655348557692306 0.3013822115384616 0.9725811298076922 0.3299278846153847
0 0.19757006227758006 0.8066698176156584 0.12027010120106763 0.7074204848754448 0.08510273020462633 0.7561137677935942 0.16240269128113877 0.8553631005338078
0 0.4125200565403423 0.5509595303585982 0.3964963134168704 0.4085262581499593 0.31961290877139364 0.42390293907905463 0.3356366518948655 0.5663362112876935
0 0.4929978673842751 0.08762161050601312 0.45269821094281826 0.017606045779441835 0.3515625 0.12109375000000003 0.3918621564414567 0.19110931472657133