0 0.28515625 0.99609375 0.2847756090255591 0.9834057175186367 0.25965954472843444 0.9847452409478167 0.26004018570287535 0.99743327342918
0 0.07421875 0.20182291666666666 0.07335453539823009 0.18453862463126844 0.054687499999999986 0.18619791666666666 0.05555171460176991 0.20348220870206488
0 0.1015625 0.9960937500000001 0.10087189226519337 0.9785983540515654 0.0817021322513812 0.9799436003683242 0.08239273998618785 0.9974389963167589
0 0.50390625 0.1809895833333333 0.49836856617647063 0.14776348039215684 0.4873046875 0.15104166666666663 0.4928423713235294 0.18426776960784308
0 0.94140625 0.26432291666666674 0.9306640625 0.25000000000000017 0.9169921875 0.2682291666666668 0.927734375 0.2825520833333333
0 0.3548828125 0.7033854166666668 0.3388671875000001 0.6927083333333335 0.3316406250000001 0.7119791666666667 0.34765625 0.72265625
0 0.22184551886792456 0.2225334119496856 0.20610996462264156 0.21653891509433967 0.2005454009433963 0.24250687893081768 0.2162809551886793 0.24850137578616358
0 0.8404528929455447 0.9124510107260729 0.8085454053217825 0.9081966790429046 0.8066406250000003 0.9335937500000003 0.8385481126237625 0.9378480816831687
0 0.288211025280899 0.5960352294007492 0.2568359375000001 0.5859375000000001 0.25182803721910124 0.6136001872659178 0.2832031250000001 0.6236979166666667
0 0.2939453125000001 0.8880208333333336 0.279296875 0.8684895833333334 0.25390625 0.90234375 0.2685546875000001 0.9218750000000002
0 0.2721652809633028 0.33855361238532106 0.2616291571100917 0.3124641628440366 0.2334432339449541 0.3327002102446483 0.24397935779816518 0.3587896597859327
0 0.300816669365285 0.44018512521588954 0.2783203125 0.43229166666666674 0.27060395077720206 0.4713878993955095 0.29310030764248707 0.4792813579447323
0 1.0073516502808988 0.23431647940074912 0.9979371488764043 0.21377574906367053 0.946703827247191 0.25552141853932586 0.9561183286516854 0.27606214887640446
0 0.40338766163793105 0.5301724137931035 0.4020339439655173 0.49948814655172413 0.36024380387931026 0.5027658045977011 0.3615975215517241 0.5334500718390806
0 0.5744611085766425 0.521070939781022 0.549868841240876 0.5057690845498785 0.5314567176094891 0.5583751520681266 0.5560489849452555 0.5736770072992703
0 0.87890625 1.424768118539271e-16 0.828125 1.3833087216931366e-16 0.828125 0.04557291666666681 0.87890625 0.04557291666666682
0 0.3500000000000001 0.6226562499999999 0.31746093750000004 0.6164583333333333 0.3121875 0.6656770833333334 0.3447265625000001 0.671875
0 0.4978665865384616 0.7990584935897438 0.46351123335798816 0.746465113412229 0.43871925850591714 0.7752557938856017 0.47307461168639053 0.8278491740631165
0 0.19921875 0.8919270833333333 0.1902659862716763 0.8143364643545279 0.15063899927745666 0.8224650770712909 0.15959176300578032 0.9000556960500962
0 0.1625667259786477 0.23981594750889682 0.09916801045373667 0.23822101126927642 0.09859736432384344 0.2785466711150653 0.16199607984875447 0.28014160735468574
0 0.2703051297169811 0.7744447720125787 0.24707031249999994 0.7291666666666665 0.20120872641509427 0.7710053066037735 0.22444354363207544 0.8162834119496856
0 0.605736165694726 0.4661352687626775 0.5607984438387423 0.3872971602434079 0.5262820106490872 0.4222738125422584 0.5712197325050709 0.501111921061528
0 0.560716391509434 0.39139642295597477 0.5500036851415094 0.31521717767295593 0.4995319870283019 0.3278351022012578 0.5102446933962265 0.40401434748427667
0 0.6637752757352942 0.47158394607843146 0.594381893382353 0.44845281862745107 0.5841567095588236 0.5029871323529413 0.6535500919117647 0.5261182598039217
0 0.8562322885828918 0.17913810117378196 0.8446130511841694 0.14486721914926767 0.7571289975459645 0.19759733367092552 0.7687482349446869 0.2318682156954398
0 0.458984375 0.6770833333333334 0.400390625 0.6770833333333334 0.400390625 0.7513020833333334 0.458984375 0.7513020833333334
0 0.5267775632022472 0.42198911516853943 0.4767753686797752 0.4156396301498128 0.47145145716292125 0.49017439138576785 0.5214536516853933 0.4965238764044944
0 0.4085162409658344 0.26106171977660975 0.34250395244743753 0.2588048893999124 0.34133105083771353 0.31979577310556284 0.40734333935611033 0.32205260348226017
0 0.7077294259049774 0.9323093420060332 0.7038938772624436 0.824913980015083 0.6535986990950227 0.8281073246606335 0.6574342477375565 0.9355026866515838
0 0.8187940049250833 0.47870855299667053 0.7680691159128746 0.47645411348501676 0.7656813609877914 0.5719643104883464 0.81640625 0.5742187500000001
0 0.4716796875 8.881784197001253e-17 0.43828090008211407 -0.022570870035831535 0.38431364773066584 0.11939703705086101 0.41771243514855183 0.14196790708669263