0 0.9649692026133501 0.14961823047858952 0.9171865160579344 0.11648890113350134 0.8897173134445844 0.18692275398824526 0.9374999999999998 0.22005208333333345
0 0.5001431290545411 0.092513615249079 0.4370232160019222 0.06354054040525398 0.4248722631847669 0.11060137353836307 0.4879921762373858 0.13957444838218808
0 0.5598142082497493 0.22889371238716152 0.5423888854062187 0.10885259946506186 0.49459511346539625 0.12118647609495153 0.5120204363089268 0.24122758901705119
0 0.39818830818965506 0.27387751436781615 0.3793305495689655 0.2455908764367817 0.30841190732758617 0.32964260057471273 0.3272696659482758 0.35792923850574715
0 0.6358026825221239 0.3347275995575221 0.6155800608407079 0.33293003318584075 0.6144133711283185 0.35626382743362844 0.6346359928097345 0.3580613938053098
0 0.5962890625 0.5114583333333333 0.579609375 0.50828125 0.5770703125 0.5319791666666667 0.59375 0.5351562500000001
0 0.4931640625000001 0.7057291666666667 0.4638671875000001 0.6666666666666667 0.4228515625 0.7213541666666669 0.4521484375 0.7604166666666669
0 0.30635055693069313 0.5599345090759077 0.2919921875000001 0.5442708333333335 0.28241994121287134 0.5598700495049507 0.2967783106435644 0.5755337252475249
0 0.341796875 0.5768229166666666 0.3408203125 0.5651041666666667 0.3298875762195122 0.566723831300813 0.3308641387195122 0.5784425813008129
0 0.011718750000000016 0.15885416666666666 1.560707102429e-17 0.15885416666666666 1.6623623543113487e-17 0.18098958333333334 0.011718750000000017 0.18098958333333334
0 0.07636212759067362 0.4517972797927461 0.0009765625000000388 0.44531249999999994 -0.006097190738341934 0.5915034002590674 0.06928837435233165 0.5979881800518136
0 0.05332031250000004 0.9260416666666665 0.03046875000000009 0.9158854166666666 0.02539062500000009 0.9361979166666666 0.04824218750000005 0.9463541666666667
0 0.1702572228773585 0.8084610849056604 0.16917747641509434 0.775348860062893 0.15527712264150945 0.7761546776729559 0.1563568691037736 0.8092669025157232
0 0.23828125000000008 0.8020833333333334 0.20898437500000008 0.8020833333333334 0.20898437500000008 0.85546875 0.23828125000000008 0.85546875
0 0.27832031250000006 0.8984374999999999 0.24680823182907355 0.8967568556975505 0.24595958965654957 0.925044928115016 0.2774716703274761 0.9267255724174654
0 0.4142578125 0.9825520833333334 0.4013671875000001 0.9739583333333335 0.3937500000000001 0.9942708333333334 0.406640625 1.0028645833333334
0 0.7226562500000001 0.9986979166666669 0.7099609375 0.9687499999999998 0.6866633461676217 0.9863076050620819 0.6993586586676217 1.016255521728749
0 0.7680730950342467 0.6983269121004568 0.7255859374999999 0.6770833333333334 0.7131447988013697 0.7213184931506851 0.7556319563356165 0.7425620719178084