0 0.5449378842213115 0.9468493852459017 0.5439453125000001 0.9322916666666667 0.5332031250000001 0.9335937500000001 0.5341956967213115 0.948151468579235
0 0.5133516905737705 0.41094603825136616 0.5074282786885246 0.4014685792349726 0.4884093237704918 0.4226007513661202 0.49433273565573776 0.4320782103825137
0 0.6484375 0.0013020833333334363 0.61328125 0.0013020833333334332 0.61328125 0.0156250000000001 0.6484375 0.015625000000000104
0 0.337890625 0.3671875 0.314453125 0.3671875 0.314453125 0.3997395833333333 0.337890625 0.3997395833333333
0 0.1998851102941177 0.6121476715686277 0.1683708639705883 0.6089154411764708 0.167038143382353 0.6320159313725491 0.1985523897058824 0.6352481617647059
0 0.25781250000000006 0.20182291666666669 0.23642025353773585 0.18597680817610066 0.22324587264150947 0.21759532232704407 0.24463811910377364 0.2334414308176101
0 0.7687598796206225 0.5346850680933852 0.7501215953307392 0.5065205496108951 0.7308069370136187 0.5292436770428016 0.7494452213035019 0.5574081955252919
0 0.4610015368852459 0.51526212431694 0.45815189549180324 0.47346738387978143 0.4252209272540983 0.4774590163934426 0.428070568647541 0.5192537568306012
0 1.0052513266509433 0.8623968160377359 0.9990234374999998 0.8333333333333334 0.9645857900943395 0.8464524371069183 0.9708136792452828 0.8755159198113208
0 0.7636718750000001 0.5898437500000001 0.7402343750000001 0.5585937500000001 0.7177734375 0.5885416666666667 0.7412109375 0.6197916666666667
0 0.6910156249999999 0.8752604166666667 0.6644761029411764 0.8339767156862745 0.6405101102941176 0.8613664215686274 0.6670496323529411 0.9026501225490196
0 0.951171875 0.9609375000000002 0.896484375 0.9609375000000002 0.896484375 0.9986979166666669 0.951171875 0.9986979166666669
0 0.13671875 0.12760416666666669 0.109375 0.12760416666666669 0.109375 0.20442708333333334 0.13671875 0.20442708333333334
0 0.0800688830835962 0.26312352129337546 0.051603780559936904 0.21481910488958994 0.02335432275236594 0.24441377497371194 0.05181942527602523 0.29271819137749744
0 0.394654143258427 0.4886996722846443 0.39257812500000006 0.4596354166666667 0.29939431179775283 0.471468281835206 0.3014703300561798 0.5005325374531836
0 0.46328652871621634 0.6203547297297299 0.41340266047297297 0.5728462837837839 0.3942673141891892 0.608565596846847 0.44415118243243257 0.656074042792793
0 0.7078157018442622 0.5154115437158471 0.7045978483606558 0.4682163592896174 0.6537045338114754 0.4743852459016393 0.6569223872950819 0.5215804303278689
0 0.255705544800885 0.1356286873156342 0.2380893943584071 0.07961836283185839 0.201171875 0.10026041666666666 0.21878802544247788 0.15627074115044248
0 0.4570513853092783 0.15956561426116841 0.3971085695876288 0.12882570876288665 0.38497704574742264 0.17088165807560138 0.44491986146907214 0.2016215635738832
0 0.6098868684064408 0.027470994123635087 0.5474389228206551 0.011947211040162949 0.5408957914006106 0.05874051452896546 0.6033437369863963 0.07426429761243761
0 0.51015625 0.7888020833333333 0.459765625 0.76640625 0.4421875 0.83671875 0.492578125 0.8591145833333333
0 0.8175590701219513 0.727635924796748 0.788162157012195 0.667060467479675 0.7312309451219512 0.7161775914634148 0.7606278582317073 0.7767530487804878
0 0.2041015625 0.07552083333333338 0.16015625 0.016927083333333363 0.109375 0.0846354166666667 0.1533203125 0.14322916666666669