0 0.5669921874999999 0.20729166666666674 0.5552734375 0.2020833333333334 0.55078125 0.22005208333333343 0.5624999999999999 0.22526041666666677
0 0.865760216346154 0.7014222756410258 0.8537409855769234 0.6994190705128207 0.8512620192307695 0.7258613782051284 0.8632812500000002 0.7278645833333336
0 0.7602464704949239 0.8982986992385786 0.759765625 0.8893229166666666 0.7283966529187818 0.8923104378172588 0.7288774984137056 0.901286220389171
0 0.9553115472560976 0.8469385162601626 0.9365234375 0.8307291666666665 0.9299209222560976 0.8443343495934958 0.948709032012195 0.8605436991869919
0 0.20312500000000006 0.9335937500000002 0.20214843750000006 0.9088541666666666 0.1831837016574586 0.9101850253222835 0.1841602641574586 0.9349246086556171
0 0.2154411764705883 0.24615502450980395 0.18945312500000006 0.24348958333333337 0.18848805147058828 0.26021752450980395 0.21447610294117653 0.26288296568627456
0 0.07364649681528665 0.9224057855626329 0.06256220143312108 0.9143444798301488 0.04849223726114658 0.9487377255838643 0.059576532643312155 0.9567990313163484
0 0.3089384191176471 0.24685968137254907 0.2998046875 0.22656250000000003 0.2788373161764706 0.24333639705882354 0.28797104779411764 0.2636335784313726
0 0.21484375 0.6627604166666666 0.20806048103932584 0.6479605571161049 0.1689540905898876 0.6798250234082398 0.17573735955056177 0.6946248829588016
0 1 0.4244791666666668 0.9765625 0.4244791666666668 0.9765625 0.4596354166666668 1 0.4596354166666668
0 0.20453250111209967 0.1814946619217082 0.19688681605871888 0.16203291814946616 0.15382770796263345 0.19210594602609726 0.16147339301601424 0.21156768979833926
0 0.546875 0.1263020833333333 0.531537224264706 0.09221813725490194 0.5033892463235294 0.11473651960784315 0.5187270220588236 0.1488204656862745
0 0.828125 0.7382812500000001 0.8095703125 0.7135416666666667 0.7802734374999999 0.7526041666666666 0.7988281249999999 0.77734375
0 0.630859375 0.7734375 0.607421875 0.7734375 0.607421875 0.83203125 0.630859375 0.83203125
0 0.1953125 0.11588541666666667 0.1787109375 0.07552083333333333 0.15221562500000002 0.09489375 0.16881718750000002 0.13525833333333334
0 0.2817255233076009 0.0011443487727633114 0.24318029988123518 -0.0006278454077592643 0.24195321778503565 0.046819328978622364 0.28049844121140144 0.048591523159144945
0 0.6473460477941176 0.2935814950980394 0.6096622242647058 0.2810202205882354 0.6001263786764707 0.3318780637254903 0.6378102022058825 0.3444393382352942
0 0.9924032006429652 0.9109205591275846 0.95617583443646 0.8813153996469996 0.9379018532526476 0.9210693236258197 0.9741292194591529 0.9506744831064047
0 0.10567903752039154 0.2715321676182708 0.10474548837683524 0.22796654091897775 0.050158352875203926 0.2300460508428494 0.0510919020187602 0.2736116775421425
0 0.7955078125 0.6572916666666665 0.7748046875 0.5744791666666667 0.7425781249999999 0.5888020833333333 0.7632812499999999 0.6716145833333332
0 0.48688844774590156 0.8063951502732242 0.48317430840163933 0.7519211065573772 0.42470863217213123 0.7590078551912569 0.42842277151639346 0.813481898907104
0 0.09765625000000003 0.3203125 0.033203125000000035 0.3203125 0.033203125000000035 0.37890625 0.09765625000000003 0.37890625
0 0.2890625 0.5091145833333334 0.2698019801980198 0.4417027640264027 0.22074566831683168 0.46662025577557764 0.24000618811881186 0.5340320750825083