0 0.4982069359756098 0.06593114837398378 0.4541015625 0.03125000000000003 0.42620617378048775 0.09431783536585374 0.4703115472560976 0.12899898373983748
0 0.3555697737068966 0.15526221264367818 0.34667968750000006 0.1276041666666667 0.32051454741379315 0.14255567528735638 0.32940463362068967 0.17021372126436782
0 0.28906250000000006 0.3164062500000001 0.26723444206008584 0.30947670779685266 0.26321083690987124 0.33200889663805444 0.28503889484978545 0.3389384388412019
0 0.4515658530042918 0.5899666934907011 0.4443359374999999 0.5494791666666666 0.4118578996781116 0.5597896548640916 0.4190878151824034 0.6002771816881259
0 0.6363779362416107 0.22349517617449674 0.615876677852349 0.21867135067114105 0.6127503670302014 0.24229236577181218 0.6332516254194631 0.24711619127516787
0 0.8027343750000002 0.1497395833333334 0.7666015625000002 0.11979166666666678 0.7586254445468916 0.13689986169652274 0.7947582570468916 0.16684777836318934
0 0.8879911087138084 0.5464922048997775 0.8725814309576837 0.5038192511135857 0.8489155588808461 0.5190121566443949 0.864325236636971 0.5616851104305866
0 0.6451717638260026 0.7982865728762399 0.6064453125000001 0.7916666666666667 0.6040891817593791 0.8161704263691247 0.6428156330853817 0.8227903325786979
0 0.15638536509901 0.731268048679868 0.144376547029703 0.7116981229372938 0.13437886757425746 0.7226046823432344 0.14638768564356444 0.7421746080858088
0 0.16796875000000006 0.87890625 0.15722656250000006 0.8723958333333334 0.1537483946917809 0.8825984589041096 0.1644905821917809 0.8891088755707763
0 0.6428515625 0.6288541666666666 0.6416015625 0.6171874999999999 0.632578125 0.6189062499999999 0.633828125 0.6305729166666666