0 0.7854929956896552 0.3943516522988506 0.7848464439655173 0.37969647988505745 0.7616042564655172 0.3815193965517241 0.7622508081896552 0.3961745689655173
0 0.8427734375 0.23177083333333348 0.81640625 0.22786458333333348 0.814548399390244 0.25015879065040664 0.840915586890244 0.25406504065040664
0 0.15625000000000006 0.3789062500000001 0.14355468750000006 0.3619791666666668 0.12500000000000006 0.3867187500000001 0.13769531250000006 0.4036458333333334
0 1.0000000000000002 0.7434895833333335 0.9970703125000002 0.6796875000000001 0.9803917595954357 0.6810490145228216 0.9833214470954357 0.744851097856155
0 0.5029296875 0.15364583333333345 0.4716796875 0.11197916666666667 0.4609374999999999 0.12630208333333337 0.4921875 0.16796875000000014
0 0.5838005514705882 0.14303002450980393 0.5729434742647058 0.12028186274509807 0.5445082720588234 0.1444087009803922 0.5553653492647058 0.16715686274509806
0 0.908203125 0.99609375 0.9051171874999999 0.9672916666666668 0.8723046874999998 0.9735416666666669 0.8753906249999999 1.00234375
0 0.7884366367403316 0.7176781192449357 0.7571704506215471 0.7154840009208105 0.7556165832182321 0.7548486418047885 0.7868827693370166 0.7570427601289137
0 0.06996783088235295 0.44064031862745096 0.05445772058823528 0.40617340686274506 0.025735294117647033 0.4291513480392156 0.0412454044117647 0.4636182598039216
0 0.35009428879310345 0.613855962643678 0.3482421875 0.5718749999999999 0.31286368534482756 0.5746497844827585 0.314715786637931 0.6166307471264367
0 0.4052734375000001 0.4505208333333334 0.380859375 0.4179687500000001 0.34667968750000006 0.46354166666666674 0.3710937500000001 0.4960937500000001
0 0.6134915865384616 0.8498998397435896 0.6083984375 0.7955729166666666 0.5653695913461538 0.8027443910256411 0.5704627403846154 0.857071314102564
0 0.6669044607601184 0.3567155622737743 0.6659905602171767 0.30188152969726884 0.6046059430528135 0.3037003331688055 0.6055198435957553 0.358534365745311
0 0.6398997818776346 0.7455045354988015 0.6300336675551699 0.706947307112158 0.5376198123295314 0.7489865510579387 0.547485926651996 0.787543779444582
0 0.17902113970588238 0.9845435049019609 0.1754480698529412 0.922610294117647 0.12003676470588236 0.9282935049019607 0.12360983455882354 0.9902267156862746
0 0.8094925331858409 0.8322847529498526 0.7577692892699115 0.8276871312684366 0.7539667450221239 0.9037380162241889 0.8056899889380533 0.9083356379056049
0 0.4921874999999999 0.23046875000000006 0.4315019821805083 0.17375331278552195 0.3386387471447815 0.3503998220979267 0.3993242649642731 0.4071152593124048