0 0.6867672217153287 0.1447441453771289 0.5990362682481752 0.051971183090024256 0.5656235743613138 0.10814324817518249 0.6533545278284671 0.20091621046228714
0 0.526953125 0.1330729166666668 0.5134765625 0.12708333333333346 0.5078125 0.14973958333333343 0.5212890625 0.15572916666666675
0 0.482421875 0.14453125000000008 0.42103500450887904 0.06796268035516097 0.369140625 0.1419270833333334 0.430527495491121 0.2184956529781725
0 0.33496093750000006 0.14062500000000006 0.27929687500000006 0.06640625000000006 0.244140625 0.11328125000000007 0.2998046875 0.18750000000000006
0 0.25390625000000006 0.15234375000000006 0.21753390330188682 0.13848761792452835 0.2052623820754717 0.19575471698113212 0.24163472877358494 0.20961084905660385
0 0.28207632211538464 0.2698317307692308 0.277118389423077 0.23677884615384617 0.24068509615384617 0.24649439102564105 0.24564302884615383 0.27954727564102566
0 0.2632907774390244 0.40431275406504064 0.2365186737804878 0.359692581300813 0.1991234756097561 0.39958079268292684 0.22589557926829268 0.4442009654471545
0 0.2632907774390244 0.40431275406504064 0.2365186737804878 0.359692581300813 0.1991234756097561 0.39958079268292684 0.22589557926829268 0.4442009654471545
0 0.21875 0.36067708333333337 0.2119140625 0.3255208333333333 0.19056274100257067 0.33290153706083975 0.1973986785025707 0.3680577870608398
0 0.09334186511206329 0.3288932034168315 0.058994803683256436 0.1670803806855636 -0.006000999093605802 0.19160709871456824 0.02834606233520104 0.35341992144583606
0 0.020507812500000038 0.3098958333333333 0.004830025337837868 0.30641188063063063 0.002876900337837873 0.3220368806306306 0.018554687500000045 0.32552083333333326
0 0.015625000000000052 0.5494791666666666 5.0648234320205473e-17 0.5494791666666666 5.3099919806779773e-17 0.6028645833333334 0.015625000000000056 0.6028645833333334
0 0.7646829044117646 0.27518382352941184 0.7236328124999999 0.26302083333333337 0.7166704963235293 0.30479473039215693 0.757720588235294 0.3169577205882354
0 0.6522288602941176 0.29235600490196084 0.6412568933823529 0.23383884803921567 0.5782973345588236 0.2548253676470588 0.5892693014705882 0.313342524509804
0 0.5770517481435643 0.28514335808580876 0.5595606435643564 0.25663933580858095 0.5403097926980196 0.27764026402640274 0.5578008972772277 0.30614428630363055
0 0.47947529195501726 0.3025293757208767 0.46409358780276816 0.2640751153402538 0.4200975886678201 0.2953611591695502 0.43547929282006914 0.3338154195501731
0 0.4296875 0.3997395833333333 0.4248046875 0.3828125 0.41001530283505155 0.3903967998281787 0.41489811533505155 0.407323883161512
0 0.356417088150289 0.38191684730250486 0.3510996206647399 0.33583212909441235 0.31969156430635837 0.3422748073217726 0.32500903179190754 0.38835952552986513
0 0.3115234375 0.3697916666666667 0.27636718750000006 0.32291666666666674 0.2607421875 0.3437500000000001 0.29589843749999994 0.39062500000000006
0 0.29415491615853656 0.5125889227642276 0.2507479039634147 0.47513973577235774 0.22166539634146343 0.5350673272357724 0.2650724085365853 0.5725165142276424
0 0.33699504573170724 0.5525342987804878 0.31501524390243896 0.48903709349593494 0.27711509146341456 0.5123602642276422 0.2990948932926829 0.5758574695121951
0 0.2799802855300188 0.6355290415884929 0.2645623241088181 0.5957849632582864 0.21227867026266417 0.6318426555659789 0.22769663168386495 0.6715867338961853
0 0.07699218750000006 0.59359375 0.06933593750000004 0.5859375 0.059843750000000064 0.6028125000000001 0.06750000000000007 0.61046875
0 0.12500000000000006 0.6953125 0.09863281250000007 0.6953125 0.09863281250000007 0.73046875 0.12500000000000006 0.73046875
0 0.1416015625 0.65625 0.12500000000000006 0.6341145833333335 0.11230468750000004 0.6510416666666667 0.12890625 0.6731770833333334
0 0.12499999999999996 0.7955729166666666 0.09986714784263953 0.7569069902707277 0.06618317734771577 0.7958306895093062 0.0913160295050762 0.8344966159052453
0 0.33939302884615385 0.8107972756410257 0.3184194711538461 0.7618589743589744 0.2872896634615384 0.7855769230769231 0.3082632211538462 0.8345152243589743
0 0.24306137242268044 0.9097481743986255 0.2274544942010309 0.890748496563574 0.20576272551546387 0.9224253651202751 0.22136960373711342 0.9414250429553266
0 0.26522008384146345 0.9866298272357723 0.259694169207317 0.977419969512195 0.24218749999999994 0.99609375 0.24771341463414634 1.0053036077235773
0 0.6330078124999999 0.9916666666666665 0.6228515625 0.9510416666666667 0.57421875 0.97265625 0.5843749999999999 1.0132812499999997
0 0.6769182202693824 0.9458412040078844 0.6756529237844942 0.8800457867936926 0.604335629517083 0.8824839848883049 0.6056009260019712 0.9482794021024967
0 0.779296875 0.8281250000000001 0.6923828125 0.828125 0.6923828125 0.9388020833333335 0.779296875 0.9388020833333336
0 0.8227578334450403 0.8679450122877569 0.7848028024463807 0.7378134774352101 0.7241040759048257 0.7692868911974978 0.7620591069034852 0.8994184260500445
0 0.837890625 0.7513020833333334 0.787109375 0.6835937500000001 0.76953125 0.7070312500000001 0.8203125 0.7747395833333334
0 0.9366867534129693 0.8722936220136518 0.9252679714163824 0.7428807593856653 0.8427701045221841 0.755821601251422 0.8541888865187712 0.8852344638794084
0 0.9140625000000002 0.4075520833333334 0.8618539663461539 0.39362980769230776 0.8458533653846153 0.500300480769231 0.8980618990384617 0.5142227564102566
0 0.814765426713198 0.40693078468697136 0.80130175285533 0.4056485300338411 0.799036326142132 0.4479364953468698 0.8125 0.4492187500000001
0 0.9990234375000002 0.9088541666666667 0.9877791058753942 0.9070550736067299 0.9848494183753942 0.9396071569400631 0.9960937500000002 0.94140625
0 0.9567558913934429 0.9470073428961748 0.9238089139344264 0.9198130122950819 0.9101562500000002 0.94921875 0.9431032274590165 0.976413080601093
0 0.90234375 0.9986979166666667 0.9017216787945749 0.9315142264807478 0.815869601969674 0.9329274293914458 0.8164916731750991 1.0001111195773646
0 0.8737728608304043 0.9686630418863502 0.8674054673769772 0.92863942589338 0.8168284545254831 0.9429440355887521 0.8231958479789103 0.9829676515817223