0 0.011718750000000073 0.7864583333333334 0.0019531250000000737 0.7864583333333334 0.0019531250000000755 0.8216145833333334 0.011718750000000075 0.8216145833333334
0 0.279296875 0.3372395833333333 0.2663141214622641 0.31193985849056605 0.24761939858490561 0.32899469339622645 0.2606021521226415 0.35429441823899377
0 0.6000159735130112 0.3617952292441141 0.5808550185873607 0.34214296778190845 0.5577297281598513 0.3822268045229245 0.5768906830855018 0.4018790659851302
0 0.696484375 0.2752604166666668 0.6742187500000001 0.26536458333333346 0.6640625000000001 0.3059895833333334 0.686328125 0.3158854166666668
0 0.94921875 0.9817708333333336 0.85546875 0.9817708333333336 0.85546875 0.9960937500000002 0.94921875 0.9960937500000002
0 0.3466796875 0.27604166666666674 0.3148975963499185 0.2748309203371398 0.3135179827691681 0.3392128874388255 0.3453000739192496 0.3404236337683525
0 0.9127865533759125 0.7482512165450123 0.9114721145072993 0.6834055656934306 0.8532903740875911 0.6855022049878345 0.8546048129562044 0.7503478558394162
0 0.4712890625000001 0.48593750000000013 0.4267578125000001 0.44531250000000006 0.388815595518868 0.5192511792452831 0.43334684551886793 0.5598761792452831
0 0.3359375000000001 0.7669270833333336 0.2584876217283118 0.7038942819693621 0.23522820218419777 0.7547020920373558 0.3126780804558861 0.8177348934013273
0 0.9776357036122661 0.14027633402633402 0.9449819711538462 0.045693108974358944 0.8900329716735967 0.07941842082467078 0.9226867041320167 0.17400164587664585
0 0.2600369097444729 0.9960232430844815 0.25942550214274274 0.9316216423688989 0.17760514708827296 0.9330025766314216 0.1782165546900032 0.9974041773470043
0 0.15865793881810192 0.20579781780902168 0.14690829580404216 0.1319429188635032 0.0676728635764499 0.1543529400995899 0.07942250659050967 0.22820783904510838
0 0.27427492053923713 0.4455231395221394 0.2041015625 0.4010416666666667 0.17363332625493205 0.4864928119976618 0.24380668429416924 0.5309742848531346
0 0.8405781821820678 0.422644575327844 0.7696974353842635 0.4169168382128699 0.7644831455855443 0.5316312137846906 0.8353638923833486 0.5373589508996647