0 0.24874758376288658 0.07606045962199312 0.24495409149484532 0.02379456615120275 0.20394450708762885 0.029086125429553265 0.20773799935567006 0.08135201890034363
0 0.17131616992882565 0.029519758303677347 0.17089843750000003 0 0.11914062500000003 0.0013020833333333168 0.11955835742882563 0.030821841637010662
0 0.12935241114217255 0.2533571285942492 0.1160986172124601 0.23421275958466456 0.09026183107028757 0.2660118809904154 0.103515625 0.28515625
0 0.283984375 0.3341145833333333 0.1884765625 0.2916666666666667 0.15976562500000002 0.40651041666666665 0.2552734375 0.44895833333333335
0 0.3050631009615385 0.43088942307692313 0.3001802884615385 0.3983373397435897 0.2509765625 0.4114583333333333 0.255859375 0.4440104166666667
0 0.06484374999999999 0.38255208333333335 0.05890624999999998 0.3271354166666667 0.03757812499999999 0.33119791666666665 0.043515624999999995 0.3866145833333333
0 0.03710937500000004 0.4635416666666667 4.371175830940992e-17 0.4635416666666667 4.520668848415035e-17 0.49609375 0.03710937500000004 0.49609375
0 0.11865775551930642 0.506716645810988 0.10656611715677511 0.47839388928613985 0.02908703800947443 0.5371985237158861 0.04117867637200574 0.5655212802407341
0 0.322265625 0.4622395833333333 0.3022688633419689 0.4552231757340242 0.29852453044041455 0.47419446243523317 0.3185212920984456 0.48121087003454227
0 0.525390625 0.4036458333333334 0.4765625 0.4036458333333334 0.4765625 0.4466145833333334 0.525390625 0.4466145833333334
0 0.5951861213235294 0.20458026960784323 0.5751953125 0.19791666666666677 0.5660615808823529 0.2466299019607844 0.5860523897058824 0.2532935049019609
0 0.6393710262715931 0.17089031509916824 0.6259765625000001 0.10937499999999994 0.5811765235124761 0.1267169505758157 0.5945709872840691 0.188232265674984
0 0.6882487851876675 0.14159196268990173 0.6624324522453083 0.11302921134941908 0.6226719587801608 0.17691786751563895 0.6484882917225201 0.20548061885612162
0 0.5351158833465818 0.018092541070482297 0.5002639358108107 -0.002111486486486432 0.4754229183227345 0.07406763381028095 0.5102748658585055 0.09427166136724967
0 0.494140625 0.0013020833333333925 0.4462010200777202 -0.04049141839378238 0.41050335977979274 0.03230381044905008 0.4584429647020725 0.07409731217616586
0 0.912593335176991 0.20108545353982302 0.9116426991150443 0.18207273230088494 0.8885681692477876 0.18412380162241884 0.8895188053097345 0.20313652286135694
0 1 0.4088541666666668 0.986328125 0.4088541666666668 0.986328125 0.4440104166666668 1 0.4440104166666668
0 0.9112585616438356 0.4355771974885847 0.8991893193493151 0.4182470034246576 0.8615822988013697 0.4648080764840184 0.8736515410958903 0.4821382705479455
0 0.7578178510273974 0.49863013698630154 0.7386023116438356 0.49593321917808236 0.7346907106164384 0.5454801655251144 0.7539062500000001 0.5481770833333336
0 0.8887788955479452 0.7318243436073061 0.8696489726027398 0.6757099029680365 0.8362451840753424 0.6959546232876712 0.8553751070205479 0.7520690639269408
0 1.0053335336538463 0.7222556089743591 0.9892578125 0.6901041666666666 0.9624399038461539 0.7139423076923078 0.978515625 0.7460937500000002
0 0.6594296874999998 0.6908750000000001 0.6455078124999998 0.6640625000000001 0.6225546874999999 0.6852500000000001 0.6364765624999997 0.7120625000000002
0 0.6376953125000001 0.5390625000000001 0.6240234375 0.5208333333333334 0.6152343749999999 0.5325520833333334 0.62890625 0.5507812500000002
0 0.5517578125 0.7291666666666667 0.5263671875000002 0.7161458333333336 0.5131282216494848 0.7620409149484537 0.5385188466494846 0.7750617482817871
0 0.5716391509433962 0.7366597877358493 0.5615234375 0.7291666666666667 0.5543374115566038 0.7464131289308178 0.564453125 0.7539062500000002
0 0.3 0.6375 0.2900390625 0.6197916666666666 0.27457031249999997 0.6352604166666667 0.28453125 0.65296875
0 0.1881822559931508 0.634292950913242 0.12792968750000006 0.6041666666666666 0.11328125000000003 0.6562500000000001 0.17353381849315078 0.6863762842465755
0 0.2695312500000001 0.7070312500000001 0.22558593750000006 0.6848958333333335 0.20950093182800353 0.741666441587439 0.25344624432800356 0.7638018582541056
0 0.09185431985294126 0.7190563725490196 0.06744025735294126 0.6995251225490196 0.04589843750000009 0.7473958333333334 0.07031250000000008 0.7669270833333334
0 0.047681675295858074 0.7825813609467455 0.004882812500000078 0.7786458333333334 0.00016988720414207737 0.8697623890532544 0.04296875000000007 0.8736979166666665
0 0.28619025735294124 0.928079044117647 0.25792738970588236 0.8652726715686274 0.23667279411764705 0.8822763480392157 0.2649356617647059 0.9450827205882353
0 0.5544600813356165 0.9358233447488586 0.5400390625000001 0.9270833333333336 0.5363602311643836 0.9378745719178084 0.55078125 0.9466145833333336
0 0.2562385110294118 0.8583946078431374 0.24511718750000006 0.8489583333333335 0.2405330882352942 0.8585631127450981 0.251654411764706 0.8679993872549019