0 0.33231214887640453 0.0767965823970038 0.2424464536516854 0.0653850655430712 0.23918539325842697 0.1110399110486892 0.32905108848314607 0.12245142790262178
0 0.5279238861386139 0.09497473184818485 0.5222868966584159 0.019814872112211217 0.47452235457920794 0.026183477722772276 0.48015934405940597 0.10134333745874592
0 0.5878906250000001 0.14192708333333343 0.5609409773738874 0.131865881552918 0.5540239011498518 0.16480433976261138 0.5809735487759645 0.1748655415430268
0 0.7106387867647059 0.18622855392156865 0.7076861213235295 0.13504901960784316 0.6712431066176472 0.13878676470588236 0.6741957720588236 0.18996629901960785
0 0.9736328125 1.591319668629391e-16 0.9227133740534785 -0.0010445013014669638 0.9216212693741127 0.09360457091023837 0.9725407078206342 0.09464907221170549
0 0.923828125 0.3515625000000001 0.91015625 0.3515625000000001 0.91015625 0.3854166666666668 0.923828125 0.3854166666666668
0 0.9067624535891092 0.47884436881188136 0.8675065748762376 0.4736102516501652 0.8647799350247525 0.509965449669967 0.904035813737624 0.5151995668316833
0 0.90625 0.4739583333333334 0.86328125 0.4739583333333334 0.86328125 0.5130208333333335 0.90625 0.5130208333333335
0 0.5167818509615385 0.4548477564102565 0.5043870192307692 0.45034054487179503 0.5012770432692307 0.4655448717948719 0.513671875 0.4700520833333334
0 0.544921875 0.24479166666666677 0.50390625 0.2447916666666667 0.50390625 0.2695312500000001 0.544921875 0.2695312500000001
0 0.564453125 0.4205729166666667 0.5513671875 0.38567708333333334 0.5201171875 0.40651041666666665 0.533203125 0.44140625
0 0.823949353448276 0.5152209051724138 0.8115234375 0.47656250000000006 0.7806438577586208 0.49420797413793116 0.7930697737068966 0.5328663793103449
0 0.7304687499999999 0.6575520833333335 0.6974149816176469 0.588296568627451 0.6248736213235293 0.6498468137254904 0.6579273897058824 0.7191023284313727
0 0.5019087616482236 0.6306125327606291 0.4788369749199184 0.589303047951854 0.4140926443287711 0.6535881988934187 0.43716443105707636 0.6948976837021938
0 0.5259765625000001 0.8981770833333335 0.4751953125000001 0.8643229166666667 0.46464843750000007 0.8924479166666668 0.5154296875000001 0.9263020833333335
0 0.17578124999999997 0.33723958333333326 0.1708984375 0.3177083333333333 0.159765625 0.32265625 0.16464843749999997 0.3421874999999999
0 0.201171875 0.49609375 0.18864675181535268 0.4672480117565698 0.18164062499999997 0.47265625 0.1941657481846473 0.5015019882434302
0 0.07126524390243905 0.7255462398373985 0.05182926829268295 0.6931529471544716 -0.01510099085365848 0.7645452235772358 0.004334984756097615 0.7969385162601625
0 0.033532340734960295 0.9564267640938328 0.023965131952326923 0.8983148292659856 -0.005848290295119174 0.907040708948165 0.0037189184875142 0.9651526437760122
0 0.1801453206714606 0.0418690075955672 0.078125 0.03255208333333334 0.07702148802297348 0.05403378315278299 0.1790418086944341 0.06335070741501685