0 0.021484375000000003 0.018229166666666668 4.723979352179732e-18 0.018229166666666668 8.012825736608658e-18 0.08984375 0.021484375000000007 0.08984375
0 0.25419144081858414 0.4461191002949853 0.22074633573008856 0.4431462020648968 0.21655489491150445 0.5269750184365781 0.25000000000000006 0.5299479166666666
0 1.021484375 0.1393229166666669 0.9833984375 0.08854166666666691 0.951171875 0.1315104166666668 0.9892578125 0.1822916666666668
0 0.8913729039634146 0.1946519308943091 0.8491949314024391 0.17393292682926847 0.8296541539634147 0.2446519308943091 0.8718321265243902 0.2653709349593497
0 0.04687500000000005 0.4270833333333333 4.0961086787887544e-17 0.4270833333333333 4.831614324761042e-17 0.5872395833333334 0.046875000000000056 0.5872395833333334
0 0.62890625 0.02473958333333345 0.5909246575342466 -0.01625642123287664 0.5518086472602739 0.04816994863013703 0.5897902397260275 0.08916595319634713
0 1.0093437962278107 0.8336415187376726 0.99146519045858 0.7757488905325443 0.9070821005917159 0.822076861439842 0.9249607063609467 0.8799694896449703
0 0.9510094368811883 0.6874174917491751 0.8848971225247526 0.6538366336633665 0.8560295482673268 0.7548731435643565 0.9221418626237625 0.7884540016501653
0 0.33203125000000006 0.18359375 0.3131760817307693 0.05789262820512822 0.23317307692307696 0.07922676282051282 0.2520282451923077 0.2049278846153846
0 0.185546875 2.511482693563908e-17 0.09375000000000001 1.7620243659607103e-17 0.09375000000000003 0.14713541666666666 0.185546875 0.14713541666666669
0 0.5914582403748088 0.2970894685959546 0.45968206192631317 0.23455162119666845 0.4073615183579807 0.430546038373279 0.5391376968064763 0.4930838857725651