0 0.2583984375000001 0.5380208333333333 0.24902343750000008 0.5338541666666666 0.2462890625000001 0.5447916666666668 0.25566406250000007 0.5489583333333334
0 0.666015625 0.2903645833333333 0.6591796875 0.2630208333333333 0.650390625 0.2669270833333333 0.6572265625 0.2942708333333333
0 0.22103987068965517 0.33090876436781613 0.2060546875 0.3229166666666667 0.20059940732758622 0.341100933908046 0.21558459051724138 0.3490930316091954
0 0.5761780951433122 0.6330447186836519 0.5556640625000001 0.6250000000000001 0.5514965664808918 0.6438926486199577 0.5720105991242039 0.6519373673036094
0 0.9419921875000001 0.32447916666666693 0.9267578124999998 0.3177083333333334 0.9197265624999998 0.34583333333333344 0.9349609375000002 0.3526041666666669
0 0.31152343750000006 0.30729166666666674 0.29980468750000006 0.29166666666666674 0.28125000000000006 0.31640625000000006 0.29296875000000006 0.33203125000000006
0 0.9492417279411764 0.12279411764705882 0.9398322610294116 0.11204044117647065 0.9120519301470587 0.1552542892156863 0.9214613970588234 0.16600796568627446
0 0.6890781249999997 0.3790520833333335 0.6728359374999997 0.34777083333333353 0.6476484374999998 0.37102083333333347 0.6638906249999997 0.40230208333333345
0 0.568568224009901 0.44783673679867986 0.5526802289603961 0.4005801361386138 0.5246403155940594 0.4173396245874587 0.5405283106435645 0.4645962252475248
0 0.7051769212062255 0.672680569066148 0.6779813655155642 0.6406857976653698 0.6421297422178988 0.694861583981842 0.6693252979085603 0.7268563553826202
0 0.27734375000000006 0.38411458333333337 0.23622295673076926 0.35278445512820517 0.21278545673076926 0.4074719551282052 0.25390625000000006 0.4388020833333334
0 0.9321489726027398 0.4283140696347033 0.9127514982876713 0.37141481164383566 0.876257491438356 0.3935323915525116 0.8956549657534246 0.45043164954337916
0 0.481415264423077 0.8080128205128206 0.4267578125000001 0.7265625000000002 0.3962710336538462 0.7629326923076926 0.45092848557692317 0.844383012820513
0 0.044388114124872105 0.45798948737632206 0.0009765625000000499 0.4505208333333333 -0.008255301624872008 0.5459167626236778 0.03515625000000004 0.5533854166666666
0 0.29841492052023116 0.037825144508670555 0.2575731575144508 -0.03905346820809245 0.1943596459537572 0.0206481815992293 0.2352014089595375 0.0975267943159923
0 0.11856617647058823 0.15019914215686275 0.0772058823529412 0.058287377450980386 -0.009535845588235291 0.12768075980392155 0.031824448529411756 0.2195925245098039
0 0.65234375 0.09114583333333345 0.580078125 0.09114583333333344 0.580078125 0.2539062500000001 0.65234375 0.2539062500000001
0 0.16601562500000003 0.234375 0.05468750000000002 0.234375 0.05468750000000002 0.3502604166666667 0.16601562500000006 0.3502604166666667