0 0.1911680640243903 0.47291031504065045 0.17916349085365857 0.47113185975609756 0.17744855182926833 0.49171112804878053 0.18945312500000006 0.49348958333333337
0 0.7167968749999999 0.99609375 0.7138671875 0.9817708333333336 0.6908954326923077 0.990124198717949 0.6938251201923077 1.0044471153846155
0 0.2216796875 0.15364583333333334 0.21089047007790365 0.1484670089707271 0.20205161118980164 0.18120352337110482 0.212840828611898 0.1863823477337111
0 0.8671875 0.5820312500000001 0.8486328125 0.5572916666666667 0.8388671875 0.5703125000000002 0.857421875 0.5950520833333336
0 0.19921875000000006 0.2708333333333333 0.16015625000000006 0.2708333333333333 0.16015625000000006 0.29296875 0.19921875000000006 0.29296875
0 0.23437500000000006 0.43880208333333337 0.2158203125 0.40624999999999994 0.1903663000760649 0.4320433992562542 0.20892098757606492 0.46459548258958766
0 0.22902074353448282 0.8856860632183907 0.17589574353448284 0.8815193965517241 0.174602640086207 0.9108297413793103 0.22772764008620694 0.914996408045977
0 0.57421875 0.4570312500000001 0.5637283109065157 0.4273083392351276 0.5232825779036827 0.4526860540604345 0.5337730169971671 0.48240896482530704
0 0.4975215517241379 0.47246767241379317 0.47539735991379306 0.44624640804597704 0.4509361530172414 0.48293821839080464 0.4730603448275862 0.5091594827586208
0 0.360234375 0.1838020833333333 0.3553125 0.13786458333333332 0.31675781249999996 0.14520833333333333 0.3216796875 0.19114583333333332
0 0.9463281250000003 0.5334895833333335 0.9033984375000002 0.5253125000000002 0.8989453125000001 0.5668750000000001 0.9418750000000002 0.5750520833333336
0 0.9453124999999998 0.7304687499999999 0.9388531889931739 0.6572632252559726 0.8963577218430036 0.663929180887372 0.9028170328498295 0.7371347056313993
0 0.18862218010355036 0.6367680596646944 0.15859490569526632 0.6021911982248521 0.10820081360946747 0.679992603550296 0.1382280880177515 0.7145694649901382
0 0.869259933540724 0.9250447775263952 0.8203796662895927 0.8884839272247361 0.7948697327488687 0.9491162330316743 0.84375 0.9856770833333335
0 0.4121093749999999 0.62890625 0.3707307798672566 0.5658531526548672 0.30670976216814155 0.6405443399705015 0.3480883573008849 0.7035974373156343
0 0.58984375 0.3372395833333334 0.5732421875 0.3151041666666668 0.5654296875 0.3255208333333336 0.58203125 0.3476562500000002
0 0.7285156249999999 0.28776041666666674 0.7158203124999999 0.28125000000000006 0.7089743073453607 0.30498281786941583 0.7216696198453607 0.3114932345360825
0 0.7372295673076923 0.06560496794871808 0.7068058894230769 0.0574919871794873 0.7028245192307692 0.08403445512820525 0.7332481971153846 0.09214743589743603
0 0.6096277573529412 0.0551623774509804 0.6064338235294118 -0.00019914215686273423 0.5543083639705882 0.005147058823529408 0.5575022977941176 0.06050857843137254
0 0.13484525885193135 0.05762696709585125 0.11328125 0.05078125000000003 0.10382996915236051 0.10370842274678115 0.12539397800429186 0.11055413984263238
0 0.15497960453539822 0.11391500737463127 0.15388205199115043 0.09196395648967551 0.11278864767699115 0.095616703539823 0.11388620022123894 0.11756775442477876