0 0.7933391702586207 0.9069683908045978 0.7880859375 0.8906250000000001 0.7779498922413793 0.8964170258620692 0.783203125 0.9127604166666667
0 0.7089843749999998 0.7330729166666666 0.6962890624999999 0.7265625 0.6907518524484535 0.7457581615120276 0.7034471649484535 0.7522685781786943
0 0.012394425675675676 0.7301449887387387 0.011418918918918917 0.6742159346846847 0.0009776182432432404 0.6745396959459459 0.0019531249999999987 0.73046875
0 0.8796484375 0.14020833333333352 0.8523046875 0.13500000000000018 0.84765625 0.17838541666666685 0.875 0.18359375000000017
0 0.3613281250000001 0.8554687500000001 0.3378906250000001 0.8242187500000001 0.3017578125000001 0.8723958333333336 0.3251953125000001 0.9036458333333336
0 0.5625000000000001 0.9179687500000002 0.5185546875000001 0.8880208333333336 0.5013528105422866 0.9328952949621511 0.5452981230422866 0.9628432116288177
0 0.18479531621140147 0.8850022268408552 0.15608994581353924 0.8492799881235155 0.12514149717933498 0.8934920576009501 0.1538468675771972 0.9292142963182897
0 0.48511718750000005 0.6761979166666667 0.45042968749999995 0.6415104166666666 0.4259375 0.6850520833333335 0.460625 0.7197395833333334
0 0.3762019230769231 0.5705128205128205 0.33879206730769235 0.5372596153846153 0.3125 0.58984375 0.3499098557692307 0.6230969551282051
0 0.746725643382353 0.04480698529411778 0.6901999080882353 0.025965073529411922 0.6688304227941176 0.13993566176470604 0.7253561580882353 0.15877757352941188
0 0.3201871048151751 0.22272718060959798 0.2196277662937743 0.21434723573281458 0.2132402115758755 0.3506150697146563 0.3137995500972763 0.3589950145914397