0 0.12109375 0.2877604166666667 0.120078125 0.27828125 0.111328125 0.2799479166666667 0.11234375 0.28942708333333333
0 1 0.26041666666666685 0.986328125 0.26041666666666685 0.986328125 0.2929687500000001 1 0.2929687500000001
0 0.9277343749999998 0.9986979166666667 0.9091796874999998 0.9765625 0.8962560096153845 0.995821314102564 0.9148106971153845 1.0179567307692308
0 0.7578125 0.9934895833333334 0.753515625 0.9763020833333333 0.7324218749999999 0.9856770833333334 0.7367187499999999 1.0028645833333334
0 0.9951171875 1.5898084098306135e-16 0.947265625 1.5507409012640638e-16 0.947265625 0.02734375000000016 0.9951171875 0.027343750000000163
0 0.5304342830882353 0.528982843137255 0.5277458639705881 0.4943321078431373 0.48716452205882355 0.49992953431372555 0.48985294117647066 0.5345802696078432
0 0.6977394028465348 0.7293600453795382 0.6497814820544556 0.7229656559405944 0.6472095451732675 0.7572581476897692 0.6951674659653466 0.7636525371287131
0 0.05796957473608445 0.6937480006397952 0.049804687500000014 0.6562500000000001 0.003377669145873319 0.6742217490403071 0.011542556381957758 0.7117197496801023
0 0.547103102189781 0.2947365419708029 0.5313355383211679 0.24968635948905116 0.5010763572080291 0.26851429440389296 0.5168439210766422 0.3135644768856448
0 0.7583899019922878 0.8893162221508141 0.7512376486182519 0.8525332047986289 0.7016890263496144 0.8696611236075407 0.7088412797236504 0.9064441409597258
0 0.34812292588495575 0.010197732300885018 0.3142889242256637 0.007190265486725711 0.31158393252212385 0.061290099557522175 0.3454179341814159 0.06429756637168148
0 0.5065655048076924 0.4664262820512821 0.4864783653846153 0.4319911858974359 0.4514573317307692 0.46830929487179485 0.4715444711538462 0.5027443910256411
0 0.8447942618067591 0.8823747111496244 0.8027783795493935 0.8308352289139226 0.7826530681325824 0.8600023469093009 0.824668950389948 0.9115418291450027
0 0.4236328125 0.1921875000000001 0.39375000000000004 0.1789062500000001 0.37402343750000006 0.25781250000000006 0.40390625 0.2710937500000001
0 0.408203125 0.67578125 0.3615079599056605 0.647962853773585 0.34635539504716994 0.6931800314465411 0.3930505601415094 0.7209984276729562
0 0.868435554979253 0.33436527489626566 0.8344057961618256 0.3080966891424621 0.8112276322614107 0.3614767029737207 0.8452573910788381 0.3877452887275243
0 0.6682547047651933 0.18155789594843472 0.6396538328729282 0.17955081721915295 0.6364705628453038 0.2601936579189688 0.665071434737569 0.26220073664825055
0 0.35898521325107313 0.9237973891273249 0.28540353406652375 0.9004381258941347 0.2765180726931332 0.9501967095851216 0.3500997518776826 0.973555972818312
0 0.5851562499999999 0.18932291666666667 0.57546875 0.09890624999999999 0.5237890624999999 0.10874999999999999 0.5334765625 0.19916666666666666