0 0.14338942307692307 0.45839342948717954 0.13919771634615383 0.4379006410256411 0.115234375 0.44661458333333337 0.11942608173076921 0.4671073717948719
0 0.5361328125 0.9218750000000002 0.5263671875 0.9088541666666667 0.5009765625 0.9427083333333335 0.5107421875 0.9557291666666669
0 0.08184742647058826 0.19198835784313728 0.039728860294117666 0.1876685049019608 0.03795955882352943 0.21833639705882354 0.08007812500000003 0.22265625000000003
0 0.208092485549133 0.9699692919075145 0.1727217304913295 0.9627137524084779 0.16969608020231214 0.9889360549132947 0.20506683526011565 0.9961915944123315
0 0.2950216697080292 0.7952877889294404 0.2939453125 0.7421875 0.27252936815693435 0.7429592457420925 0.2736057253649635 0.7960595346715329
0 0.717708693024862 0.7587764732965011 0.7160954765193371 0.7179083218232045 0.6851368266574586 0.7200808586556171 0.6867500431629834 0.7609490101289136
0 0.5390625 0.7330729166666666 0.5253906250000001 0.7096354166666667 0.48428485576923086 0.7522636217948719 0.49795673076923075 0.7757011217948718
0 0.8080193014705884 0.9158241421568628 0.7899241727941176 0.8756127450980391 0.7652228860294118 0.8953737745098038 0.7833180147058825 0.9355851715686275
0 0.6985064338235294 0.5318780637254901 0.678515625 0.5007812499999998 0.6502068014705882 0.5331341911764705 0.6701976102941176 0.5642310049019608
0 0.1430138221153846 0.3489182692307693 0.13562199519230766 0.31278044871794874 0.09050480769230769 0.3291866987179487 0.0978966346153846 0.3653245192307693
0 0.22656250000000006 0.3450520833333334 0.18847656249999997 0.2942708333333333 0.169921875 0.3190104166666667 0.20800781250000006 0.36979166666666674
0 0.6530509159482759 0.4496228448275863 0.6195783943965518 0.43049568965517254 0.6038186961206897 0.4795258620689656 0.6372912176724138 0.49865301724137934
0 0.950820702691454 0.6926779851091383 0.9068266162597114 0.6769402631335555 0.8980993340732519 0.7203122109692935 0.9420934205049946 0.7360499329448762
0 0.32179418103448276 0.4559985632183909 0.2847521551724138 0.43624281609195403 0.267510775862069 0.4937140804597701 0.30455280172413796 0.5134698275862069
0 0.8242187499999998 0.2408854166666667 0.7803496930100755 0.160261203820319 0.7442946119332492 0.19513801427371955 0.7881636689231737 0.27576222712006726
0 0.560694550304878 0.15734247967479684 0.527882050304878 0.038592479674796794 0.45945598323170733 0.07220528455284553 0.49226848323170735 0.19095528455284558
0 0.49349999999999994 0.8390520833333335 0.475421875 0.7064791666666667 0.4305624999999999 0.7173541666666667 0.448640625 0.8499270833333336