0 0.22026742788461542 0.9380608974358975 0.19809194711538466 0.9150641025641025 0.16380709134615384 0.9738381410256411 0.18598257211538458 0.996834935897436
0 0.6045843951180256 0.17134969599427757 0.5981089055793991 0.13508695457796857 0.5533965933476395 0.14928133941344782 0.559872082886266 0.18554408082975682
0 0.20316690095155704 0.4279042315455594 0.15722656249999994 0.3697916666666667 0.13604698313148783 0.39955756199538645 0.18198732158304493 0.45767012687427916
0 0.2529296875 0.10937500000000003 0.21529985630883414 0.08992012128892109 0.1926069763758146 0.167951778602462 0.23023680756698045 0.18740665731354095
0 0.501663056930693 0.8593363242574256 0.470857827970297 0.8091352103960395 0.4215075804455446 0.8629718440594059 0.45231280940594054 0.913172957920792
0 0.22604742809734515 0.19230272861356934 0.16180517146017698 0.16995759587020653 0.15095754977876105 0.2254009955752213 0.2151998064159292 0.2477461283185841
0 0.3359375 0.328125 0.283203125 0.328125 0.283203125 0.4231770833333333 0.3359375 0.4231770833333333
0 0.480078125 0.26796875 0.439765625 0.19630208333333335 0.378515625 0.25755208333333335 0.418828125 0.32921875000000006
0 0.81640625 0.3828125000000001 0.771484375 0.3828125000000001 0.771484375 0.5221354166666667 0.81640625 0.5221354166666667
0 0.14843750000000006 0.6276041666666666 0.07421875000000007 0.6276041666666666 0.07421875000000007 0.7669270833333334 0.14843750000000008 0.7669270833333334
0 0.5900461134927798 0.45464425391095076 0.5220230708483754 0.38164391546329735 0.46748223149819496 0.4719943968110711 0.5355052741425993 0.5449947352587244
0 0.48484897492038226 0.6086070196390659 0.3731053443471338 0.6032858943736732 0.3698609175955415 0.7244111597664545 0.48160454816878995 0.7297322850318473