0 0.7710396039603961 0.1125593028052806 0.7394511912128713 0.07809921617161729 0.7246577196782178 0.10220709570957105 0.7562461324257426 0.13666718234323436
0 0.16478052745664737 0.06643334537572257 0.161374412933526 0.03983321290944124 0.10879132044797687 0.05180334778420039 0.11219743497109827 0.0784034802504817
0 0.030853573638613862 0.022212768151815183 0.0009765625000000022 0.018229166666666668 -0.004060952970297027 0.0853960396039604 0.025816058168316836 0.08937964108910894
0 0.2606940509915014 0.2876689388574126 0.2372593174575071 0.2578759442870633 0.19431657223796034 0.3179259619924457 0.21775130577195467 0.34771895656279506
0 0.11049254284772585 0.3800649925840475 0.04853328938694799 0.35668414222148986 0.03787285761371132 0.406906620797627 0.09983211107448918 0.4302874711601847
0 0.11572697732300885 0.5632374631268438 0.1132293971238938 0.5132858591445427 0.0869140625 0.5156249999999999 0.08941164269911503 0.5655766039823009
0 0.5371093750000001 0.5247395833333334 0.5361328125000001 0.4973958333333333 0.5018912613122173 0.49956990007541474 0.5028678238122173 0.5269136500754148
0 0.6279296875 0.5598958333333334 0.587890625 0.5598958333333334 0.587890625 0.5950520833333334 0.6279296875 0.5950520833333334
0 0.4866260154177719 0.5776656443412909 0.4733634159482759 0.5655082614942529 0.44803236903183025 0.6146351403625111 0.46129496850132623 0.626792523209549
0 0.60546875 0.7044270833333334 0.5810546875 0.6979166666666666 0.5748197115384615 0.7394831730769231 0.5992337740384615 0.7459935897435899
0 0.6005859375000001 0.6562500000000002 0.5800781250000001 0.6549479166666669 0.5794683257918554 0.6720222944947211 0.5999761382918554 0.6733243778280544
0 0.48517178968408736 0.8797533151326052 0.45650564303822155 0.826971203848154 0.4241648181552263 0.858196827873115 0.4528309648010921 0.9109789391575662
0 0.491015625 0.8065104166666667 0.4833984375 0.7760416666666666 0.4669921875 0.7833333333333333 0.474609375 0.8138020833333334
0 0.23925781250000008 0.8411458333333336 0.22656250000000008 0.8242187500000002 0.20312500000000006 0.8554687500000002 0.21582031250000006 0.8723958333333336
0 0.21484375000000008 0.7369791666666666 0.20312500000000008 0.7369791666666666 0.20312500000000008 0.76953125 0.21484375000000008 0.76953125
0 0.12500000000000008 0.8854166666666666 0.09960937500000008 0.8854166666666666 0.09960937500000008 0.94140625 0.12500000000000008 0.94140625
0 0.8703013431262905 0.7860962950217941 0.8246959415863732 0.7341877079031889 0.7753906250000001 0.8111979166666667 0.8209960265399175 0.863106503785272
0 0.7503704202586207 0.8965517241379309 0.744915140086207 0.8795797413793106 0.728178879310345 0.8891433189655175 0.7336341594827587 0.9061153017241378
0 0.7226989879649892 0.2614195842450767 0.6953253213894969 0.2544675419401898 0.6869828706236325 0.3128646973012401 0.714356537199125 0.31981673960612705