0 0.40750269396551725 0.00625897988505747 0.4072265625 0 0.39062499999999994 0.001302083333333337 0.3909011314655172 0.007561063218390807
0 0.5611155122371356 0.1738282287186023 0.46245033953321657 0.060846932916467485 0.4239154042038395 0.12067285991184745 0.5225805769077585 0.23365415571398226
0 0.3815817636986301 0.18883775684931514 0.3620505136986301 0.13154609018264848 0.32761665239726023 0.15241509703196351 0.34714790239726023 0.2097067636986302
0 0.21152668497624708 0.08658390241488519 0.20996093750000006 0.026041666666666668 0.10098491315320665 0.03105205859065717 0.10255066062945369 0.0915942943388757
0 0.3605180369127517 0.36288975111856836 0.2992135067114094 0.33858885626398216 0.2626035549496645 0.5027789429530202 0.3239080851510067 0.5270798378076064
0 0.41853943639798497 0.36694807409739727 0.38105616341309834 0.3511656433669187 0.3609542270151134 0.43604048593618816 0.39843750000000006 0.4518229166666668
0 0.3840376715890183 0.4659140148363839 0.3544921875000001 0.4401041666666668 0.34350139091098175 0.46247140183028296 0.373046875 0.48828125
0 0.5509740560217178 0.2944212220302732 0.501953125 0.2929687500000001 0.5010642892398816 0.3462988956071077 0.5500852202615992 0.3477513676373808
0 0.7938800409704372 0.36677913453299066 0.734774160507712 0.34634747215081413 0.7088186857326477 0.4798327709940018 0.7679245661953729 0.5002644333761783
0 0.7894388338414634 0.25407774390243887 0.7666015625 0.2343749999999999 0.7577982088414634 0.25251524390243885 0.7806354801829268 0.2722179878048779
0 0.9143099614294712 0.33719301007556685 0.9135469143576828 0.2730970560453401 0.8435310728904282 0.2745788727959698 0.8442941199622167 0.3386748268261965
0 0.952570221303502 0.3228001378080415 0.9484853781614786 0.2356568174448768 0.910912420963035 0.23878789721141375 0.9149972641050583 0.32593121757457844
0 1 0.25260416666666685 0.986328125 0.25260416666666685 0.986328125 0.2916666666666668 1 0.2916666666666668
0 0.8626474056603775 0.5964475235849057 0.8609227594339623 0.5435583726415095 0.8169332252358492 0.5461084905660378 0.8186578714622643 0.598997641509434
0 0.723988887635379 0.7058889891696754 0.7138671874999999 0.6848958333333336 0.6805512466155234 0.7134523540914562 0.6906729467509025 0.734445509927798
0 0.8688052712639109 0.8342545210651828 0.7900390625 0.7447916666666669 0.7330118491653419 0.834051652755697 0.8117780579292526 0.923514507154213
0 0.8710937500000002 0.9049479166666667 0.823912561408297 0.8929016557496362 0.8193529953602621 0.9246497452692869 0.8665341839519651 0.9366960061863174
0 0.8828125 0.9570312500000002 0.8623046875000002 0.9531250000000002 0.8599609375000001 0.9750000000000003 0.88046875 0.9789062500000002
0 0.6372286366150444 0.7645418510324486 0.615580060840708 0.7626175331858409 0.6129787748893806 0.8146432522123895 0.6346273506637169 0.8165675700589972
0 0.484375 0.6263020833333334 0.4697265625 0.6223958333333334 0.46687199519230765 0.6414262820512822 0.48152043269230765 0.6453325320512822
0 0.34968449519230765 0.5437700320512822 0.34097055288461536 0.5263421474358975 0.31550480769230765 0.5489783653846153 0.32421875 0.56640625
0 0.18515625000000008 0.6591145833333335 0.15703125000000004 0.6466145833333334 0.14980468750000003 0.6755208333333335 0.17792968750000007 0.6880208333333334
0 0.351171875 0.7054687500000002 0.33859675480769236 0.6924278846153846 0.32934194711538467 0.7082932692307693 0.34191706730769234 0.7213341346153849
0 0.568522648856467 0.8111198738170347 0.5026739944794953 0.8005840891167193 0.49441172121451105 0.8923871253943219 0.5602603755914827 0.9029229100946373
0 0.5332782451923077 0.7820512820512822 0.5271484375 0.7520833333333334 0.49789663461538447 0.7627203525641026 0.5040264423076921 0.7926883012820514
0 0.4889901253172589 0.8578614107445008 0.44568428775380714 0.8537370452622673 0.44441029505076146 0.8775182423857868 0.4877161326142132 0.8816426078680203
0 0.41990586577868844 0.8552339480874317 0.4189453125 0.8411458333333334 0.4022156762295081 0.8431736680327869 0.40317622950819665 0.8572617827868854
0 0.3554687500000001 0.7903645833333334 0.3427734374999999 0.78125 0.3359374999999999 0.7981770833333334 0.3486328125000001 0.8072916666666666
0 0.28895433161076445 0.8840394240769632 0.2529296875 0.8177083333333334 0.22664172191887677 0.8430898173426937 0.2626663660296412 0.9094209080863235
0 0.2975068933823529 0.9174325980392157 0.2641888786764707 0.8907781862745099 0.23816636029411775 0.9486060049019609 0.271484375 0.9752604166666666
0 0.31686580882352944 0.9529718137254902 0.31341911764705876 0.9345894607843136 0.2943474264705882 0.9409466911764706 0.2977941176470589 0.9593290441176471
0 0.2582257431263656 0.894103544549648 0.21289347004734155 0.8267527388322409 0.1854871290058267 0.8595466511896092 0.23081940208485077 0.9268974569070163
0 0.04296875 0.87890625 0.02246093750000009 0.8515625000000002 0.005859375000000044 0.8736979166666669 0.026367187499999955 0.9010416666666667
0 0.05719651442307692 0.6074919871794873 0.0439453125 0.59375 0.034480168269230796 0.6099759615384616 0.04773137019230771 0.6237179487179486
0 0.533203125 0.9986979166666666 0.5185546875 0.96875 0.4941276732427055 0.9899908819628648 0.5087761107427056 1.0199387986295314
0 0.6021057427610115 0.917278412180533 0.6012948613376835 0.8794372790918978 0.5347197440864602 0.8819734740348015 0.5355306255097879 0.9198146071234367
0 0.6771695559546073 0.9497097430012466 0.6674534065793948 0.9179926576844611 0.5841606941729005 0.9633539470701576 0.5938768435481129 0.995071032386943