0 0.9669719827586206 0.15891702586206916 0.942847521551724 0.13032507183908065 0.9169315732758619 0.1691989942528737 0.9410560344827585 0.19779094827586222
0 0.5048828125 0.17187500000000003 0.4775390625 0.13541666666666677 0.4345703125 0.19270833333333343 0.4619140625 0.22916666666666669
0 0.36326223727876117 0.27279682890855467 0.3052336836283186 0.24035075589970506 0.2914598313053097 0.28414454277286144 0.3494883849557523 0.316590615781711
0 0.03320312500000002 0.3111979166666667 1.1102230246251566e-17 0.29296875 -0.005703356139053229 0.31143676035502954 0.027499768860946783 0.3296659270216962
0 0.37606670673076936 0.40659054487179497 0.3427734375 0.40104166666666674 0.338671875 0.44479166666666664 0.3719651442307693 0.45034054487179487
0 0.6808363970588235 0.42930453431372556 0.6569967830882353 0.41023284313725494 0.6340762867647058 0.4611672794117648 0.657915900735294 0.4802389705882354
0 0.7462621228448275 0.4308997844827588 0.7338284358421749 0.41950223806366055 0.7082694379973473 0.46907120358090193 0.7207031249999999 0.48046875000000017
0 0.8854915652654867 0.4324875553097345 0.8837890625 0.3984375 0.8447697732300885 0.40190588126843657 0.8464722759955752 0.4359559365781711
0 0.869140625 0.5429687500000002 0.8447265625 0.5390625000000002 0.8404475552050474 0.5866070254994745 0.8648616177050474 0.5905132754994745
0 0.8624549278846153 0.4963942307692309 0.845928485576923 0.49198717948717957 0.8423978365384615 0.5155248397435899 0.8589242788461539 0.5199318910256412
0 0.7626852448453608 0.6546525987972509 0.7548828125 0.6276041666666667 0.7369523195876289 0.6367992912371135 0.7447547519329897 0.6638477233676976
0 0.7575161637931033 0.7241648706896553 0.7268588362068965 0.6781788793103449 0.6969154094827587 0.7136673850574714 0.7275727370689654 0.7596533764367817
0 0.5171274038461539 0.7282652243589742 0.5034555288461539 0.7009214743589742 0.4775390625 0.7239583333333334 0.4912109374999999 0.7513020833333334
0 0.404296875 0.7708333333333334 0.3750000000000001 0.7708333333333334 0.3750000000000001 0.828125 0.404296875 0.828125
0 0.486328125 0.64453125 0.4833984375 0.61328125 0.47234074519230773 0.6151241987179488 0.47527043269230773 0.6463741987179488
0 0.15039062500000006 0.609375 0.09960937500000007 0.609375 0.09960937500000007 0.65234375 0.15039062500000006 0.65234375
0 0.14355468750000003 0.7213541666666667 0.13085937500000003 0.7044270833333335 0.11230468750000004 0.7291666666666667 0.12500000000000006 0.7460937500000001
0 0.08904847203038672 0.6771782918968692 0.0766294026243094 0.639190550184162 -0.0021095908149171283 0.6849533839779005 0.010309478591160205 0.7229411256906076
0 0.11718750000000004 0.7981770833333334 0.07128906250000007 0.7838541666666666 0.06137674356223184 0.8403243472818311 0.10727518106223181 0.8546472639484978
0 1 0.8541666666666669 0.974609375 0.8541666666666669 0.974609375 0.9088541666666669 1 0.9088541666666669