0 0.5747319968787158 0.15696374603646449 0.5735580317330559 0.09278698474038842 0.515475206227705 0.09467585711454617 0.516649171373365 0.15885261841062226
0 0.9274395218501702 0.158654641978812 0.9232195747020431 0.1330223704124102 0.8661377784477866 0.1497292376087779 0.8703577255959137 0.1753615091751797
0 1.0205078125 0.39843750000000006 0.9990234375 0.36979166666666674 0.9580078125 0.4244791666666667 0.9794921875 0.453125
0 0.8702041310612083 0.48828746025437214 0.8076466862082672 0.45542900437201916 0.7917018581081081 0.509396114864865 0.8542593029610492 0.542254570747218
0 0.8716653963414636 0.6800368394308942 0.8672351371951221 0.6268737296747966 0.8404392149390244 0.6308434959349593 0.8448694740853657 0.6840066056910569
0 0.978515625 0.8997395833333334 0.9760113706683168 0.8663495255775577 0.9667291924504952 0.867587149339934 0.9692334467821782 0.9009772070957095
0 1.0086150216584158 0.9866955445544556 0.9912109375 0.9583333333333337 0.9655785891089108 0.9862958952145218 0.9829826732673265 1.0146581064356437
0 0.6652799271166134 0.764799653887114 0.6103515624999999 0.7317708333333334 0.584675768769968 0.8076818756656016 0.6396041333865815 0.8407106962193823
0 0.6134819135273973 0.9367865296803654 0.6002220676369864 0.9224743150684931 0.5825743792808219 0.9515410958904109 0.595834225171233 0.9658533105022832
0 0.451171875 0.9179687499999999 0.4482421875 0.90625 0.432421875 0.91328125 0.4353515625 0.9249999999999999
0 0.482421875 0.9127604166666665 0.4775390625 0.8906249999999999 0.4616776970541402 0.8968451433121019 0.4665605095541402 0.9189805599787685
0 0.36785082547169806 0.753414897798742 0.35421580188679247 0.7206908411949687 0.2656618514150943 0.7862863600628933 0.2792968749999999 0.8190104166666666
0 0.017578125000000003 0.8502604166666667 0.01284730666342412 0.749336292153048 -0.004419230301556426 0.7507751702334631 0.00031158803501945556 0.8516992947470818
0 0.2732651654411765 0.4287683823529412 0.23133042279411767 0.39522058823529416 0.1975528492647059 0.4702818627450981 0.23948759191176477 0.5038296568627451
0 0.4488744362113402 0.38495221219931275 0.43156612435567004 0.3569292310996564 0.39220159471649485 0.4001530283505155 0.40950990657216496 0.4281760094501719
0 0.18789590371621626 0.25073902027027034 0.17285156250000006 0.2473958333333334 0.16625316722972977 0.30018299549549554 0.18129750844594597 0.3035261824324325
0 0.16298036317567574 0.3875633445945946 0.13922614020270274 0.3822846283783784 0.1339474239864865 0.42451435810810817 0.1577016469594595 0.42979307432432445
0 0.017578125000000035 0.3880208333333333 3.629690464269743e-17 0.3880208333333333 3.8509401301313256e-17 0.4361979166666667 0.017578125000000038 0.4361979166666667