0 0.82421875 0.7434895833333334 0.8087890625 0.70234375 0.8009765625 0.7075520833333333 0.81640625 0.7486979166666666
0 0.650032409934498 0.9925115993449782 0.629951043941048 0.9720364810771471 0.6169231031659388 0.9947518649927222 0.6370044691593887 1.0152269832605534
0 0.5840909486358574 0.8628752551967335 0.5654296875 0.8541666666666666 0.5516512388641426 0.9066559948032665 0.5703125 0.9153645833333334
0 0.7865505540572232 0.6654696294559099 0.7626953124999999 0.6276041666666666 0.7435946294559098 0.6489969316760476 0.7674498710131331 0.6868623944652907
0 0.4789212740384615 0.5475560897435898 0.4697265625 0.5026041666666667 0.41998197115384606 0.5206931089743592 0.4291766826923076 0.5656450320512821
0 0.658203125 0.6380208333333334 0.62890625 0.6380208333333334 0.62890625 0.69921875 0.658203125 0.69921875
0 0.6276009195760598 0.848610894638404 0.5983576215710723 0.8055155081047384 0.5739118999376559 0.835005584995844 0.6031551979426434 0.8781009715295096
0 0.6628612417035398 0.4173810840707965 0.6587475801991151 0.3351078539823008 0.6176541758849557 0.33876060103244837 0.6217678373893805 0.42103383112094395
0 0.26673874921185386 0.7418981846364019 0.1738281250000001 0.71484375 0.1673655718001262 0.7542993379571249 0.26027619601198 0.7813537725935268
0 0.5486328125000001 0.9630208333333333 0.4859375000000001 0.93515625 0.4732421875 0.9859375000000002 0.5359375 1.0138020833333334
0 0.7970046321902655 0.996082227138643 0.79296875 0.9153645833333334 0.7194672981194691 0.9218980457227138 0.7235031803097345 1.0026156895280236
0 0.271484375 0.4960937500000001 0.24211557188385266 0.412882141170916 0.12096649256373934 0.4888972497639283 0.1503352956798867 0.5721088585930124