0 0.7529296875 1.2023225085378963e-16 0.7109375 1.168038776530516e-16 0.7109375 0.03125000000000012 0.7529296875 0.031250000000000125
0 0.837890625 0.20703125000000006 0.8116675204918031 0.13460553278688542 0.7413719714320155 0.179853242526519 0.7675950759402121 0.25227895973963366
0 0.6526171875 0.18093750000000003 0.6477734374999999 0.13572916666666665 0.6226171875 0.14052083333333332 0.6274609375 0.18572916666666667
0 0.587545955882353 0.1281403186274511 0.5300127262443441 0.12448741515837113 0.5280154128959278 0.18041218891402722 0.5855486425339367 0.1840650923831072
0 0.4981341768451143 0.14423347626472624 0.47409571530665284 0.11418539934164935 0.44032208290020786 0.1622190098752599 0.4643605444386695 0.19226708679833676
0 0.3798828125 0.018229166666666727 0.359375 -0.009114583333333275 0.3505859375 0.002604166666666726 0.37109375 0.029947916666666727
0 0.2764727618243243 0.003061655405405454 0.23403188344594597 -0.006369650900900862 0.22550675675675674 0.061831362612612656 0.26794763513513514 0.07126266891891898
0 0.10535902387640447 0.06664033239700376 0.06329222261235956 0.05310159176029963 0.047776948735955074 0.13880500936329587 0.08984375 0.15234375
0 0.11827643785298272 0.20813386133662787 0.11001202347334979 0.17683927888575127 0.026627788011824926 0.21598680727144373 0.03489220239145783 0.2472813897223203
0 0.07288906250000002 0.3981916666666667 0.05756250000000003 0.36092708333333334 0.01605156250000004 0.3912791666666667 0.031378125000000034 0.42854375000000006
0 0.22344466743119268 0.36244504969418967 0.15507633314220187 0.3133600917431193 0.12089664564220186 0.3979955084097859 0.18926497993119268 0.4470804663608563
0 0.298828125 0.4934895833333334 0.2568359375 0.4635416666666668 0.2360751550672835 0.5152931822960471 0.27806734256728344 0.5452410989627139
0 0.33473557692307687 0.4138621794871795 0.3221153846153846 0.40264423076923084 0.30709134615384615 0.4326923076923077 0.31971153846153844 0.4439102564102564
0 0.25 0.4934895833333334 0.232421875 0.4700520833333334 0.19531250000000003 0.5195312500000001 0.212890625 0.5429687500000001
0 0.0712780898876405 0.5320546582397003 0.028320312500000045 0.5182291666666666 0.011729722612359583 0.6098724250936329 0.05468750000000004 0.6236979166666666
0 0.01574430854072397 0.5094504147812972 0.005961008201357476 0.48191223604826544 -0.005877050339366518 0.48938890460030166 0.003906249999999978 0.5169270833333334
0 0.3372982838114755 0.7504269125683061 0.30099257172131155 0.7314848019125684 0.28880315061475414 0.7730191256830602 0.32510886270491807 0.7919612363387979
0 0.40756275614754117 0.9455899931693991 0.32902151639344274 0.9360698428961751 0.32538742315573776 0.9893698770491804 0.40392866290983626 0.9988900273224045
0 0.011903505067567632 0.9373240427927929 0.000976562500000089 0.9348958333333334 -0.001161317567567477 0.9519988738738739 0.009765625000000066 0.9544270833333335
0 0.5612980769230769 0.7732371794871795 0.5498046875 0.7630208333333334 0.5442457932692307 0.7741386217948718 0.5557391826923077 0.784354967948718
0 0.646484375 0.8346354166666667 0.6337890624999999 0.8307291666666666 0.6308593749999999 0.84765625 0.6435546875 0.8515625000000001
0 0.6857421875 0.5411458333333332 0.6787109375 0.5130208333333333 0.6517578125 0.5249999999999999 0.6587890625 0.5531249999999999
0 0.6762338033536587 0.4255589430894311 0.6678734756097561 0.4243203760162603 0.6654677972560976 0.4531885162601627 0.6738281250000002 0.4544270833333334
0 0.63671875 0.5638020833333334 0.5631734913793103 0.3349946120689654 0.46558459051724127 0.390759698275862 0.5391298491379309 0.61956716954023
0 0.9209435096153845 0.6226161858974357 0.9093599759615383 0.5659855769230769 0.8708533653846153 0.5799879807692309 0.8824368990384613 0.6366185897435898
0 0.940234375 0.5385416666666667 0.932421875 0.5177083333333334 0.91328125 0.53046875 0.92109375 0.5513020833333333
0 0.9562259203767123 0.32777896689497743 0.9471612799657534 0.31655607876712344 0.9170055650684932 0.3598565924657534 0.9260702054794521 0.3710794805936074