0 0.3457031250000001 0.7773437500000001 0.3291015625 0.7708333333333334 0.32490296576433125 0.7898669718683652 0.3415045282643313 0.7963773885350319
0 0.859437201433121 0.9963757298301484 0.8542433817675159 0.9728304140127388 0.830874303343949 0.981994758492569 0.836068123009554 1.0055400743099787
0 0.09765625000000001 0.9960937500000002 0.09700306956307492 0.9621283672798949 0.03884819522010513 0.9641165681121332 0.03950137565703023 0.9980819508322385
0 0.43959435096153854 0.9679647435897436 0.41354266826923086 0.9291426282051283 0.3915054086538462 0.9554326923076925 0.4175570913461539 0.9942548076923078
0 0.7620699819287728 0.7935839797837332 0.7579433511107192 0.7645010578279269 0.7004570147214386 0.7790021156558535 0.7045836455394923 0.8080850376116598
0 0.027343750000000062 0.6614583333333334 6.117254275037804e-17 0.6614583333333334 6.470057796276543e-17 0.73828125 0.027343750000000066 0.73828125
0 0.313073856314433 0.850354381443299 0.2568359375000001 0.8411458333333334 0.251969114804427 0.8939856225995553 0.3082070336188599 0.9031941707095209
0 0.3470208447052402 0.4210675946142651 0.3241803698144105 0.38124317685589537 0.28380015010917037 0.4224151655749637 0.30664062500000006 0.4622395833333334
0 0.982603020957194 0.9981838956599288 0.9817123866676576 0.949495887831946 0.9211538997473246 0.9514652695204122 0.9220445340368609 1.0001532773483948
0 0.1801450779665315 0.3145363209939148 0.13979105920385396 0.307199226673428 0.1334206230983773 0.36948793526031104 0.17377464186105485 0.37682502958079783
0 0.8127723894284518 0.4764882615986585 0.7607421875000002 0.421875 0.7398178757336502 0.4573143748835476 0.7918480776621019 0.5119276364822061
0 0.4804923447986577 0.05382410514541396 0.3821020343959731 0.034388982102908354 0.37797556627516776 0.07152719519015667 0.47636587667785235 0.09096231823266228
0 1 0.7031250000000002 0.951171875 0.7031250000000002 0.951171875 0.7981770833333336 1 0.7981770833333336
0 0.601787860576923 0.4793669871794872 0.5917217548076923 0.4122596153846155 0.5237379807692307 0.43038862179487186 0.5338040865384615 0.4974959935897436
0 0.9449609375 0.45114583333333325 0.9342578125 0.35125000000000006 0.8844921874999999 0.3607291666666667 0.8951953125 0.46062499999999995
0 0.9968133872239747 0.10129222528916924 0.9662010794558359 -0.012564077287066292 0.8955688091482651 0.02119725946372236 0.9261811169164039 0.1350535620399579
0 1 0.2395833333333335 0.87890625 0.23958333333333348 0.87890625 0.3476562500000001 1 0.3476562500000001