0 0.9473775337837838 0.00009431306306321904 0.9023891469594594 -0.001300675675675526 0.9018823902027024 0.02775337837837853 0.9468707770270269 0.029148367117117272
0 0.588386342005076 0.06756953257191214 0.5689244923857867 0.037628225465313095 0.5506325348984771 0.0587655985617598 0.5700943845177664 0.08870690566835886
0 0.6669621394230767 0.11009615384615395 0.6630859374999998 0.0911458333333334 0.6417668269230768 0.09889823717948719 0.6456430288461538 0.11784855769230776
0 0.6678035540013012 0.18409526810887009 0.6653262493900456 0.15814255313381043 0.5999435792127522 0.16923779413359352 0.6024208838240079 0.1951905091086532
0 0.095703125 0.1549479166666667 0.0774091487556561 0.12811675150829566 0.052619485294117654 0.15816482843137258 0.07091346153846154 0.18499599358974364
0 0.12114902712264157 0.3693985849056604 0.09478183962264156 0.3498673349056604 0.049178213443396256 0.45931603773584917 0.07554540094339628 0.47884728773584917
0 0.2312035891089109 0.5579749381188119 0.2245030167079208 0.46863397277227725 0.17345103650990099 0.47544090346534656 0.18015160891089108 0.5647818688118812
0 0.3016249999999999 0.6435520833333332 0.2786328124999999 0.5992708333333333 0.2630937499999999 0.6136145833333333 0.2860859374999999 0.6578958333333332
0 0.08859675480769232 0.6575320512820514 0.0830078125 0.6302083333333335 0.05755709134615385 0.6394631410256412 0.06314603365384616 0.666786858974359
0 0.04525532536224276 0.7845836833263335 0.04424759161066779 0.6918721781814363 -0.0009761523519529608 0.692746066953661 0.00003158139962200629 0.7854575720985582
0 0.26582768278301894 0.7502948113207547 0.2543853183962265 0.7418189858490566 0.24609375000000014 0.7617187500000001 0.2575361143867925 0.7701945754716982
0 0.42839770047169806 0.6710642688679246 0.3640551297169812 0.6234031053459119 0.3273879716981133 0.7114042845911951 0.3917305424528302 0.7590654481132076
0 0.3642578125000001 0.8020833333333334 0.32436046322765083 0.7966865904365904 0.31752452572765083 0.8865303404365906 0.3574218750000001 0.8919270833333336
0 0.12109375000000008 0.9817708333333334 0.08203125000000008 0.9817708333333334 0.08203125000000008 0.9986979166666666 0.12109375000000008 0.9986979166666666
0 0.544779068962334 0.8174506093057609 0.5015045120937962 0.7551352474150667 0.4689836826070901 0.7952844196208767 0.5122582394756278 0.8575997815115709
0 0.5098393278301888 0.6813335298742139 0.4794921875000001 0.6588541666666666 0.47313531839622647 0.6741106525157233 0.5034824587264153 0.6965900157232705
0 0.45943509615384615 0.5173277243589743 0.4580078125 0.5078125 0.443359375 0.51171875 0.44478665865384615 0.5212339743589743
0 0.5330859374999999 0.38520833333333343 0.4898828125 0.3769791666666667 0.4840234375 0.4316666666666667 0.5272265624999999 0.43989583333333343
0 0.8332360636876486 0.55732012074426 0.7217757200118765 0.4764950762074427 0.6924802367874109 0.5483162608867777 0.803940580463183 0.6291413054235948
0 0.74609375 0.5950520833333334 0.7242062069954128 0.5408543577981652 0.703125 0.5559895833333334 0.7250125430045872 0.6101873088685016
0 0.9515632599708171 0.6882650372892349 0.8991556724221791 0.6838977383268484 0.8978903210116732 0.7108919017509729 0.9502979085603112 0.7152592007133596
0 1 0.6731770833333334 0.9990234375 0.6197916666666666 0.9757426984244946 0.6205487638723741 0.9767192609244946 0.6739341805390408
0 0.8867881503807107 0.8515558904399326 0.8556323366116751 0.8155536167512694 0.8145820114213198 0.8787079631979697 0.8457378251903552 0.914710236886633
0 0.794921875 0.8854166666666669 0.755859375 0.8854166666666669 0.755859375 0.9127604166666669 0.794921875 0.9127604166666669
0 0.9969349474009899 0.9497215346534652 0.9747447400990097 0.9135597153465346 0.927734375 0.9648437499999999 0.9499245823019802 1.0010055693069306