0 0.793674441149635 0.008154653284671664 0.7480996236313868 0.0065123175182483 0.7472855839416057 0.04667160888077871 0.792860401459854 0.048313944647202074
0 0.8544422901459854 0.029805352798053696 0.8182168111313868 0.012241484184915013 0.8065265739051094 0.055105687347931996 0.842752052919708 0.07266955596107068
0 0.7607421875000002 0.14583333333333345 0.7203125 0.12786458333333345 0.698046875 0.21692708333333346 0.7384765625 0.23489583333333344
0 0.8993583385342371 0.1983030194959581 0.8724144079885878 0.14527052127912501 0.8239164474857349 0.1890751307655729 0.8508603780313839 0.24210762898240598
0 0.9219901977211796 0.16310950067024135 0.9082816689008043 0.12156850424486153 0.8792204256032171 0.13861776697944592 0.8929289544235927 0.18015876340482576
0 0.7763284070397111 0.289560770156438 0.7681422044223826 0.2725819795427197 0.7382812499999999 0.2981770833333334 0.7464674526173284 0.31515587394705175
0 0.7448630136986301 0.354130993150685 0.7336258561643835 0.31417665525114163 0.6875 0.3372395833333334 0.6987371575342465 0.37719392123287687
0 0.5768928271812079 0.10349377796420588 0.5576171874999999 0.09895833333333341 0.5549431103187918 0.11916247203579425 0.5742187499999999 0.12369791666666673
0 0.1259788204479769 0.051321652215799644 0.06640625000000001 0.03776041666666668 0.061198292991329485 0.07843208092485551 0.12077086343930639 0.09199331647398847
0 0.05468750000000002 0.3580729166666667 0.048692218884505055 0.3406320988761358 -0.0046390221484935434 0.37322341284074606 0.0013562589670014225 0.3906642306312769
0 0.1728515625 0.30729166666666674 0.16590837247109827 0.30050276974951834 0.15230988078034682 0.32522730009633916 0.15925307080924855 0.33201619701348756
0 0.08150724085365854 0.4858993902439025 0.07150342987804874 0.4752286585365854 0.053115472560975596 0.5058752540650406 0.0631192835365854 0.5165459857723577
0 0.15346120519612272 0.6862930192365495 0.10180994279756546 0.6818971671175234 0.09852626239855733 0.7504896021190263 0.1501775247971146 0.7548854542380524
0 0.33915751689189194 0.7906461148648649 0.3155352618243243 0.7465512387387387 0.29262563344594594 0.7683699324324326 0.31624788851351354 0.8124648085585586
0 0.47265625 0.6393229166666666 0.4405576214519651 0.5833560771470161 0.38480826965065507 0.6401985534934499 0.41690689819869 0.6961653930131004
0 0.4182545731707316 0.5008257113821137 0.39479325457317066 0.4758003048780487 0.37773913871951215 0.5042238313008129 0.40120045731707304 0.5292492378048779
0 0.4287109375 0.4479166666666667 0.4082031250000001 0.4205729166666668 0.39160156250000006 0.4427083333333334 0.412109375 0.4700520833333333
0 0.3691015624999999 0.42802083333333324 0.36425781249999994 0.38281249999999994 0.31640625 0.39192708333333326 0.32125 0.4371354166666666
0 0.7852090371621622 0.5173493806306306 0.7782675253378379 0.461817286036036 0.752612964527027 0.4675182995495495 0.7595544763513513 0.5230503941441441
0 0.6595703125 0.7854166666666667 0.6529296875 0.7588541666666665 0.61484375 0.7757812499999999 0.621484375 0.80234375
0 0.8147396244085172 0.8859958267613042 0.7087286819794952 0.7749367442166144 0.6855499556388013 0.8142703404311255 0.7915608980678233 0.9253294229758152
0 0.94921875 0.7239583333333336 0.9189453125 0.7239583333333336 0.9189453125 0.7929687500000002 0.94921875 0.7929687500000002
0 0.6000252971849476 0.917757560287826 0.5566303693844808 0.8739242998833141 0.5356633332117854 0.9108262835472583 0.5790582610122522 0.95465954395177
0 0.6601562499999999 0.6158854166666666 0.6572265624999999 0.6041666666666665 0.6490234375 0.6078124999999999 0.651953125 0.61953125
0 0.19359374999999998 0.84984375 0.1923046875 0.8378125 0.181640625 0.83984375 0.1829296875 0.851875
0 0.3593750000000001 0.6666666666666666 0.3525390625000001 0.6666666666666666 0.3525390625000001 0.6809895833333334 0.3593750000000001 0.6809895833333334