0 0.10874155405405408 0.2537654842342343 0.10201119087837837 0.24120213963963966 0.08464421452702701 0.25774211711711714 0.09137457770270271 0.27030546171171177
0 0.865234375 0.21484375 0.8627068014705882 0.1710324754901961 0.8537454044117648 0.17195159313725492 0.8562729779411766 0.21576286764705882
0 0.71484375 0.3059895833333336 0.7001953125 0.29687500000000033 0.6929601961678832 0.3175467609489055 0.7076086336678832 0.32666134428223875
0 0.08148397332904884 0.3731154937874893 0.0732421875 0.3307291666666667 0.05039966259640103 0.33862534811482436 0.05864144842544987 0.381011675235647
0 0.37126039889078505 0.9499342292377703 0.3505226109215017 0.9466812428896474 0.3464497120307167 0.9928407636518771 0.3671875000000001 0.99609375
0 0.44140625 0.8424479166666665 0.4410187922297298 0.820233671171171 0.39239864864864865 0.8217412725225224 0.3927861064189189 0.8439555180180178
0 0.7712796806768558 0.45758847343522585 0.7416288550764192 0.4273562590975256 0.7251083174126637 0.45616129912663783 0.7547591430131004 0.48639351346433807
0 0.6827674278846154 0.23858173076923084 0.6549729567307693 0.23116987179487183 0.6484375 0.27473958333333337 0.6762319711538461 0.2821514423076924
0 0.154296875 0.10156250000000003 0.123046875 0.10156250000000003 0.123046875 0.16015625 0.154296875 0.16015625
0 0.31825146754143646 0.3371100943830571 0.3157048515193371 0.2725958218232044 0.28033818197513816 0.2750776933701658 0.2828847979972376 0.33959196593001845
0 0.31320716594827597 0.8532686781609197 0.2806775323275863 0.8346803160919543 0.26148302801724144 0.8943965517241381 0.2940126616379311 0.9129849137931035
0 0.12796875000000005 0.33109375 0.10609375000000001 0.30921875000000004 0.06414062500000003 0.3838020833333333 0.08601562500000007 0.4056770833333333
0 0.558515625 0.5656770833333334 0.5143416539634147 0.5103480691056911 0.49706364329268293 0.5348716971544716 0.5412376143292683 0.5902007113821138
0 0.4684155607876713 0.4501997716894978 0.4263297303082192 0.4246932077625572 0.4096077696917809 0.4737442922374431 0.451693600171233 0.4992508561643837
0 0.5910882190265487 0.5522331305309734 0.5876140763274337 0.48275027654867253 0.5500207411504425 0.48609190634218286 0.5534948838495575 0.5555747603244837
0 0.204364224137931 0.79762033045977 0.19958243534482759 0.689233117816092 0.1552734375 0.6927083333333334 0.16005522629310343 0.8010955459770114
0 0.700390625 0.5007812500000001 0.64953125 0.4910937500000001 0.639140625 0.5880729166666668 0.6900000000000002 0.5977604166666668
0 0.552251525803461 0.9424073573341574 0.5202120673671199 0.8811144803255045 0.45822871600741655 0.9387151704779562 0.49026817444375775 1.0000080474866089