0 0.3994140625 0.15364583333333334 0.3291015625 0.05989583333333336 0.2568359375 0.15625000000000006 0.32714843749999994 0.25000000000000006
0 0.2858037243150685 0.06367365867579908 0.2848218107876712 0.02832477168949771 0.2559262628424657 0.02975171232876712 0.25690817636986296 0.06510059931506848
0 0.13435018128453038 0.16004834254143646 0.1337890625 0.14583333333333334 0.115234375 0.14713541666666666 0.11579549378453038 0.1613504258747698
0 0.3671875 0.25390625000000006 0.3530657478932584 0.24956109550561803 0.349609375 0.26953125000000006 0.3637311271067416 0.2738764044943821
0 0.4365685096153845 0.37157451923076934 0.3977614182692307 0.3313301282051284 0.35769230769230764 0.4000200320512822 0.39649939903846143 0.44026442307692315
0 0.3033045826342281 0.4626415687919463 0.2887544567953021 0.4490614513422819 0.2588873741610739 0.5059511325503355 0.27343749999999994 0.51953125
0 0.16548978365384617 0.44360977564102566 0.15842848557692307 0.42948717948717957 0.140625 0.44531250000000006 0.14768629807692307 0.45943509615384615
0 0.058651194852941194 0.5700061274509804 0.04424402573529409 0.5577818627450981 0.027194393382352966 0.5935049019607843 0.041601562500000064 0.6057291666666667
0 0.3481189604114713 0.656870194305902 0.34544741661471323 0.5856290263923525 0.2962539939214464 0.5889085879052369 0.29892553771820446 0.6601497558187863
0 0.2562162328094303 0.925791482481991 0.23588876780451867 0.8065370211198429 0.20355668283398823 0.8163346226260643 0.22388414783889982 0.9355890839882124
0 0.4970703125000001 0.7786458333333335 0.4726562500000001 0.7460937500000001 0.4550781250000001 0.7695312500000002 0.4794921875000001 0.8020833333333336
0 0.375 0.9830729166666667 0.36135937499999987 0.9568020833333334 0.3554687499999999 0.9622395833333335 0.369109375 0.9885104166666668
0 0.440524961890244 0.9568724593495935 0.43840510670731714 0.9314341971544715 0.4062499999999999 0.9361979166666666 0.4083698551829268 0.9616361788617886
0 0.735037386896783 0.7741426496872207 0.7093482950737267 0.6962969168900806 0.679043440013405 0.714075765192136 0.7047325318364612 0.7919214979892761
0 0.7099609375000001 0.7760416666666667 0.6621093750000001 0.7122395833333335 0.6357421875 0.7473958333333336 0.68359375 0.8111979166666669
0 0.62890625 0.5533854166666667 0.6025390625 0.5390625000000001 0.5949057904411765 0.564044117647059 0.6212729779411765 0.5783670343137256
0 0.499290988869863 0.49661101598173524 0.4833984375 0.4869791666666668 0.47637521404109584 0.5075806221461189 0.4922677654109589 0.5172124714611873
0 0.7552865979134762 0.797666618810618 0.7193586691232772 0.7693597658244005 0.6913434389356816 0.8325736185553855 0.7272713677258805 0.8608804715416031
0 0.7700790777439023 0.8267594004065041 0.7646484374999999 0.8177083333333334 0.7495236280487804 0.8338414634146342 0.7549542682926828 0.8428925304878049
0 0.8059362192622951 0.6743937841530054 0.7946497182377049 0.6563353825136612 0.7780321465163935 0.6747993510928961 0.7893186475409836 0.6928577527322404
0 0.7942014600409836 0.5769723360655739 0.7802894467213115 0.5752860314207651 0.7790567366803278 0.5933657786885248 0.79296875 0.5950520833333336
0 0.7929503242924529 0.4278203616352201 0.7853036556603774 0.409468356918239 0.7597656250000002 0.4283854166666667 0.7674122936320756 0.44673742138364775
0 0.787109375 0.2213541666666668 0.7265625 0.2213541666666668 0.7265625 0.3997395833333334 0.787109375 0.3997395833333334
0 0.8268104591306157 0.3447119384359402 0.7937779482113145 0.3158559518857461 0.783373739080699 0.33702943011647263 0.81640625 0.3658854166666668
0 0.853667619163424 0.3105595411802854 0.819468932392996 0.2588815256160831 0.7984747385700388 0.2835805771725034 0.832673425340467 0.3352585927367057
0 0.853515625 0.2382812500000001 0.8185297818791947 0.2300492869127518 0.8126704068791947 0.27432012024608515 0.84765625 0.2825520833333334
0 0.8157359954679594 0.06490654862282189 0.7955789549957839 0.009362703766160803 0.7636718749999998 0.029947916666666727 0.7838289154721753 0.0854917615233278
0 0.9954248980306524 0.04641493627774125 0.9793280323005931 -0.029419186717204938 0.9013671875 5.921189464667501e-17 0.9174640532300593 0.07583412299494624
0 0.992680102323009 0.1633250368731565 0.9401790652654867 0.15865827802359894 0.9372061670353983 0.21811624262536888 0.9897072040929205 0.2227830014749264
0 1.0058143028846156 0.6814703525641027 0.9562950721153847 0.6732171474358976 0.9477163461538461 0.7647235576923078 0.9972355769230772 0.772976762820513
0 0.9846737132352941 0.6466452205882353 0.9725298713235293 0.621200980392157 0.9485179227941174 0.6415747549019609 0.9606617647058823 0.6670189950980391
0 0.9316406249999998 0.5013020833333334 0.9189453125 0.4947916666666668 0.9136094555412371 0.5132893041237114 0.9263047680412368 0.5197997207903781
0 0.9399975801991151 0.7326004793510326 0.8969596930309734 0.7287748893805311 0.8957497925884954 0.7529728982300886 0.938787679756637 0.7567984882005899
0 0.8740234375 0.7187500000000002 0.853515625 0.7187500000000002 0.853515625 0.7356770833333336 0.8740234375 0.7356770833333336
0 0.998046875 0.8893229166666665 0.9736328125 0.8411458333333333 0.9477925965396187 0.8644253071715144 0.9722066590396187 0.9126023905048478
0 0.9394531250000002 0.9596354166666671 0.9194356198132783 0.9441833073997237 0.9082031250000002 0.9700520833333336 0.9282206301867222 0.985504192600277