0 1 0.65234375 0.9990234375 0.609375 0.9895032970183486 0.6097596521406727 0.9904798595183486 0.6527284021406727
0 1.0000000000000002 0.4960937500000002 0.9833984375 0.48697916666666685 0.9782209227071007 0.503744452662722 0.9948224852071007 0.5128590359960554
0 0.5449218749999999 0.016927083333333332 0.5424859550561797 0.0028528792134831765 0.5068249648876404 0.013825491573033736 0.5092608848314606 0.027899695692883895
0 0.3608774038461539 0.8272235576923077 0.3312049278846154 0.8193108974358975 0.3285006009615385 0.8373397435897435 0.358173076923077 0.8452524038461537
0 0.8237550430798688 0.06151417760758573 0.8056640625 0.026041666666666668 0.7936974323030636 0.036891411378555776 0.8117884128829322 0.07236392231947483
0 0.9040857263513514 0.14101210585585586 0.8928684543918919 0.12007319819819819 0.8679265202702704 0.14382742117117123 0.8791437922297298 0.16476632882882888
0 0.31411723726114643 0.690925225583864 0.3072750796178344 0.6599074442675159 0.27544660628980894 0.6723891985138004 0.28228876393312097 0.7034069798301485
0 0.65625 0.07421875000000008 0.6303335336538461 0.06730769230769239 0.6244741586538461 0.10637019230769239 0.650390625 0.11328125000000008
0 0.9749271911982248 0.1383059048323473 0.9462890625 0.12239583333333345 0.9358589127218935 0.15577231262327432 0.9644970414201183 0.1716823841222882
0 0.5412409855769231 0.8908253205128207 0.5367337740384615 0.8607772435897435 0.4845252403846154 0.874699519230769 0.489032451923077 0.9047475961538463
0 0.568822487113402 0.8080299613402062 0.5554123711340205 0.7677996134020619 0.52551143685567 0.7855186855670104 0.5389215528350515 0.8257490335051546
0 0.308984375 0.3544270833333333 0.2638671875 0.34583333333333327 0.2576171875 0.4041666666666667 0.302734375 0.4127604166666667
0 0.513671875 0.7838541666666666 0.4765625 0.7838541666666666 0.4765625 0.8541666666666666 0.513671875 0.8541666666666666
0 0.7619849477284462 0.6032571577611427 0.7440115594346928 0.548618057348133 0.6675991989868353 0.5933036482533127 0.6855725872805886 0.6479427486663225
0 0.7519531250000001 0.8984375000000001 0.69140625 0.8984375 0.6914062500000001 0.9804687500000001 0.7519531250000002 0.9804687500000002
0 0.6745871113989639 0.6288455310880832 0.6004250323834197 0.6224659974093266 0.5956525259067358 0.7210977979274613 0.66981460492228 0.7274773316062179
0 0.7247534445725062 0.12817717064822587 0.6652265166596815 0.09466571493433926 0.6268884574077954 0.21573327046661075 0.6864153853206203 0.2492447261804974
0 0.16708650631500746 0.7283830949727589 0.13763727015230315 0.6034469415552254 0.031644687964338794 0.647862880757801 0.061093924127043106 0.7727990341753344