0 0.9962740384615387 0.09312900641025633 0.977448918269231 0.06085737179487178 0.9570312500000003 0.08203124999999988 0.975856370192308 0.11430288461538443
0 0.5047679227941176 0.1894914215686275 0.4794921875 0.16927083333333337 0.4620863970588235 0.20795036764705888 0.4873621323529411 0.228170955882353
0 0.5178909205548551 0.3960533575031527 0.4931529791929384 0.3862803436317782 0.4665924495586382 0.5058027269861288 0.4913303909205549 0.5155757408575032
0 0.408203125 0.5690104166666666 0.3852713121482177 0.5326107137273296 0.3679570239212008 0.5520027165415885 0.39088883677298314 0.5884024194809255
0 0.5073795908505154 0.6956346649484537 0.4990234375 0.6666666666666666 0.4728475354381443 0.680090206185567 0.4812036887886598 0.709058204467354
0 0.46845988385643256 0.8015985925523098 0.41927973508390304 0.7253915151750568 0.3818025559353635 0.7683885889268697 0.430982704707893 0.8445956663041225
0 0.16015625000000006 0.6197916666666666 0.12304687500000004 0.6197916666666666 0.12304687500000004 0.63671875 0.16015625000000006 0.63671875
0 0.06226562499999999 0.556875 0.05371093749999996 0.5416666666666666 0.04011718749999997 0.5552604166666666 0.04867187500000001 0.5704687500000001
0 0.11931466584158419 0.8427315387788777 0.1015625 0.8138020833333333 0.05646658415841581 0.8629976278877888 0.07421875 0.8919270833333334
0 0.059627757352941194 0.49188112745098034 0.04370404411764708 0.4736825980392156 0.015923713235294113 0.5168964460784313 0.031847426470588226 0.535094975490196
0 0.7197265625000001 0.6718750000000001 0.6914062500000001 0.6341145833333335 0.6787109375 0.6510416666666667 0.70703125 0.6888020833333335
0 0.6494140625 0.5208333333333334 0.5966796875000001 0.5130208333333334 0.5900104801829269 0.5930513211382116 0.6427448551829269 0.6008638211382116
0 0.9466015624999999 0.41635416666666686 0.9072265625 0.4088541666666668 0.9016015625 0.4613541666666669 0.9409765624999998 0.4688541666666668
0 0.8755716463414632 0.5472243394308943 0.8744283536585364 0.5335048272357724 0.8592082698170731 0.5357596544715447 0.8603515625 0.5494791666666666
0 0.8438298722044728 0.7064521765175721 0.7798341403753992 0.6594349041533547 0.746896216054313 0.7391365481895635 0.8108919478833865 0.7861538205537807
0 0.923828125 0.7122395833333336 0.8994140625 0.6875000000000001 0.8924889864350913 0.6996492562542259 0.9169030489350913 0.7243888395875594
0 0.962959551647408 0.8452822454715803 0.9191405030059338 0.7838606730168644 0.8881796289428483 0.8231281230480949 0.9319986775843223 0.8845496955028108
0 0.8074175980839418 0.9056797445255477 0.7802734375 0.828125 0.7411396555656934 0.852474908759124 0.768283816149635 0.9300296532846717
0 0.6866355020491804 0.7913251366120219 0.6770299692622951 0.7759562841530053 0.6640624999999999 0.7903645833333331 0.6736680327868853 0.8057334357923497
0 0.30917008196721324 0.9668075478142076 0.27500640368852464 0.9626664959016394 0.27246093750000006 1.0000000000000002 0.3066246157786886 1.0041410519125684
0 0.2416015625 0.9403645833333335 0.2220703125000001 0.9273437500000001 0.20312500000000008 0.9778645833333335 0.22265625 0.9908854166666667
0 0.10081533137583891 0.9618026426174497 0.09827889052013422 0.942638422818792 0.06975540058724833 0.9493498322147651 0.07229184144295303 0.968514052013423