0 0.26171875 0.8606770833333334 0.25808189655172414 0.8493624281609196 0.251953125 0.8528645833333335 0.25558997844827586 0.8641792385057472
0 0.05136718750000009 0.9502604166666667 0.03613281250000009 0.9401041666666666 0.030078125000000087 0.95625 0.04531250000000009 0.96640625
0 0.15651393581081083 0.3273155968468469 0.15017947635135137 0.31549127252252257 0.13004117398648649 0.3346706081081081 0.13637563344594597 0.34649493243243246
0 0.373046875 0.40234375 0.3708856301229508 0.37064549180327866 0.35221887807377045 0.3729081284153005 0.35438012295081966 0.40460638661202186
0 0.6542968749999999 0.25390625 0.6357421874999999 0.22135416666666666 0.6187068173174441 0.23861667511832316 0.6372615048174441 0.2711687584516565
0 0.1484375 0.029947916666666668 0.1279296875 0.015625 0.11672875889679715 0.04413645462633452 0.13723657139679715 0.05845937129300118
0 0.5346953125 0.7655000000000001 0.5208828125 0.7527500000000001 0.49985937500000005 0.7932395833333333 0.513671875 0.8059895833333334
0 0.2206969048566879 0.4307573646496816 0.21147865246815284 0.40822385881104045 0.1773362858280255 0.43305467091295125 0.18655453821656054 0.4555881767515924
0 0.32547571163366334 0.5805615717821783 0.3035659034653465 0.556659962871287 0.2814627165841584 0.5926799711221122 0.3033725247524752 0.6165815800330032
0 0.2705078125 0.45052083333333326 0.2568359375 0.3958333333333333 0.2345703125 0.40572916666666664 0.2482421875 0.4604166666666666
0 0.19396777655750796 0.13876963525026623 0.19272913338658146 0.09748152955271565 0.1419510033945687 0.100189696485623 0.1431896465654952 0.14147780218317357
0 0.058031892123287666 0.11128353310502283 0.056790453767123286 0.06659175228310503 -0.0010006421232876734 0.06944563356164385 0.00024079623287671313 0.11413741438356165
0 0.7244034544728434 0.309542232428115 0.7223005690894568 0.23944605298189553 0.6538943939696485 0.24309438232161865 0.6559972793530351 0.3131905617678381