0 0.74609375 0.1393229166666666 0.7326010077662721 0.09614614151873765 0.7228931675295858 0.10153938609467457 0.7363859097633135 0.14471616124260353
0 0.7343750000000002 0.9687500000000001 0.6972656250000002 0.96875 0.6972656250000002 0.9960937500000001 0.7343750000000002 0.9960937500000002
0 0.503790058427762 0.24349327195467432 0.48394343130311607 0.23104048630783763 0.46617165368271946 0.2813938562322946 0.4860182808073654 0.29384664187913134
0 0.711544552364865 0.06024774774774772 0.6904296875000002 0.020833333333333332 0.6708456503378379 0.03948479729729731 0.6919605152027029 0.0788992117117117
0 0.408355448440208 0.8681556000866553 0.40750412965771227 0.840913399046794 0.3547799095537262 0.8438425223859042 0.35563122833622185 0.8710847234257655
0 0.08312779970136526 0.9908276450511946 0.060330231441979576 0.9523250853242321 0.04101562500000004 0.97265625 0.06381319325938573 1.0111588097269626
0 0.5841786084254144 0.0276315032228362 0.5579355145027625 0.025789882596685177 0.5557126208563535 0.0821031883057091 0.5819557147790054 0.08394480893186014
0 0.5468420821629214 0.22116397471910115 0.5062873068820226 0.18736832865168543 0.48895057935393266 0.22435334737827714 0.5295053546348315 0.25814899344569286
0 0.5674098890942698 0.39004977279728903 0.5536910813308686 0.351637111059766 0.5049423810073936 0.3825886668207025 0.5186611887707948 0.42100132855822553
0 0.48636838304184876 0.5633450122319386 0.4384765624999999 0.5026041666666669 0.41630536090724535 0.5336817483864252 0.4641971814490942 0.594422593951697
0 0.9930385662850814 0.02909011878385037 0.9715455363737074 -0.0018598442885277677 0.9145659273449038 0.06848535204332849 0.9360589572562776 0.09943531511570664
0 0.19561255596135724 0.10370768535972358 0.10339412994816213 0.0640438462142633 0.0950275388784166 0.09862575596921146 0.18724596489161172 0.13828959511467173
0 0.4472656250000001 0.3346354166666668 0.3876953125000001 0.3125000000000001 0.3764758026807981 0.3661776548212803 0.4360461151807981 0.38831307148794697
0 0.619140625 0.4635416666666668 0.56640625 0.4635416666666668 0.56640625 0.5559895833333334 0.619140625 0.5559895833333334
0 0.35577369888475835 0.9106693385997523 0.3413975371747212 0.7637130188971499 0.30165253252788105 0.7706251936183395 0.3160286942379182 0.9175815133209418
0 0.7092693640564203 0.3025139834630351 0.6337586636673153 0.2962214250972764 0.6295408256322957 0.38620196984435806 0.7050515260214008 0.39249452821011677
0 0.8673143193493151 0.551648829908676 0.7927445419520548 0.48812642694063946 0.745324272260274 0.5870904680365299 0.8198940496575343 0.6506128710045664
0 0.7468362466435841 0.8308881547955532 0.7034473925946862 0.7173272034576973 0.6042912441704352 0.7846785495571885 0.647680098219333 0.8982395008950445