0 0.4234913793103449 0.9490391522988507 0.4167227909482759 0.9279813218390804 0.39597925646551724 0.9398347701149424 0.4027478448275863 0.9608926005747128
0 0.01562500000000008 0.8541666666666666 8.042724340103467e-17 0.8541666666666666 8.252014564567126e-17 0.8997395833333334 0.015625000000000083 0.8997395833333334
0 0.220703125 0.2005208333333334 0.193359375 0.2005208333333334 0.19335937500000003 0.2447916666666667 0.220703125 0.2447916666666667
0 0.20823759191176472 0.43757659313725494 0.17147288602941183 0.4253216911764707 0.16440716911764713 0.46300551470588236 0.20117187500000006 0.4752604166666667
0 0.3652343750000001 0.6744791666666666 0.3183593750000001 0.6744791666666666 0.3183593750000001 0.7122395833333334 0.3652343750000001 0.7122395833333334
0 0.9309583690068495 0.9568528824200916 0.8988522046232876 0.9407998002283106 0.886290667808219 0.9854630422374431 0.918396832191781 1.0015161244292239
0 0.17758413461538466 0.42738381410256415 0.17089843750000006 0.3828125 0.13596754807692307 0.39212740384615385 0.1426532451923077 0.436698717948718
0 0.4247040973712446 0.8426658619456366 0.41824956410944203 0.8065204756795422 0.3717769246244635 0.8212736945636624 0.3782314578862661 0.8574190808297568
0 0.08007812500000004 0.6106770833333334 0.03613281250000004 0.5859375 0.022928345033528964 0.6276358183151718 0.06687365753352896 0.6523754016485052
0 0.11362347898230092 0.13716583702064902 0.08560391316371682 0.11526548672566374 0.055221584623893795 0.18437039085545723 0.08324115044247789 0.2062707411504425
0 0.7209419350436681 0.2302526837700148 0.6931760030021833 0.20194232168850088 0.6631840201965064 0.25423603529839905 0.6909499522379912 0.282546397379913
0 0.9257812499999998 0.24088541666666677 0.8798828124999998 0.22135416666666677 0.8685203433134756 0.2688240379348124 0.9144187808134756 0.2883552879348124
0 0.5129825367647058 0.8257506127450981 0.46788832720588236 0.7896752450980391 0.45237821691176466 0.8241421568627452 0.4974724264705882 0.8602175245098039
0 0.8189002403846153 0.023477564102564172 0.7850360576923077 -0.002323717948717885 0.7652043269230769 0.04395032051282056 0.7990685096153846 0.06975160256410261
0 0.5489488237359551 0.2953095739700376 0.5167551790730338 0.2690777153558053 0.4921326369382023 0.3227996254681649 0.5243262816011237 0.34903148408239715
0 0.6026592548076923 0.9700320512820515 0.5712890625 0.9375000000000001 0.5436298076923076 0.9849158653846156 0.575 1.017447916666667
0 0.35590255768255574 0.13508124154834356 0.32910156249999994 0.1302083333333334 0.3212633113590263 0.20684901115618665 0.34806430654158216 0.2117219193711968
0 0.2706983612804878 0.13770325203252035 0.2631955030487805 0.04766895325203253 0.21303353658536586 0.05510035569105691 0.22053639481707318 0.14513465447154472
0 0.8485240177387269 0.6578145722811674 0.791764236571618 0.5477349966843502 0.7330772339190981 0.6015314157824935 0.7898370150862069 0.7116109913793106