0 0.8655916539634145 0.7139227642276421 0.8603515625 0.7031249999999999 0.84375 0.7174479166666665 0.8489900914634145 0.7282456808943089
0 0.14843749999999997 0.035156250000000014 0.1298828125 0.02604166666666669 0.12514767530487805 0.04317835365853661 0.14370236280487803 0.05229293699186994
0 0.28872019974226804 0.28553210910652926 0.2822265625 0.2630208333333334 0.26495046713917525 0.2718803694158077 0.2714441043814433 0.2943916451890035
0 0.03267463235294117 0.1698376225490196 0.0224609375 0.1484375 0.005526194852941179 0.16280637254901958 0.01573988970588235 0.18420649509803919
0 0.2689453125 0.4247395833333334 0.25410156250000004 0.4148437500000001 0.24101562500000004 0.44973958333333347 0.255859375 0.4596354166666668
0 0.01562500000000002 0.20833333333333334 0.000976562500000019 0.20833333333333334 0.000976562500000022 0.2669270833333333 0.01562500000000002 0.2669270833333333
0 0.6074218749999999 0.5455729166666669 0.5791015625 0.5000000000000002 0.5630539841481123 0.5177287532268476 0.5913742966481121 0.5633016698935143
0 0.15039062500000003 0.07942708333333336 0.12597656249999997 0.07031250000000003 0.11672674795994065 0.11435923590504453 0.1411408104599407 0.12347381923837787
0 0.18046875 0.45130208333333344 0.1494140625 0.4375000000000001 0.1376953125 0.4843750000000001 0.16875 0.49817708333333344
0 0.509765625 0.4388020833333334 0.474609375 0.4388020833333334 0.474609375 0.4843750000000001 0.509765625 0.4843750000000001
0 0.09308284344059414 0.9229579207920793 0.06192953279702977 0.8721895627062708 0.03906250000000004 0.8971354166666669 0.07021581064356441 0.9479037747524754