0 0.47900177401746713 0.05633642649199424 0.46313796397379914 0.053516193595342126 0.4587455649563319 0.09744018377001464 0.4746093749999999 0.10026041666666675
0 0.27727214233528164 0.1613116586964223 0.233317489705101 0.13275991852639044 0.20995159736981933 0.19670867649663487 0.25390625 0.2252604166666667
0 0.13568770118025753 0.25386154327610877 0.1298828125 0.22135416666666666 0.10497418186695277 0.22926166845493562 0.1107790705472103 0.26176904506437776
0 0.06835937500000004 0.4010416666666667 0.042968750000000035 0.4010416666666667 0.04296875000000004 0.4231770833333333 0.06835937500000004 0.4231770833333333
0 0.28125000000000006 0.6106770833333334 0.2568359375000001 0.5989583333333334 0.24792238402974515 0.6319714943342777 0.2723364465297451 0.6436902443342777
0 0.4422952586206897 0.4732758620689656 0.42386853448275863 0.4514367816091954 0.3843211206896552 0.5107579022988507 0.4027478448275862 0.5325969827586208
0 0.48133042279411764 0.4758731617647059 0.46501608455882365 0.4704350490196079 0.46024816176470595 0.49586397058823545 0.4765625 0.5013020833333335
0 0.78125 0.9153645833333335 0.7646484375 0.8932291666666667 0.7314453125 0.9375000000000002 0.748046875 0.9596354166666669
0 0.40717182523885365 0.9051685244161359 0.3681640625000001 0.8958333333333335 0.36484623805732497 0.920480029193206 0.4038540007961785 0.9298152202760086
0 0.412109375 0.7304687500000002 0.4033203125 0.7213541666666669 0.39795673076923077 0.7305488782051285 0.4067457932692308 0.7396634615384617
0 0.10193810096153855 0.7800480769230769 0.09517728365384621 0.7782451923076923 0.09284855769230774 0.7937700320512822 0.09960937500000007 0.7955729166666666