0 0.4045496323529412 0.37651654411764723 0.3921645220588236 0.36600796568627464 0.38307674632352945 0.38504901960784316 0.3954618566176471 0.39555759803921575
0 0.037823275862068996 0.3288703304597701 0.011718750000000033 0.3268229166666667 0.010998114224137965 0.34315732758620693 0.03710264008620693 0.3452047413793104
0 0.6470596104452054 0.9532498573059363 0.6329328981164384 0.9461865011415527 0.6239833047945206 0.9780072773972605 0.6381100171232876 0.985070633561644
0 0.6894531250000001 0.4153645833333334 0.6572265625000001 0.4036458333333334 0.6529447115384616 0.424579326923077 0.6851712740384616 0.436298076923077
0 0.7949218750000001 0.8294270833333336 0.7805135758196722 0.8134178620218581 0.765625 0.8372395833333335 0.7800332991803278 0.8532488046448089
0 1 0.8802083333333336 0.98046875 0.8802083333333336 0.98046875 0.9179687500000002 1 0.9179687500000002
0 0.8253242924528301 0.709586281446541 0.8029370577830189 0.6930031446540883 0.7885650058962266 0.7274960691823901 0.8109522405660377 0.7440792059748429
0 0.736328125 0.29036458333333354 0.7245237886235956 0.2646096676029964 0.6862864290730337 0.2957660346441949 0.6980907654494383 0.32152095037453193
0 0.8739182692307693 0.7602363782051282 0.8566706730769234 0.7306690705128205 0.8354417067307693 0.7526842948717948 0.8526893028846156 0.7822516025641025
0 1.0014888575819674 0.495090505464481 0.9726082223360658 0.49158982240437177 0.9699186731557379 0.5310365437158473 0.9987993084016396 0.5345372267759565
0 0.4078115085659898 0.5984560067681897 0.39518063927664976 0.5790239001692048 0.3597120875634518 0.6200097821489002 0.37234295685279195 0.6394418887478851
0 0.03515625 0.19401041666666666 0.024414062500000003 0.1484375 -0.0028077985698365506 0.15984475606736007 0.007934388930163443 0.20541767273402675
0 0.7817231797680412 0.7196091065292098 0.7697426707474226 0.6780766752577321 0.7265524323453608 0.7002255154639176 0.7385329413659794 0.7417579467353953
0 0.495859228424015 0.7653147474984366 0.45141922197467166 0.6947750547217011 0.4231575398686679 0.7264281386804253 0.4675975463180112 0.7969678314571609
0 0.6594592842323651 0.7413068378284926 0.614265916753112 0.7064207295988936 0.5854715054460582 0.7727351313969574 0.6306648729253113 0.8076212396265561
0 0.8814887603950103 0.3935025770963272 0.8644588097713097 0.3430434641372143 0.8034693347193347 0.3796371491683993 0.8204992853430353 0.43009626212751223
0 0.6609711948345034 0.15280607447342032 0.6260274965521564 0.08385050986292217 0.5732960600551655 0.1313563085088599 0.6082397583375126 0.20031187311935802
0 1.0008094246638142 0.11656988590057059 0.9622578889058679 0.07857706805215976 0.8707666373777506 0.24362011002444983 0.9093181731356967 0.28161292787286063