0 0.7658551042648445 0.0628509857053096 0.7024549363807729 0.035582096292805655 0.6803097019321396 0.12711573201382356 0.7437098698162111 0.1543846214263275
0 0.826667151683381 0.1301747552531042 0.7714647877865329 0.10972943529130864 0.7494851361031518 0.21523176337153782 0.8046874999999998 0.2356770833333334
0 1 0.2083333333333335 0.970703125 0.2083333333333335 0.970703125 0.2669270833333334 1 0.2669270833333334
0 0.9602414968922653 0.3378366712707182 0.9589735842541438 0.30571621777163904 0.9226843059392266 0.3082628337937385 0.9239522185773481 0.3403832872928177
0 0.794921875 0.2955729166666667 0.7928768382352941 0.26012561274509804 0.741796875 0.26536458333333335 0.7438419117647059 0.30081188725490193
0 0.5605624999999999 0.006395833333333393 0.5341796875 7.401486830834377e-17 0.5293828125 0.03517708333333342 0.5557656249999999 0.04157291666666674
0 0.32324218749999994 0.0651041666666667 0.29692057854364734 0.05184587474791128 0.2794580879969749 0.11347819432440219 0.3057796969533276 0.12673648624315761
0 0.21042744824840764 0.03206276539278132 0.1918167794585987 0.018527733545647563 0.1764032643312102 0.05620521496815289 0.19501393312101914 0.06974024681528664
0 0.09027969914958064 0.07586546675986332 0.05350160909832248 0.06387853370611991 0.020103717672413805 0.24604885057471262 0.056881807723671976 0.25803578362845603
0 0.12080829326923077 0.2672676282051282 0.1162109375 0.24479166666666669 0.09737079326923077 0.2516426282051282 0.10196814903846155 0.27411858974358977
0 0.20351562499999995 0.27838541666666666 0.189453125 0.2721354166666667 0.18515625 0.28932291666666665 0.19921874999999994 0.2955729166666667
0 0.4140148628048781 0.13729039634146348 0.3981516768292683 0.13494029471544725 0.39624618902439024 0.1578061483739838 0.412109375 0.16015625000000008
0 0.55078125 0.23567708333333331 0.5485409007352942 0.19684436274509806 0.5336052389705882 0.1983762254901961 0.5358455882352942 0.23720894607843135
0 0.6199285810085838 0.3343895296852647 0.5968934415236052 0.28448006080114446 0.5820731625536482 0.2966402896995708 0.6051083020386268 0.3465497585836911
0 0.5268262597604552 0.25312527571907545 0.4677734374999999 0.22135416666666669 0.4441353518726839 0.2994626235221458 0.5031881741331391 0.3312337325745546
0 0.6161231566011237 0.41008309925093656 0.5835586376404495 0.35752282303370797 0.5338417310393259 0.41228347378277164 0.5664062500000001 0.4648437500000002
0 0.566895618044515 0.48325011592474826 0.5608070846581876 0.45035067236354004 0.4688034081875993 0.48062028020667735 0.4748919415739268 0.5135197237678856
0 0.2586397058823529 0.40519301470588237 0.25292968749999994 0.3932291666666667 0.2244944852941176 0.4173560049019608 0.23020450367647055 0.4293198529411765
0 0.22460937500000008 0.54296875 0.17871093750000006 0.5364583333333334 0.17374506910250678 0.5986972172485826 0.21964350660250678 0.6052076339152492
0 0.3098363022859923 0.591981801232166 0.27834311162451364 0.5893573686770428 0.27514743433852146 0.6575318174448769 0.3066406250000001 0.6601562500000001
0 0.2075269454989154 0.6909317380694142 0.1982421875 0.6510416666666666 0.1734235188449024 0.661311460592914 0.1827082768438178 0.7012015319956615
0 0.14843750000000008 0.6367187499999999 0.09234913793103454 0.6304867097701148 0.08716325431034487 0.7134608477011494 0.14325161637931041 0.7196928879310344
0 0.07421875 0.80859375 0.07225344841022444 0.756185707605985 0.04069172771197007 0.7582898223192021 0.04265702930174563 0.810697864713217
0 0.07477889150943395 0.7242089229559749 0.07402712264150943 0.7011546776729559 0.030969929245283023 0.7036507468553458 0.031721698113207554 0.7267049921383648
0 0.30597453034682076 0.8338978203275531 0.2973130419075144 0.7662557201348749 0.17201160585260117 0.7947796242774567 0.18067309429190753 0.862421724470135
0 0.216796875 0.7669270833333333 0.2037089239690722 0.7602153135738831 0.197265625 0.7825520833333334 0.2103535760309278 0.7892638530927836
0 0.28563262195121963 0.6987106199186993 0.2652677210365854 0.6956935975609757 0.2628382240853659 0.7248475609756099 0.2832031250000001 0.7278645833333336
0 0.2037049381399317 0.925843465585893 0.18052341083617748 0.859994489476678 0.08237054714163825 0.9214234926052332 0.1055520744453925 0.9872724687144481
0 0.08398437500000008 0.9869791666666666 0.05468750000000009 0.9869791666666666 0.05468750000000009 0.9986979166666666 0.08398437500000008 0.9986979166666666
0 0.24283229880136986 0.9672231735159816 0.24192529965753423 0.9345712043378995 0.208984375 0.9361979166666666 0.2098913741438356 0.9688498858447488
0 0.3822487113402061 0.9292982173539518 0.3392799613402061 0.8003919673539518 0.3014054445876288 0.8228361254295533 0.3443741945876288 0.9517423754295533
0 0.48821128134595704 0.7683011344251109 0.4423828125 0.7604166666666666 0.4326871561540431 0.8606051155748892 0.478515625 0.8684895833333335
0 0.6413671875 0.5772395833333335 0.6307421875 0.5666145833333335 0.619140625 0.5872395833333335 0.629765625 0.5978645833333334
0 0.7590895432692308 0.5578926282051284 0.6937800480769232 0.508133012820513 0.6787560096153846 0.5431891025641028 0.7440655048076923 0.5929487179487183
0 0.8052133413461539 0.6232972756410258 0.7403094951923078 0.6124799679487182 0.7356219951923079 0.6624799679487181 0.8005258413461538 0.6732972756410258
0 0.7304687500000001 0.7096354166666667 0.6826171875000001 0.6822916666666667 0.6643318965517242 0.7391792385057473 0.7121834590517242 0.7665229885057473
0 0.70703125 0.8736979166666669 0.7001953125 0.8567708333333334 0.6934400086009175 0.8616207951070336 0.7002759461009175 0.8785478784403672