0 0.5118910845588236 0.6826746323529413 0.5029296875000001 0.6796875000000001 0.4988511029411765 0.7014399509803922 0.5078125 0.7044270833333335
0 0.5576171875000001 0.9635416666666666 0.5455271565495208 0.9628968650159744 0.5444632338258786 0.9983609558040469 0.5565532647763579 0.9990057574547392
0 0.4344356142241379 0.5321030890804598 0.4287109374999999 0.5130208333333335 0.4110317887931035 0.5224497126436782 0.4167564655172414 0.5415319683908045
0 0.6540769032460545 0.9933009026781444 0.6494140625 0.9765625 0.615234375 0.9934895833333334 0.6198972157460545 1.0102279860114778
0 0.59296875 0.9955729166666667 0.5869140625 0.9713541666666666 0.5576171875 0.984375 0.563671875 1.00859375
0 0.8365693933823529 0.45105698529411775 0.8037109374999998 0.4401041666666668 0.7961856617647058 0.4802389705882354 0.8290441176470589 0.49119178921568635
0 0.08042279411764705 0.6385569852941176 0.07232306985294117 0.595358455882353 0.022920496323529403 0.611825980392157 0.03102022058823529 0.6550245098039215
0 0.970703125 0.6197916666666669 0.9287109375 0.6197916666666669 0.9287109375 0.6627604166666669 0.970703125 0.6627604166666669
0 0.2856787864149822 0.7277840740190249 0.28453501226218786 0.66525775366627 0.23925897369203328 0.6667301451644865 0.24040274784482757 0.7292564655172413
0 0.2114497950819672 0.4638405054644809 0.18527471823770486 0.42196038251366114 0.15136718749999994 0.45963541666666663 0.1775422643442623 0.5015155396174864
0 0.9068845756322957 0.5710978031776914 0.8526530581225682 0.5665785100518809 0.8505327395428017 0.6118119730869002 0.9047642570525293 0.6163312662127108
0 0.10527595225321892 0.3431911659513592 0.06539196620171676 0.31046584406294714 0.04071385461373391 0.3639350858369099 0.08059784066523608 0.39666040772532196
0 0.8011909298780486 0.5632494918699187 0.7617473323170729 0.4493013211382115 0.7131955030487804 0.4791793699186993 0.752639100609756 0.5931275406504066
0 0.05078125 4.225669293932924e-18 5.919923491972069e-18 7.972960931948963e-20 1.1839846983944138e-17 0.12890625 0.050781250000000014 0.12890625