0 0.037109375000000014 0.1171875 0.02539062500000001 0.1171875 0.02539062500000001 0.14713541666666666 0.037109375000000014 0.14713541666666666
0 0.006566168853591163 0.34472836095764275 0.00558960635359116 0.3199887776243094 0.0009765624999999986 0.3203125 0.0019531250000000013 0.34505208333333337
0 0.13514122596153846 0.4297876602564103 0.12823016826923078 0.4159655448717949 0.111328125 0.4309895833333333 0.11823918269230768 0.44481169871794873
0 0.33886718750000006 0.1927083333333334 0.3108666344026549 0.19021939528023604 0.30823077986725667 0.24293648598820067 0.3362313329646018 0.24542542404129802
0 0.345703125 0.2643229166666667 0.32871093749999997 0.25677083333333334 0.32421874999999994 0.2747395833333333 0.3412109375 0.28229166666666666
0 0.443905426965154 0.3365579416531605 0.40479544418557545 0.33208822933549437 0.40355614363857384 0.3513662378444085 0.4426661264181524 0.3558359501620746
0 0.3965502264167863 0.5597669326877094 0.3795129236908178 0.5299516529172644 0.33117097829985653 0.5790609307747488 0.348208281025825 0.6088762105451938
0 0.37642728365384615 0.6774839743589743 0.37357271634615385 0.6584535256410257 0.3435246394230769 0.6664663461538461 0.3463792067307693 0.6854967948717948
0 0.1114706276824035 0.6978999016452075 0.08339340799356228 0.6889864985693849 0.07911832752145927 0.7129269492131617 0.10719554721030049 0.7218403522889844
0 0.04143099547511321 0.8438383766968325 0.019531250000000083 0.8424479166666666 0.019049597002262518 0.8559342006033184 0.040949342477375646 0.8573246606334842
0 0.5854814524755503 0.6885155613284435 0.5458459084657703 0.6805884525264875 0.5362474213019561 0.7659083384270581 0.575882965311736 0.7738354472290141
0 0.5181640625 0.6585937500000001 0.4966796875 0.6442708333333335 0.4763671875 0.6984375 0.4978515625 0.7127604166666667
0 0.4843750000000001 0.6679687500000001 0.47646147629310337 0.6637482040229886 0.4721511314655172 0.6781160201149425 0.48006465517241387 0.6823365660919541
0 0.5046300551470588 0.7901501225490196 0.5009765625 0.7682291666666665 0.47233455882352937 0.7767156862745097 0.4759880514705882 0.7986366421568627
0 0.5019531250000001 0.8945312500000001 0.48420916863207564 0.8813875786163524 0.47241671580188693 0.9096894654088052 0.4901606721698114 0.922833136792453
0 0.6419516509433961 0.786777712264151 0.6044921875000001 0.7526041666666669 0.5866229363207548 0.7874262971698116 0.6240823997641509 0.8215998427672957
0 0.6067541895808561 0.998656113753468 0.606338482832937 0.9759308115338882 0.5642522387782403 0.9772994698771302 0.5646679455261594 1.0000247720967101
0 0.77734375 0.8098958333333336 0.720703125 0.8098958333333335 0.720703125 0.8789062500000001 0.77734375 0.8789062500000002
0 0.8427019817073171 0.9201283028455286 0.8144483612804878 0.7443279979674798 0.7765672637195122 0.7551511686991871 0.8048208841463416 0.9309514735772361
0 1.0116167726769911 0.8611541297935102 0.9916413163716813 0.7976424225663717 0.9152879563053095 0.8403346238938056 0.9352634126106192 0.903846331120944
0 0.9794921875 0.9401041666666671 0.9443359375 0.8932291666666671 0.9052734375000002 0.9453125000000002 0.9404296875000002 0.9921875000000002
0 0.7459619687315849 0.5262150731683365 0.6979694175383027 0.4483893144765274 0.6599283662345312 0.4900935781280694 0.7079209174278136 0.5679193368198785
0 0.7792968750000002 0.5455729166666669 0.7623023761094676 0.5362426035502961 0.7570439626479291 0.5532698471400397 0.7740384615384617 0.5626001602564105
0 0.7880859375 0.40625000000000017 0.7734375 0.38671875000000017 0.7509765625 0.4166666666666668 0.765625 0.4361979166666668
0 0.6894531250000002 0.2929687499999999 0.6650390625000002 0.2578124999999999 0.6494212749261449 0.2770937192269817 0.6738353374261449 0.3122499692269817
0 0.8107609160958905 0.128799229452055 0.7869220890410957 0.11435145547945218 0.7492642337328765 0.2248144977168951 0.7731030607876713 0.23926227168949793
0 0.923828125 0.23958333333333348 0.875 0.23958333333333345 0.875 0.3268229166666668 0.923828125 0.3268229166666668
0 0.9987854933375633 0.4054832910321489 0.972363776967005 0.3648344966159052 0.9597973508883249 0.3793557000846024 0.9862190672588831 0.4200044945008461
0 0.9617638221153848 0.5328525641025641 0.9580078125000002 0.5078124999999999 0.9411057692307694 0.5123197115384615 0.944861778846154 0.5373597756410255