0 0.5933166593095469 0.03551142129404129 0.523032699859961 -0.002419604440655891 0.4710123142961519 0.1689416656518916 0.5412962737457379 0.20687269138658876
0 0.47494612068965514 0.08351293103448283 0.45743534482758613 0.0741738505747127 0.451306573275862 0.09460308908045983 0.46881734913793105 0.10394216954022997
0 0.3141976428789731 0.056524424409128 0.24887062576405866 0.04345902098614511 0.23886384474327632 0.13240818561532197 0.3041908618581907 0.14547358903830485
0 0.31799204415137616 0.1661291093272172 0.2629820097477064 0.1441250955657493 0.2316961725917431 0.28317326070336396 0.2867062069954128 0.30517727446483184
0 0.4254443707870738 0.22432489922019574 0.3691739257038065 0.17680763448321446 0.30997843973037276 0.3014297102167592 0.36624888481364 0.3489469749537405
0 0.509765625 0.30078125 0.5087250256147542 0.2855191256830601 0.5009765625000001 0.2864583333333333 0.5020171618852459 0.3017204576502733
0 0.12109375 0.17578125000000003 0.09431119202488689 0.14331754336349925 0.07986160209276019 0.16451027526395173 0.10664416006787332 0.1969739819004525
0 0.048333447052401765 0.20208447052401748 0.021654953602620118 0.17488286935953423 0.001919009279476014 0.20929425946142652 0.02859750272925766 0.23649586062590977
0 0.17752638501521298 0.35505144945909406 0.1511413698022312 0.3296436570317783 0.11076358075557809 0.4041872675794456 0.13714859596855986 0.4295950600067614
0 0.13964843749999997 0.5651041666666666 0.10546874999999997 0.5195312500000001 0.025390625 0.6263020833333334 0.0595703125 0.671875
0 0.12161075367647065 0.7850030637254902 0.0421070772058824 0.7585018382352942 0.029813878676470652 0.8240655637254902 0.1093175551470589 0.8505667892156862
0 0.013671875000000088 0.9153645833333333 0.000976562500000089 0.9114583333333333 -0.004421962780898814 0.9426498127340824 0.008273349719101186 0.9465560627340824
0 0.25843965022935783 0.8674383600917432 0.24878153669724767 0.8435230313455657 0.23061209862385318 0.856567756116208 0.2402702121559633 0.8804830848623855
0 0.11328125 0.8997395833333334 0.11002238412921347 0.8809105805243446 0.09960937500000003 0.8841145833333333 0.10286824087078654 0.9029435861423221
0 0.2697558905750798 0.6520192691693291 0.26899460862619806 0.6266432042066027 0.23818452975239618 0.6282864084132054 0.23894581170127793 0.6536624733759318
0 0.7275130053920843 0.6034949723292816 0.6630859375 0.5260416666666666 0.6340568716646902 0.5689694973564581 0.6984839395567745 0.6464228030190731
0 0.82421875 0.39192708333333337 0.8056640625 0.38281250000000006 0.8018959603658535 0.39644944105691066 0.8204506478658535 0.40556402439024397
0 0.9140625 0.4414062500000001 0.902611301369863 0.43568065068493156 0.896751926369863 0.456513984018265 0.908203125 0.46223958333333354
0 0.9663205030487804 0.4913935467479676 0.9455506859756095 0.4567771849593496 0.9154201600609755 0.48891641260162605 0.9361899771341463 0.523532774390244
0 0.8427734375 0.0182291666666668 0.7778188912809473 0.012186883297452574 0.767386807050592 0.21155560414424127 0.8323413532696448 0.2175978875134555
0 0.935546875 0.10677083333333348 0.908203125 0.10677083333333348 0.908203125 0.14453125000000017 0.935546875 0.14453125000000017
0 0.919921875 0.018229166666666814 0.908203125 0.018229166666666814 0.908203125 0.05208333333333348 0.919921875 0.05208333333333348