0 0.837890625 0.6835937500000001 0.8271484375 0.6796875000000001 0.8232271634615385 0.6988581730769232 0.8339693509615383 0.7027644230769232
0 0.3105468750000001 0.9544270833333334 0.2978515625000001 0.9505208333333334 0.295020628511236 0.96687734082397 0.307715941011236 0.97078359082397
0 0.21801357581967223 0.9001238046448088 0.19969902663934433 0.8979038592896175 0.19830622438524598 0.9183316256830604 0.2166207735655739 0.9205515710382516
0 0.2988281250000001 0.5260416666666666 0.2851562500000001 0.5260416666666666 0.2851562500000001 0.55859375 0.2988281250000001 0.55859375
0 0.8222992995689655 0.8458153735632185 0.8093345905172414 0.8384069683908048 0.798828125 0.8710937500000002 0.811792834051724 0.8785021551724139
0 0.6957603159530388 0.44829074585635376 0.6718750000000001 0.4466145833333334 0.6711034616712708 0.46616022099447524 0.6949887776243096 0.4678363835174955
0 0.5812147797131149 0.5791709357923499 0.5686315317622951 0.565189549180328 0.5525422643442622 0.5909323770491804 0.565125512295082 0.6049137636612023
0 0.5757421875 0.37098958333333343 0.5635546874999999 0.35880208333333347 0.5367187499999999 0.40651041666666676 0.5489062499999999 0.4186979166666667
0 0.3208295036764706 0.6459865196078433 0.31013150452488686 0.615873633107089 0.2827612415158371 0.6331601150075414 0.29345924066742085 0.6632730015082957
0 0.6972656250000002 0.4986979166666668 0.6728515625000001 0.4895833333333334 0.662709221995549 0.5378801928783384 0.6871232844955492 0.5469947762116718
0 0.7197265625000001 0.3515625000000001 0.6810431985294119 0.34759497549019625 0.678802849264706 0.3864276960784315 0.7174862132352942 0.3903952205882355
0 0.7369195871464226 0.881129107737105 0.7060546875 0.8541666666666667 0.6916061122088186 0.8835707848031061 0.7224710118552412 0.9105332258735442
0 0.20703125000000006 0.32942708333333337 0.17773437500000003 0.29036458333333337 0.1572265625 0.31770833333333337 0.18652343750000006 0.35677083333333337
0 0.781317682549505 0.07071214933993411 0.746316135519802 0.06604527640264038 0.7421875 0.12109375000000012 0.7771890470297029 0.12576062293729384
0 0.20507812500000008 0.671875 0.17578125000000006 0.671875 0.17578125000000006 0.7317708333333334 0.20507812500000008 0.7317708333333334
0 0.3501802884615386 0.08114983974358972 0.32630709134615393 0.04022435897435894 0.2757361778846154 0.09266826923076922 0.29960937500000007 0.13359375
0 0.5725 0.6709895833333334 0.5419140625000001 0.6166145833333334 0.5069140625 0.6516145833333334 0.5375 0.7059895833333333
0 0.1953125 0.16276041666666669 0.13838915485524728 0.12788845747889024 0.12158733225271412 0.1766466877764375 0.17851067739746684 0.21151864696421394
0 0.5096564247204471 0.41693290734824273 0.5075098592252395 0.3453807241746538 0.395267571884984 0.3513669794994675 0.3974141373801917 0.4229191626730564