0 0.6099811422413793 0.681707974137931 0.5921336206896551 0.6222162356321839 0.5598060344827586 0.6394576149425287 0.5776535560344828 0.6989493534482759
0 0.9473557692307695 0.7269030448717949 0.9223257211538464 0.6839943910256409 0.8747295673076925 0.7333533653846154 0.8997596153846157 0.7762620192307693
0 0.8406019431214865 0.5246672001873828 0.77572976850406 0.433735263116802 0.7523965734306683 0.463328583697689 0.8172687480480949 0.5542605207682698
0 0.32253456968849836 0.16785809371671997 0.3040778504392971 0.11329040202342926 0.23215542631789138 0.15653787273695427 0.2506121455670926 0.21110556443024495
0 0.24146829044117651 0.19633578431372556 0.19628906250000003 0.19010416666666669 0.18919577205882354 0.2815287990196079 0.23437500000000006 0.2877604166666668
0 0.17578125 0.23046875000000006 0.1572265625 0.2057291666666667 0.125 0.2486979166666667 0.1435546875 0.27343750000000006
0 0.07226562500000001 0.38151041666666674 0.0673187756147541 0.3089566256830602 0.028048155737704916 0.3137167008196722 0.032995005122950824 0.3862704918032787
0 0.25585282088926176 0.5751363255033557 0.2353515625 0.5703125 0.23214660234899331 0.594527754474273 0.25264786073825507 0.5993515799776287
0 0.27407731681034475 0.7579920977011496 0.25993399784482757 0.7499102011494254 0.24346713362068967 0.8011404454022989 0.25761045258620685 0.809222341954023
0 0.3302193509615385 0.5382772435897436 0.3088161057692308 0.5063822115384615 0.28763521634615385 0.5316506410256411 0.30903846153846154 0.5635456730769233
0 0.3613281250000001 0.5807291666666666 0.3300781250000001 0.5807291666666666 0.3300781250000001 0.6341145833333334 0.3613281250000001 0.6341145833333334
0 0.1615341395547946 0.7420626426940641 0.11166256421232883 0.7171268550228311 0.10034514126712335 0.7573665810502282 0.1502167166095891 0.7823023687214613
0 0.2767155155254777 0.4583499203821656 0.26272019307324845 0.3949044585987262 0.2078398686305733 0.4164261544585988 0.22183519108280256 0.4798716162420382
0 0.30859375 0.8658854166666666 0.30816566780821913 0.850474457762557 0.2790534032534246 0.851912100456621 0.27948148544520546 0.8673230593607306
0 0.13594766811279824 0.3735679907809111 0.1259765625 0.3307291666666667 0.09937635574837309 0.3417361487707881 0.10934746136117135 0.3845749728850325
0 0.0878839590443686 0.40617445250284423 0.06711284129692834 0.3843101180318545 0.03186660089590447 0.4438371018202504 0.052637718643344746 0.46570143629124006
0 0.5527343749999999 0.0611979166666669 0.5380859374999999 0.05208333333333351 0.532347741788321 0.06847817822384447 0.546996179288321 0.07759276155717787
0 0.6135944870283019 0.09586281446540881 0.5731316332547169 0.06589033018867928 0.556640625 0.10546875000000012 0.5971034787735848 0.13544123427672966
0 0.9865871029005525 0.03911285681399631 0.9851789105662985 0.003438651012891336 0.9548353332182321 0.005568024861878454 0.9562435255524863 0.04124223066298342
0 0.5050268954918035 0.9223659494535521 0.46170594262295095 0.9171149248633881 0.4563108350409837 0.9962431693989072 0.49963178790983614 1.0014941939890714
0 0.6082481971153847 0.9072516025641026 0.5680588942307692 0.8965344551282052 0.5558143028846153 0.9781650641025641 0.5960036057692308 0.9888822115384616
0 0.6436836674528303 0.7565595518867927 0.6376953125 0.7421875 0.6250921285377359 0.7515231918238994 0.6310804834905661 0.765895243710692
0 0.6488962828330206 0.27187842010631635 0.5817069506332082 0.12588678470919323 0.5247914956613509 0.17245397514071295 0.5919808278611632 0.31844561053783604