0 0.4599609375 0.10937500000000007 0.4460188356164384 0.10868650114155258 0.4450422731164384 0.1438427511415526 0.458984375 0.14453125000000006
0 0.447265625 0.2044270833333334 0.39941406250000006 0.1901041666666667 0.3890381827418716 0.2517306040179752 0.4368897452418715 0.2660535206846419
0 0.31640624999999994 0.12109375000000003 0.30285507373595505 0.11692415730337082 0.30078125 0.12890625000000003 0.3143324262640449 0.13307584269662925
0 0.34375 0.11848958333333334 0.33886718749999994 0.09635416666666666 0.32480344347133755 0.10186936040339702 0.3296862559713376 0.1240047770700637
0 0.17578125 0.0013020833333333573 0.119140625 0.0013020833333333528 0.119140625 0.015625000000000017 0.17578125 0.015625000000000024
0 0.232421875 0.41796875 0.22997466968527314 0.3233434778305621 0.18261718750000003 0.32552083333333326 0.18506439281472686 0.42014610550277115
0 0.03710937500000002 0.32161458333333337 0.0244140625 0.3046875 0.01171875 0.3216145833333333 0.02441406250000002 0.33854166666666674
0 0.1335595867371456 0.7487392129184688 0.10949419599951944 0.6555335726013135 0.06458029868452665 0.6761497877622937 0.08864568942215281 0.769355428079449
0 0.2558593750000001 0.7486979166666666 0.22753906250000014 0.7395833333333334 0.2231456285112361 0.7638518258426967 0.2514659410112361 0.7729664091760301
0 0.26757812500000006 0.9596354166666666 0.25703125000000004 0.9526041666666667 0.24921874999999996 0.9734375000000003 0.25976562499999994 0.9804687500000002
0 0.7934490266393442 0.8390753073770493 0.7879418545081968 0.758303449453552 0.7585329149590165 0.7618681693989072 0.764040087090164 0.8426400273224045
0 0.7607421875000002 0.38541666666666685 0.7421875 0.38411458333333354 0.7416209858425414 0.39846627532228385 0.7601756733425417 0.39976835865561716
0 0.8554687500000002 0.4179687500000001 0.8452793337264153 0.414087067610063 0.8411519752358492 0.4333480738993712 0.8513413915094341 0.43722975628930827
0 0.7367240287162163 0.1752181869369371 0.7099609375000001 0.16927083333333348 0.7033097550675677 0.22248029279279297 0.7300728462837839 0.2284276463963966
0 0.8452299452319586 0.1050257731958764 0.8186614046391751 0.09140088058419256 0.80859375 0.12630208333333345 0.8351622905927835 0.1399269759450173
0 0.8155070389851484 0.030218646864686605 0.8017578125 0.007812500000000177 0.7937809405940592 0.016514542079208164 0.8075301670792078 0.03892068894389459
0 0.447265625 0.3684895833333334 0.4397863051470587 0.3528186274509804 0.43258272058823516 0.3589307598039216 0.44006204044117647 0.3746017156862746