0 0.8427159926470587 0.7926623774509804 0.8349609375 0.7864583333333334 0.8275505514705882 0.8029258578431373 0.8353056066176471 0.8091299019607844
0 0.7328116091790193 0.7386227313759031 0.6982421874999999 0.7083333333333336 0.691532078463512 0.7219480473204106 0.7261015001425313 0.7522374453629801
0 0.6935252063679245 0.15767492138364794 0.6711379716981132 0.1410917845911951 0.658424233490566 0.17160475628930835 0.6808114681603773 0.18818789308176118
0 0.962890625 0.3385416666666668 0.9296875 0.3385416666666668 0.9296875 0.3697916666666668 0.962890625 0.3697916666666668
0 0.18217133620689652 0.04385237068965517 0.1751522090517241 0.005377155172413795 0.1278057650862069 0.020732758620689646 0.1348248922413793 0.05920797413793102
0 0.7619881465517241 0.48917923850574724 0.730401400862069 0.47112966954022995 0.7142376077586207 0.5214170258620691 0.7458243534482758 0.5394665948275864
0 0.026376433903860175 0.08636046370478272 0.00042817962490896837 0.08449031925224568 -0.0038834896212672928 0.19084482732459337 0.022064764657683915 0.1927149717771304
0 0.06862710674157309 0.7358350889513111 0.03856434339887645 0.6873127340823971 -0.011102089185393238 0.7420177902621724 0.018960674157303403 0.7905401451310863
0 0.05557276257396456 0.48418700690335303 0.0009765625000000473 0.4791666666666667 -0.0050723465236686026 0.5961122411242602 0.04952385355029591 0.6011325813609467
0 0.3871428528535742 0.26152558929028963 0.33994133118754805 0.2602915625800667 0.33785759752113764 0.40198545189597756 0.3850591191871638 0.40321947860620055
0 0.16310396238464073 0.32239394501208535 0.08691406250000003 0.26562500000000006 0.044141654993408073 0.3676784635245002 0.12033155487804877 0.4244474085365854