0 0.31872171945701366 0.7854272718702867 0.294373939479638 0.7497171945701359 0.2861107183257918 0.7597332202111615 0.3104584983031674 0.7954432975113124
0 0.9150390625 1.3322676295501878e-16 0.8887441138698631 -0.0012985159817350193 0.8883401113013699 0.01324557648401841 0.9146350599315068 0.014544092465753562
0 0.029296875000000007 0.9986979166666667 0.02885846570665083 0.9817460906571654 -5.551115123125783e-18 0.9830729166666666 0.0004384092933491679 1.000024742676168
0 0.07421875000000008 0.8932291666666666 0.05273437500000009 0.8932291666666666 0.05273437500000009 0.9544270833333334 0.07421875000000008 0.9544270833333334
0 0.27739783653846156 0.7109415064102566 0.2529296875 0.6744791666666666 0.23289062500000002 0.6983854166666668 0.2573587740384616 0.7348477564102566
0 0.1487774084944752 0.6853994014732964 0.12232929040055254 0.6835433931860035 0.1200362569060774 0.7416335750460404 0.14648437500000006 0.7434895833333333
0 0.5468749999999999 0.23046875000000008 0.5193810096153846 0.20602964743589752 0.49504206730769235 0.25470753205128216 0.5225360576923077 0.2791466346153847
0 0.11905503862359552 0.8835674157303373 0.08276422050561805 0.8435949204119854 0.06141590589887649 0.8780518492509366 0.09770672401685396 0.9180243445692885
0 0.5573313643292683 0.6766069613821138 0.5382764862804879 0.644848831300813 0.4819455030487805 0.7049352134146342 0.5010003810975611 0.736693343495935
0 0.15830639664573698 0.46720867068737615 0.15714265428783875 0.38186756444150693 0.11621158294778586 0.3828598328376295 0.11737532530568409 0.46820093908349864
0 0.2796694711538461 0.998369391025641 0.2790715144230769 0.9529246794871794 0.20484134615384617 0.9546610576923076 0.20543930288461537 1.000105769230769