0 0.990234375 0.0013020833333334794 0.9169921875 1.5173048003210473e-16 0.9164103464939567 0.058184100604337166 0.9896525339939567 0.05948618393767049
0 0.8623046875 0.1354166666666668 0.8076171875 0.06250000000000012 0.73828125 0.15494791666666685 0.79296875 0.2278645833333335
0 0.7412188321038804 0.04611185495823242 0.6858713432194826 0.026577447116680256 0.6574791898241713 0.16958977533009983 0.7128266787085691 0.189124183171652
0 0.7060546875000001 1.2212453270876723e-16 0.6778016441508314 -0.001298990498812232 0.6772124591745843 0.021482828582739626 0.705465502523753 0.02278181908155198
0 0.466796875 0.1028645833333334 0.443359375 0.0716145833333334 0.4208984375 0.10156250000000008 0.4443359375 0.13281250000000008
0 0.5390625 0.06640625000000006 0.5110442171391752 0.03229703608247423 0.4950608086340205 0.055637886597938176 0.5230790914948453 0.089747100515464
0 0.21191406249999994 0.018229166666666668 0.20968749999999997 -0.002552083333333329 0.18945312499999997 0.0013020833333333406 0.19167968749999997 0.022083333333333337
0 0.25809845476519333 0.029379604051565384 0.25689528660220995 -0.0011006560773480574 0.22265625 0.0013020833333333333 0.22385941816298344 0.03178234346224677
0 0.19296875 0.13828125000000002 0.18125000000000002 0.1330729166666667 0.17304687500000002 0.16588541666666673 0.184765625 0.17109375000000007
0 0.4133782971673597 0.17404333419958423 0.3941556490384615 0.11708733974358981 0.21435445361226607 0.22496805699930705 0.23357710174116422 0.28192405145530147
0 0.3673122939908722 0.2904464587559162 0.3218476641734279 0.21068395030425963 0.27752598884381335 0.25559658130493573 0.32299061866125756 0.3353590897565923
0 0.43591754105839425 0.35031744221411215 0.3847014712591241 0.3184496654501218 0.36808565237226276 0.36592343369829705 0.4193017221715329 0.3977912104622873
0 0.6012620192307692 0.2506009615384616 0.5742187499999998 0.22656250000000003 0.5381610576923076 0.29867788461538464 0.5652043269230769 0.3227163461538462
0 0.570047634143086 0.4607956820608651 0.5316441704484784 0.4173493392952485 0.4558174552856381 0.536505605979712 0.49422091898024567 0.5799519487453285
0 0.7072452910958904 0.5454658961187213 0.7065550085616439 0.5206157248858447 0.67578125 0.5221354166666666 0.6764715325342465 0.5469855878995433
0 0.5587660845588236 0.7196691176470588 0.48552389705882354 0.6610753676470588 0.4608800551470589 0.7158394607843138 0.5341222426470589 0.7744332107843138
0 0.3320312500000001 0.6145833333333334 0.2890625000000001 0.6145833333333334 0.2890625000000001 0.66015625 0.3320312500000001 0.66015625
0 0.3547297297297297 0.47976492117117114 0.34419869087837834 0.46973536036036034 0.3284945101351351 0.4990498310810811 0.3390255489864865 0.5090793918918919
0 0.1861530172413793 0.3326149425287356 0.15315193965517243 0.31501436781609193 0.1468211206896552 0.3361170977011494 0.1798221982758621 0.3537176724137931
0 0.17187500000000003 0.5143229166666666 0.145029030885214 0.47375567444876776 0.10840223735408558 0.5168460197795071 0.13524820646887162 0.5574132619974059
0 0.2090594951923077 0.6284054487179488 0.18276742788461547 0.6213942307692307 0.17735877403846162 0.6574519230769231 0.20365084134615383 0.6644631410256411
0 0.05859375000000002 0.7513020833333335 0.02407079447632714 0.7342050005978003 0.01898902663199431 0.7524472441415592 0.053511982155667194 0.7695443268770924
0 0.212890625 0.91015625 0.1983340992647059 0.879656862745098 0.16939338235294116 0.9042126225490197 0.18394990808823528 0.9347120098039217
0 0.4542388697094693 0.8262494021999045 0.4140625000000001 0.8190104166666667 0.41049671583572467 0.8541928204208513 0.45067308554519386 0.8614318059540891
0 0.4863281250000001 0.9986979166666665 0.4857918074324325 0.9679490427927928 0.4393053209459459 0.9693904842342342 0.43984163851351343 1.000139358108108
0 0.6997238685344828 0.7523347701149425 0.6865234375 0.7447916666666667 0.6787446120689655 0.7689924568965518 0.6919450431034482 0.7765355603448277