0 0.9366581357758623 0.7808010057471265 0.9312028556034484 0.7638290229885057 0.9092807112068965 0.7763559626436781 0.9147359913793103 0.793327945402299
0 0.5225781250000001 0.2410937500000001 0.4974218750000001 0.23630208333333344 0.4953125000000001 0.25598958333333344 0.5204687500000001 0.2607812500000001
0 0.291015625 0.1822916666666667 0.2734375 0.1822916666666667 0.2734375 0.21484375000000006 0.291015625 0.21484375000000006
0 0.6948918269230769 0.46256009615384625 0.679522235576923 0.4569711538461539 0.6718149038461538 0.4946514423076923 0.6871844951923076 0.5002403846153847
0 0.954558486238532 0.15291714449541285 0.9471581135321101 0.1345924120795108 0.9132651232798166 0.1589258409785933 0.9206654959862386 0.17725057339449535
0 0.568359375 0.3593750000000001 0.53515625 0.3593750000000001 0.53515625 0.3893229166666668 0.568359375 0.3893229166666668
0 0.8531107088414632 0.7301194105691058 0.817525724085366 0.7248475609756099 0.8149771341463415 0.7554306402439027 0.8505621189024388 0.7607024898373986
0 0.3654554834905661 0.8427181603773586 0.3408203125 0.8333333333333334 0.33149690448113206 0.876842570754717 0.3561320754716982 0.8862273977987422
0 0.5957031250000001 0.5898437500000001 0.58359375 0.5575520833333335 0.553515625 0.5776041666666668 0.565625 0.6098958333333334
0 0.9379416301751593 0.8602375265392782 0.9343364351114651 0.8334560774946921 0.8727196954617836 0.8482019639065818 0.8763248905254779 0.8749834129511679
0 0.727805192696305 0.3258065098152426 0.7057750252598153 0.2841939713240956 0.649989174364896 0.3366983015781372 0.6720193418013857 0.3783108400692843
0 0.4372194406077348 0.41986792127071837 0.39104044371546964 0.3514545925414365 0.35030537810773477 0.4003366712707183 0.396484375 0.46875000000000017
0 1.0017500773514854 0.5769260519801982 0.9243985922029706 0.5666125206270629 0.9162766862623766 0.6749045998349837 0.9936281714108913 0.6852181311881191