0 0.23242187500000008 0.984375 0.20898437500000008 0.984375 0.20898437500000008 0.99609375 0.23242187500000008 0.99609375
0 0.16015625000000006 0.90234375 0.14332570043103457 0.9010237068965518 0.14250404094827596 0.9196479885057471 0.15933459051724147 0.9209680316091954
0 0.5118389423076922 0.17810496794871797 0.5068359375 0.15364583333333337 0.48997896634615384 0.1597756410256411 0.49498197115384607 0.1842347756410257
0 0.38169806985294114 0.07374387254901965 0.3693129595588235 0.047794117647058876 0.35351562499999994 0.0611979166666667 0.3659007352941176 0.08714767156862747
0 0.30273437500000006 0.99609375 0.3000928534836066 0.9573514344262294 0.2831871157786885 0.9594006147540983 0.28582863729508196 0.9981429303278689
0 0.3769531250000001 0.5442708333333334 0.3496093750000001 0.5442708333333334 0.3496093750000001 0.5950520833333334 0.3769531250000001 0.5950520833333334
0 0.8828125 0.6653645833333335 0.8763671875 0.6395833333333333 0.8248046875 0.6625 0.83125 0.6882812500000001
0 0.6095703125 0.3471354166666668 0.5908203125 0.3346354166666668 0.561328125 0.4132812500000001 0.5800781250000001 0.4257812500000001
0 0.3144531250000001 0.7447916666666666 0.2851562500000001 0.7447916666666666 0.2851562500000001 0.80078125 0.3144531250000001 0.80078125
0 0.3872508081896552 0.36258081896551725 0.3444167564655173 0.35782147988505747 0.34193157327586204 0.3975844109195402 0.38476562499999994 0.40234375
0 0.07418995056970516 0.8254335623324397 0.045819893599195735 0.8107231624218051 0.027199752848525494 0.8745636449955315 0.05556980981903492 0.8892740449061661
0 0.790762867647059 0.974433210784314 0.7308708639705883 0.9682904411764708 0.7290900735294119 0.9991574754901962 0.7889820772058826 1.0053002450980393
0 0.95796875 0.9183333333333332 0.9379296874999999 0.8827083333333334 0.8896484375 0.9309895833333335 0.9096875000000001 0.9666145833333333
0 0.4473315841932458 0.0361676242964353 0.39671706437617266 -0.020520637898686692 0.37366982293621015 0.016062285021888646 0.42428434275328336 0.07275054721701064
0 0.984375 0.3736979166666668 0.94140625 0.3164062500000001 0.9189453125 0.34635416666666685 0.9619140625 0.40364583333333354
0 0.5139268725057012 0.24795408114785278 0.45940306086088933 0.20018083665906516 0.43901662271949815 0.24154462419232248 0.49354043436431017 0.2893178686811101
0 0.22361785421225383 0.24261772884755656 0.20007778309628005 0.1964607266593727 0.1492730272155361 0.2425237053245806 0.17281309833150985 0.2886807075127644
0 0.1640625 2.1606724125581558e-17 0.095703125 1.6025651473217316e-17 0.095703125 0.05989583333333335 0.1640625 0.059895833333333356
0 0.7444863108407078 0.6675654498525075 0.7116375138274336 0.6175101401179943 0.6661452571902655 0.6705844395280238 0.6989940542035398 0.720639749262537
0 0.14962521114864866 0.12408502252252257 0.10731630067567569 0.08379082207207209 0.07722761824324324 0.13995636261261263 0.11953652871621623 0.1802505630630631
0 0.31904560810810817 0.2588330518018019 0.28961676520270274 0.20389921171171174 0.22753906250000006 0.26302083333333337 0.25696790540540543 0.3179546734234235
0 0.5197583753426 0.81807438495171 0.4542621561765857 0.7898211139389194 0.43148232551879406 0.88370162816497 0.4969785446848084 0.9119548991777606
0 0.584375 0.8903645833333336 0.5257812500000002 0.8643229166666669 0.4984375000000002 0.9736979166666669 0.55703125 0.9997395833333336
0 0.7718247274523972 0.2997864246854813 0.7213698837555252 0.21878409058710194 0.6480406988481808 0.29998476991952855 0.6984955425450527 0.3809871040179079