0 0.7900390625 0.3541666666666668 0.7529296875 0.3046875000000001 0.71484375 0.3554687500000001 0.751953125 0.4049479166666668
0 0.5294921875 0.28177083333333347 0.5196346507352941 0.28075980392156874 0.5174862132352941 0.31799938725490207 0.52734375 0.3190104166666668
0 0.4426776238207548 0.381436713836478 0.43309625589622647 0.35844143081761004 0.40274911556603776 0.38092079402515716 0.4123304834905661 0.4039160770440252
0 0.5891590567425794 0.4860888988399864 0.5110040701765609 0.40570091265779595 0.49537807062436034 0.4327088131183896 0.5735330571903788 0.51309679930058
0 0.6367187500000001 0.6236979166666665 0.5911063420710573 0.56774669627383 0.5695018008015598 0.5990576256499132 0.6151142087305026 0.6550088460427497
0 0.956961413760258 0.9229343737788198 0.9501953125 0.8489583333333334 0.9235338969079718 0.8532935228604923 0.9302999981682298 0.9272695633059789
0 0.41888259747706424 0.8904697056574924 0.4045835722477065 0.8550625955657494 0.37558235378440374 0.8758839831804283 0.38988137901376146 0.9112910932721713
0 0.3172354068396227 0.9512087264150945 0.29650648584905664 0.9014593160377359 0.2382996757075472 0.9445754716981133 0.2590285966981133 0.9943248820754718
0 0.31769604952830194 0.9523142688679246 0.2982569280660378 0.9056603773584906 0.2563015919811321 0.9367384040880504 0.27574071344339623 0.9833922955974843
0 0.327013739224138 0.8520114942528736 0.3136786099137931 0.8105244252873562 0.2952922952586207 0.8210308908045977 0.3086274245689656 0.8625179597701149
0 0.28810614224137937 0.6818336925287357 0.24425511853448284 0.6783943965517242 0.24221443965517248 0.7246497844827586 0.286065463362069 0.72808908045977
0 0.1796288696060038 0.6879030839587242 0.15136718750000006 0.65625 0.14632680581613514 0.6642506058474047 0.17458848792213885 0.6959036898061288
0 0.1462126763712242 0.6277863341282459 0.08300781250000007 0.5520833333333334 0.04713117299284582 0.6053341944886064 0.11033603686406997 0.681037195283519