0 0.0390625 0.12369791666666667 0.0361328125 0.11197916666666667 0.029101562499999994 0.11510416666666666 0.03203125 0.12682291666666667
0 0.015625000000000267 0.9908854166666669 0.000976562500000222 0.9817708333333335 -0.004063070255474211 0.9961697840632604 0.010585367244525834 1.0052843673965939
0 0.38976562500000006 0.9259895833333334 0.37937500000000013 0.9240104166666667 0.3763281250000001 0.9524479166666667 0.3867187500000001 0.9544270833333334
0 0.087890625 0.8059895833333336 0.0751953125 0.7942708333333336 0.0670390625 0.8099791666666668 0.079734375 0.8216979166666668
0 0.05065792982081914 0.9159200796359499 0.039639105162116016 0.9043213168373151 0.022990880972696193 0.9324383176905575 0.03400970563139931 0.9440370804891924
0 0.5224609375 8.141635513917814e-17 0.496165988869863 -0.0012985159817350822 0.4956175085616438 0.018446775114155326 0.5219124571917808 0.019745291095890495
0 0.01757812500000004 0.4296875 4.143946444380448e-17 0.4296875 4.341277227446184e-17 0.47265625 0.017578125000000045 0.47265625
0 0.2354204963235294 0.2735447303921568 0.22363281249999994 0.2552083333333333 0.20634191176470584 0.27496936274509803 0.21812959558823528 0.2933057598039215
0 0.3167683699324324 0.9960219594594595 0.31633551520270264 0.971204954954955 0.2711655405405405 0.9726055743243244 0.2715983952702702 0.9974225788288288
0 0.416113199937552 0.24492718741326677 0.36328125 0.24348958333333337 0.36283972340757703 0.27233598737163484 0.415671673345129 0.2737735914515682
0 0.6572265624999999 1.0362081563168128e-16 0.6113696620475113 -0.0013009049773754684 0.6109304298642535 0.02622431184012076 0.6567873303167421 0.027525216817496333
0 0.3871323529411764 0.9933670343137255 0.38136488970588234 0.9587622549019609 0.33338694852941175 0.9729779411764706 0.3391544117647059 1.0075827205882353
0 0.818359375 0.17838541666666669 0.8174186496559633 0.136993501529052 0.7734249569954128 0.13877102446483178 0.7743656823394496 0.1801629396024465
0 0.6769689611486488 0.2730503941441443 0.6462468327702703 0.2662232545045046 0.6397012246621621 0.3185881193693695 0.6704233530405406 0.3254152590090092
0 0.48306488531225905 0.4957082449884348 0.4586048935042406 0.46485780487021333 0.41588687234965305 0.5250698727833463 0.44034686415767144 0.5559203129015677
0 0.9247072747817956 0.5012955891521199 0.899477380766833 0.499613596217789 0.8962481491583543 0.5857264391105571 0.9214780431733167 0.587408432044888
0 0.17773437500000008 0.8450520833333335 0.13964843750000006 0.7942708333333334 0.10839843750000004 0.8359375000000001 0.14648437500000008 0.8867187500000002
0 0.5041015625 0.6671875000000002 0.3986328125000001 0.6203125000000002 0.38261718750000007 0.6843750000000001 0.4880859375 0.7312500000000003
0 0.6877012260828426 0.46070314690215874 0.6481065036269975 0.3620032590412112 0.5706911335681244 0.4172142206335857 0.6102858560239697 0.5159141084945332