0 0.7529296875 0.026041666666666786 0.7451171875 0.015625000000000118 0.732421875 0.032552083333333454 0.740234375 0.04296875000000012
0 0.8940571511929459 0.03766856846473037 0.8784280990663899 0.02560403699861696 0.8519069307572613 0.08668309128630712 0.8675359828838174 0.09874762275242054
0 0.9477829391891891 0.23049690315315316 0.9394056165540541 0.15975506756756755 0.8903610641891891 0.17008023648648646 0.8987383868243242 0.24082207207207207
0 0.6530445772058824 0.16501225490196086 0.6356043198529411 0.15021446078431377 0.6182329963235293 0.1866115196078432 0.6356732536764705 0.2014093137254903
0 0.4044360017123288 0.25995647831050234 0.37600866866438354 0.21313498858447494 0.36482769691780825 0.22520333904109593 0.39325502996575346 0.27202482876712336
0 0.2848375591279505 0.34017597883102285 0.2514123384226302 0.2642916939865119 0.17631179163544403 0.323100587766954 0.20973701234076433 0.398984872611465
0 0.2265625 0.6809895833333334 0.21900912747524748 0.6363887169966997 0.18459931930693066 0.6467486592409241 0.19215269183168313 0.6913495255775577
0 0.1690734587104073 0.8955151772247362 0.14992222850678738 0.8723015648567121 0.12787224264705882 0.9046415441176471 0.14702347285067874 0.9278551564856713
0 0.4767565802444794 0.8129477195057836 0.3956310380520505 0.6752801327549949 0.33939089609621453 0.7341983767087278 0.42051643828864355 0.8718659634595165
0 0.4371093750000002 0.8908854166666668 0.4072265625 0.8776041666666667 0.39472656250000004 0.9276041666666668 0.4246093750000002 0.9408854166666668
0 0.6177610647624434 0.7325461915535446 0.5579866020927602 0.6700791855203623 0.4703345941742082 0.8191883484162898 0.5301090568438914 0.8816553544494723
0 0.5205078125000001 0.7161458333333336 0.4927865067379183 0.7113247366790584 0.48985681923791835 0.741272653345725 0.5175781250000002 0.7460937500000002
0 0.6263671875 0.6981770833333335 0.6013671875 0.6815104166666668 0.58984375 0.7122395833333335 0.61484375 0.7289062500000001
0 0.5567555147058824 0.8157935049019609 0.5556640625 0.796875 0.5229549632352941 0.8002297794117648 0.5240464154411765 0.8191482843137255
0 0.7193369932432432 0.8474563626126127 0.718542018581081 0.8018778153153152 0.6638386824324324 0.8035740427927927 0.6646336570945945 0.8491525900900901
0 0.6678066649377594 0.7755500086445368 0.6579559452800832 0.7528635027662517 0.6078351919087137 0.7915532071230983 0.6176859115663901 0.8142397130013834
0 0.8550934770742357 0.8475027292576419 0.8151780840611353 0.8404066593886464 0.8115959334061135 0.8762281659388645 0.8515113264192138 0.8833242358078602
0 0.826171875 0.98046875 0.8158203125 0.9390625 0.7748046875 0.9572916666666667 0.78515625 0.9986979166666666
0 0.8976616010273972 0.8197238869863014 0.8857421875 0.7773437500000002 0.8711873929794519 0.7846211472602742 0.8831068065068493 0.8270012842465754
0 0.857421875 0.3906250000000001 0.826171875 0.3906250000000001 0.826171875 0.5169270833333335 0.857421875 0.5169270833333335