0 0.7306535050675677 0.04149070945945959 0.6840952280405406 0.03114442567567579 0.6724820523648648 0.1240498310810812 0.7190403293918919 0.134396114864865
0 0.5892376077586207 0.1009788074712644 0.5458984375 0.05208333333333339 0.533081896551724 0.0722790948275863 0.5764210668103449 0.12117456896551732
0 0.62109375 0.020833333333333433 0.583984375 0.02083333333333343 0.583984375 0.08984375000000008 0.62109375 0.08984375000000008
0 0.4765625000000001 0.37890625 0.4760851264783181 0.35408282687253617 0.4274892719283837 0.35574422360928604 0.42796664545006574 0.38056764673674986
0 0.3490705818965517 0.387212643678161 0.31539601293103453 0.3692528735632184 0.29721174568965514 0.42986709770114945 0.3308863146551724 0.447826867816092
0 0.2459508384146342 0.33292047764227645 0.23697122713414637 0.22516514227642273 0.1923828125 0.23177083333333331 0.2013624237804878 0.33952616869918706
0 0.015625 0.13932291666666666 0.014581527834420877 0.09062754893964112 -0.0009749694127243098 0.09122017740619902 0.00006850275285481232 0.13991554513322457
0 0.05371413934426228 0.5452655396174863 0.043404200819672126 0.4868425546448088 -0.006237192622950816 0.502416325136612 0.00407274590163933 0.5608393101092896
0 0.030916045984455964 0.4548183829879103 0.0271211139896373 0.4355907275474957 -0.002201060556994816 0.4458792098445596 0.0015938714378238461 0.46510686528497414
0 0.056271251619171056 0.5932777417962002 0.018296632124352397 0.5799533139032814 0.001953125000000067 0.6627604166666666 0.03992774449481873 0.6760848445595855
0 0.15820312500000006 0.6236979166666667 0.12792968750000006 0.5833333333333335 0.11816406250000003 0.5963541666666667 0.14843750000000003 0.6367187500000001
0 0.2724609375000001 0.7526041666666669 0.2481175943348252 0.7236553261459183 0.215655035852319 0.7721852115541092 0.23999837901749393 0.8011340520748578
0 0.3613281250000001 0.7395833333333334 0.3027343750000001 0.7395833333333334 0.3027343750000001 0.7955729166666666 0.3613281250000001 0.7955729166666666
0 0.404296875 0.4830729166666667 0.3865622841850829 0.48182838397790057 0.3846091591850829 0.5313075506445673 0.40234375 0.5325520833333334
0 0.5842524828410982 0.4774507764836385 0.5543365224625625 0.41656917290626744 0.4931250649958402 0.4700412506932891 0.523041025374376 0.5309228542706601
0 0.5446213942307693 0.6112780448717949 0.5283203125 0.5833333333333334 0.484375 0.6289062499999999 0.5006760817307693 0.6568509615384615
0 0.43600706335616435 0.7831728025114155 0.40448683647260275 0.7491509703196347 0.39138752140410954 0.7707263127853883 0.42290774828767114 0.8047481449771691
0 0.61328125 0.8216145833333335 0.5555984879674882 0.7642814137979884 0.5184181430620484 0.8307828437101572 0.5761009050945601 0.8881160132455023
0 0.9520686405642025 0.7495997487029832 0.9490173577334631 0.6845057149805448 0.9212936223249028 0.6868160262645914 0.9243449051556422 0.7519100599870298
0 0.7314453125000001 0.9505208333333337 0.7216796874999999 0.9375000000000001 0.6923828124999999 0.9765625000000001 0.7021484375000001 0.9895833333333337
0 0.3398437500000002 0.9986979166666669 0.2965095077270817 0.9677928756658258 0.2851562500000001 0.9960937500000002 0.32849049227291865 1.0269987910008413
0 0.19335937500000008 0.88671875 0.14627830084994137 0.8375906726260258 0.1111220508499414 0.8974865059593591 0.15820312500000014 0.9466145833333334