0 0.4833984375000001 0.9596354166666666 0.47167968750000017 0.9557291666666667 0.46679687500000017 0.9817708333333336 0.4785156250000001 0.9856770833333336
0 0.5570563892326733 0.4332585602310232 0.5433265006188119 0.43142790841584167 0.5409576113861386 0.4630130981848185 0.5546875000000001 0.46484375000000006
0 0.6497463368775934 0.5726249135546336 0.6298828125000001 0.5572916666666667 0.62252820280083 0.5742295556708162 0.6423917271784233 0.589562802558783
0 0.673828125 0.2825520833333334 0.6588942307692307 0.27117387820512834 0.6484375 0.2955729166666668 0.6633713942307693 0.3069511217948719
0 0.8075434846698112 0.01267688679245295 0.7866487323113207 -0.0028007075471696416 0.7774358785377359 0.019310141509434095 0.7983306308962265 0.034787735849056686
0 0.681640625 0.1757812500000001 0.6669921875 0.15625000000000006 0.6484375 0.18098958333333345 0.6630859375 0.2005208333333335
0 0.020132211538461543 0.07802483974358974 0.0009765625000000056 0.07291666666666667 -0.005634014423076916 0.11698717948717947 0.013521634615384623 0.12209535256410256
0 0.5571462970890411 0.39455622146118724 0.5260835830479452 0.39302226027397263 0.5252060145547945 0.4246147260273973 0.5562687285958904 0.4261486872146119
0 0.8970491976351351 0.07769566441441439 0.8852671030405406 0.056095157657657664 0.8538534628378379 0.08655686936936942 0.8656355574324323 0.10815737612612614
0 0.9174101050764192 0.6382937590975256 0.8875417917576419 0.6078397925764195 0.8705223116812226 0.637514783478894 0.900390625 0.6679687500000001
0 0.3925781250000001 0.8554687500000001 0.3632812500000001 0.8164062500000001 0.3457031250000001 0.8398437500000002 0.3750000000000001 0.8789062500000002
0 0.29630335365853655 0.17673399390243902 0.29392149390243894 0.14815167682926828 0.24997618140243905 0.15466209349593496 0.25235804115853655 0.18324441056910568
0 0.6380315061475411 0.16694415983606567 0.5964715676229508 0.16190659153005474 0.5940381659836065 0.19759648224043727 0.6355981045081969 0.2026340505464482
0 0.7756204044117647 0.7199754901960785 0.7400505514705883 0.709436274509804 0.7330193014705884 0.7516237745098041 0.7685891544117648 0.7621629901960785
0 0.8136289739884391 0.2741073578998075 0.7891584627890172 0.2501806358381504 0.7543239703757225 0.3135160765895954 0.7787944815751444 0.33744279865125254
0 0.46237858952702704 0.3432995495495496 0.42827808277027024 0.33612049549549555 0.41849134290540535 0.4187640765765766 0.4525918496621621 0.4259431306306307