0 0.684307650862069 0.8002244971264368 0.658203125 0.7981770833333335 0.6574892241379311 0.8143588362068966 0.6835937500000001 0.8164062500000001
0 0.19780072773972607 0.7190175513698631 0.19204837328767121 0.7021439783105023 0.17674443493150682 0.7114190924657534 0.18249678938356168 0.7282926655251142
0 0.03506564110824742 0.046821305841924406 0.0283203125 0.023437500000000007 0.013792686855670106 0.030887564432989695 0.020538015463917526 0.05427137027491409
0 0.4628906250000001 0.5377604166666667 0.44606007543103454 0.5364403735632185 0.44493534482758623 0.5619342672413794 0.4617658943965518 0.5632543103448276
0 0.9078983379777069 0.4879412154989382 0.9013671875 0.45833333333333326 0.882333548964968 0.46579750530785563 0.888864699442675 0.4954053874734606
0 0.9473437499999999 0.3508333333333334 0.9362109375 0.33104166666666673 0.9144921874999999 0.3527604166666667 0.9256249999999999 0.3725520833333334
0 0.7474225153688525 0.8827698087431696 0.7451171875 0.8489583333333335 0.7069031762295082 0.8535903346994537 0.7092085040983607 0.8874018101092898
0 0.7281099759615385 0.1595352564102565 0.6983623798076923 0.1487179487179488 0.6905198317307693 0.18705929487179496 0.7202674278846154 0.19787660256410267
0 0.544921875 0.4322916666666668 0.501953125 0.4322916666666668 0.501953125 0.4622395833333334 0.544921875 0.4622395833333334
0 0.17285156250000003 0.3177083333333333 0.13773228016561517 0.31208924815983174 0.13350872436908517 0.35901764589905366 0.16862800670347006 0.36463673107255523
0 1 0.3437500000000001 0.97265625 0.3437500000000001 0.97265625 0.4231770833333334 1 0.4231770833333334
0 0.8607601539317506 0.6237983741345201 0.8464942275593472 0.5899828449554896 0.8055075806750743 0.6207228301186944 0.8197735070474778 0.654538359297725
0 0.1185087316176471 0.32107843137254904 0.07232306985294118 0.30568321078431376 0.06100643382352942 0.36603860294117646 0.10719209558823532 0.3814338235294118
0 0.876953125 0.5429687500000001 0.8330078125 0.5208333333333335 0.8174824100583405 0.5756288713627199 0.8614277225583405 0.5977642880293864
0 0.1632169814760794 0.6338243873978996 0.08688101662777134 0.6197855892648774 0.08164381563593937 0.6704118655192531 0.15797978048424743 0.6844506636522755
0 0.6613581730769231 0.7020232371794873 0.6434795673076923 0.5828325320512822 0.6160606971153847 0.590144230769231 0.6339393028846155 0.709334935897436
0 0.7338077910958904 0.6842679794520549 0.6626391267123288 0.674279394977169 0.6571489726027397 0.7438213470319636 0.7283176369863014 0.7538099315068494
0 0.4193417388613862 0.536535684818482 0.3767017326732674 0.5148772689768978 0.3490872524752476 0.611527949669967 0.3917272586633664 0.6331863655115513
0 0.5771484375000001 0.7447916666666667 0.4990234375000001 0.6406250000000001 0.4648437500000001 0.6861979166666667 0.5429687500000001 0.7903645833333335
0 0.85546875 0.006510416666666785 0.8142303328290469 -0.05887662317196156 0.7160457639939486 0.05120910552193649 0.7572841811649016 0.11659614536056484
0 0.7874609374999999 0.47593750000000007 0.772109375 0.33265625000000004 0.6944531249999999 0.34744791666666675 0.7098046874999999 0.4907291666666667