0 0.45898437500000017 0.9869791666666666 0.43945312500000017 0.9869791666666666 0.43945312500000017 0.99609375 0.45898437500000017 0.99609375
0 0.701328125 0.010572916666666673 0.7000390624999999 -0.0014583333333333393 0.6855468749999999 0.0013020833333333333 0.6868359374999999 0.013333333333333345
0 0.22656249999999994 0.57421875 0.21089696344339623 0.543691037735849 0.19920400943396224 0.5543582940251572 0.21486954599056593 0.5848860062893081
0 0.5954757063356165 0.5139483447488586 0.5810546875000001 0.5052083333333335 0.5736301369863014 0.5269870148401828 0.5880511558219179 0.535727026255708
0 0.5520095038659795 0.14279961340206201 0.5384181701030928 0.13474548969072173 0.5274242912371133 0.16772712628865982 0.5410156250000001 0.1757812500000001
0 0.4124087591240877 0.2690845498783456 0.37524235857664234 0.25106447688564487 0.3695112910583942 0.27207839111922155 0.40667769160583955 0.29009846411192225
0 0.2972495719178082 0.2231200057077626 0.2887815710616438 0.19301155821917812 0.2558192422945205 0.20949272260273974 0.2642872431506849 0.23960117009132423
0 0.572265625 0.42578125 0.558280174885321 0.39115061162079506 0.5269495412844037 0.41364439984709467 0.5409349913990826 0.4482750382262996
0 0.8154714595375724 0.332263065992293 0.7744140625000001 0.3229166666666668 0.770193957731214 0.35587367533718706 0.8112513547687863 0.36522007466281325
0 0.7161305147058824 0.6444393382352943 0.6860523897058823 0.6189185049019609 0.67109375 0.6502604166666667 0.7011718750000001 0.6757812500000001
0 0.2510661553899083 0.1536816704892967 0.21191406250000006 0.1380208333333334 0.20312500000000006 0.1770833333333334 0.24227709288990829 0.1927441704892967
0 0.037109375000000056 0.6223958333333334 5.913943771273107e-17 0.6223958333333334 6.13519343713469e-17 0.6705729166666666 0.03710937500000006 0.6705729166666666
0 0.11133676714601777 0.6121520095870208 0.08333621404867261 0.5794846976401181 0.06355434181415931 0.6096285029498527 0.09155489491150445 0.6422958148967552
0 0.5175781250000001 0.6393229166666667 0.4960937500000001 0.6106770833333335 0.4638671875 0.6536458333333336 0.4853515625 0.6822916666666669
0 0.17481566011235955 0.12289325842696631 0.12356917134831465 0.11638576779026219 0.12101913623595509 0.15208625936329592 0.172265625 0.15859375000000006
0 0.6854434742647059 0.17138480392156866 0.6823299632352942 0.11741727941176472 0.6455882352941178 0.12118566176470588 0.6487017463235295 0.17515318627450982
0 0.12109375 0.0013020833333333432 0.0615234375 1.0177044392397268e-17 0.06104696315824826 0.03875324646247539 0.12061727565824827 0.040055329795808725
0 0.880859375 1.4359302638439994e-16 0.833984375 1.3976600513706446e-16 0.833984375 0.06640625000000014 0.880859375 0.06640625000000014
0 0.5234374999999999 0.029947916666666786 0.49639008620689645 -0.010623204022988435 0.4597790948275861 0.03276760057471263 0.4868265086206896 0.07333872126436786
0 0.40877538143622594 0.9853837232096186 0.3458491244119185 0.927804141618749 0.32614175624019864 0.9660927426380904 0.38906801326450613 1.02367232422896
0 0.9191702405230326 0.2176128638835575 0.8436694007917467 0.16224558141394763 0.8198757647552783 0.21992712332053757 0.8953766044865643 0.27529440579014747
0 0.886422329781705 0.539796106202356 0.8177726253898131 0.45544222106722093 0.7675610706860708 0.5280887257449757 0.8362107750779627 0.6124426108801108
0 0.2818644987075333 0.713072378138848 0.21939161742983754 0.6673405957656329 0.1514240214180207 0.8324047575086164 0.2138969026957164 0.8781365398818316