0 0.9124341253698226 0.05843503451676528 0.9095564441568047 0.005997287968441833 0.8404239090236685 0.01274192554240634 0.8433015902366863 0.06517967209072979
0 0.6665326286764707 0.12224264705882355 0.6453354779411764 0.07513786764705882 0.5970818014705882 0.11374080882352941 0.6182789522058822 0.16084558823529413
0 0.58984375 0.05078125000000008 0.5283203125 0.04687500000000008 0.5264599830316742 0.09896422511312226 0.5879834205316742 0.10287047511312226
0 0.29687500000000006 0.0013020833333333834 0.2659092385654886 -0.000029777373527328788 0.26544836603430355 0.01901962058212063 0.296414127468815 0.020351481288981343
0 0.177734375 0.01953125000000003 0.15410225756227758 0.009684534400949 0.14433663256227758 0.05135120106761567 0.16796875 0.0611979166666667
0 0.32048860143442626 0.09503073770491802 0.3193359375 0.07812500000000003 0.30630443135245905 0.07970457650273224 0.30745709528688525 0.09661031420765026
0 0.27148437500000006 0.32682291666666674 0.2294921875 0.2708333333333333 0.17871093749999997 0.3385416666666667 0.22070312500000006 0.3945312500000001
0 0.21484375 0.31640625 0.2138671875 0.3046875 0.19886147103658536 0.30691056910569103 0.19983803353658536 0.31862931910569103
0 0.236328125 0.3684895833333333 0.23236443014705882 0.34734987745098045 0.21076516544117654 0.3545496323529412 0.21472886029411767 0.3756893382352941
0 0.208984375 0.3828125 0.17968750000000006 0.3828125 0.17968750000000006 0.4596354166666667 0.208984375 0.4596354166666667
0 0.15412020498057719 0.5163706992230854 0.12011718750000007 0.4739583333333333 0.09594591079356274 0.5084093484091751 0.12994892827413987 0.5508217142989271
0 0.03015244745575223 0.605653115781711 0.016878111172566344 0.5901663901179942 -0.0067754424778760924 0.6262099004424778 0.0064988938053097915 0.6416966261061947
0 0.3330078125 0.4531250000000001 0.3173828125 0.4322916666666668 0.29687500000000006 0.4596354166666668 0.31250000000000006 0.4804687500000001
0 0.5289590371621622 0.3972972972972974 0.46884501689189195 0.37263513513513524 0.4592166385135135 0.4143581081081083 0.5193306587837838 0.4390202702702704
0 0.6779986554154303 0.2617867519782395 0.617048984606825 0.24610379574678548 0.6099725287462909 0.2949956726013849 0.6709221995548961 0.31067862883283887
0 0.73515625 0.22838541666666667 0.726953125 0.1955729166666666 0.6783203125 0.21718749999999995 0.6865234375 0.25
0 0.7865139100609756 0.7493648373983741 0.7822265625 0.6979166666666666 0.7378525152439024 0.7044905995934959 0.742139862804878 0.7559387703252033
0 0.8509765625 0.7450520833333335 0.8259765625 0.7283854166666668 0.814453125 0.7591145833333335 0.839453125 0.7757812500000001
0 0.841796875 0.8111979166666669 0.8188189338235293 0.7928155637254903 0.8067555147058822 0.819623161764706 0.8297334558823529 0.8380055147058825
0 0.5906762295081966 0.6466444672131147 0.5863537397540983 0.6397284836065574 0.5703125 0.6575520833333334 0.5746349897540982 0.6644680669398907
0 0.412109375 0.64453125 0.40932259908536583 0.6110899390243902 0.3904582698170732 0.6138846544715446 0.3932450457317073 0.6473259654471544
0 0.4755299562101912 0.7231704485138004 0.4726562500000001 0.7018229166666666 0.3812014828821656 0.7237095276008493 0.3840751890923567 0.7450570594479831
0 0.2851562500000001 0.8619791666666666 0.2500000000000001 0.8619791666666666 0.2500000000000001 0.88671875 0.2851562500000001 0.88671875
0 0.5490240357006126 0.8566292591883616 0.49532954871745805 0.8143245118683003 0.4784154263973968 0.8524897109494642 0.5321099133805515 0.8947944582695254
0 0.8751745407127032 0.9757200886262923 0.8384993537666174 0.9229078194239289 0.8159100350812407 0.9507958671836533 0.8525852220273265 1.0036081363860165
0 0.9064235009517766 0.9407386844331642 0.8637422668147208 0.8914181472081218 0.8396405060279187 0.9284977791878173 0.8823217401649746 0.9778183164128597
0 0.3262179858768971 0.3819846999718944 0.30650558600337263 0.3276660869870714 0.27148437499999994 0.3502604166666667 0.2911967748735244 0.40457902965148956