0 0.33095493562231754 0.014464860515021478 0.28141262070815454 -0.026535675965665195 0.2385914028969957 0.06545064377682408 0.28813371781115876 0.10645118025751076
0 0.37082031249999997 0.06255208333333334 0.3372265625 0.028958333333333346 0.304296875 0.08750000000000004 0.337890625 0.12109375000000003
0 0.08368876689189189 0.09637528153153153 0.07319467905405405 0.050900900900900894 0.028040540540540542 0.06942567567567567 0.038534628378378386 0.11490005630630631
0 0.11085766423357671 0.36956356447688576 0.014648437500000033 0.32291666666666674 -0.014805257755474421 0.4309135492700731 0.08140396897810225 0.4775604470802921
0 0.12890625000000006 0.44401041666666674 0.07714843750000004 0.44270833333333337 0.07673001000889684 0.4722772093712931 0.12848782250889684 0.47357929270462645
0 0.14926331795302014 0.5101457634228189 0.14639261744966445 0.48845602628635354 0.12410864093959732 0.4936993148769575 0.12697934144295303 0.5153890520134229
0 0.11816406250000007 0.6510416666666667 0.10179847235130117 0.6481954770755887 0.0985638359665428 0.6812606490086741 0.1149294261152417 0.6841068385997523
0 0.09570312500000004 0.7408854166666667 0.05175781250000004 0.7187500000000001 0.036476339671564474 0.7726846099827139 0.08042165217156447 0.7948200266493807
0 0.11067604829093809 0.9487674715156333 0.07324218750000004 0.90625 0.05510203447933222 0.9346432829888712 0.09253589527027026 0.9771607545045046
0 0.47265625 0.16796875000000014 0.44140625 0.12630208333333343 0.404296875 0.17578125000000008 0.435546875 0.21744791666666682
0 0.5139132724719101 0.19218164794007503 0.4956438728932584 0.15320692883895135 0.44508207514044945 0.19534176029962547 0.4633514747191011 0.23431647940074915
0 0.42059536637931033 0.23864044540229887 0.40156923491379315 0.22849317528735638 0.38816675646551724 0.2731681034482759 0.4071928879310344 0.28331537356321845
0 0.35156250000000006 0.46744791666666685 0.3122096706081081 0.42996903153153165 0.2918866131756757 0.4679054054054055 0.33123944256756765 0.5053842905405407
0 0.3710937500000001 0.7473958333333334 0.3417968750000001 0.7473958333333334 0.3417968750000001 0.80078125 0.3710937500000001 0.80078125
0 0.3951577240566038 0.7640035377358492 0.3838074882075472 0.7596796383647799 0.37890625 0.7825520833333334 0.39025648584905664 0.7868759827044026
0 0.4838025323275862 0.7200969827586207 0.4685412176724138 0.6960488505747127 0.44691540948275865 0.7204471982758621 0.46217672413793104 0.7444953304597701
0 0.4597696520618557 0.5616006228522338 0.44498026739690727 0.554016323024055 0.43833561533505155 0.577051116838488 0.453125 0.5846354166666666
0 0.583993389423077 0.5323357371794873 0.5627914663461538 0.5307652243589744 0.5607752403846153 0.5791546474358976 0.5819771634615385 0.5807251602564104
0 0.7120176663801571 0.7577255239030781 0.6894147531925343 0.7098605312704651 0.6571939464636543 0.7369100974132287 0.679796859651277 0.7847750900458416
0 0.3784536966463416 0.9624618902439025 0.36173304115853677 0.9599847560975611 0.3602086509146343 0.9782774390243905 0.37692930640243916 0.9807545731707319
0 0.83203125 0.7434895833333335 0.8125000000000002 0.7174479166666669 0.7851562500000001 0.7539062500000003 0.8046875 0.7799479166666669
0 0.7363033391497462 0.46921266920473786 0.7250257772842639 0.45186257402707286 0.6844265545685279 0.49877723138747887 0.6957041164340101 0.5161273265651439
0 0.7400390625 0.2296875 0.7353515625 0.2109375 0.7125 0.22109374999999998 0.7171875 0.23984374999999997
0 0.8512528582317074 0.48196138211382117 0.8478944359756099 0.44166031504065034 0.814453125 0.4466145833333333 0.8178115472560975 0.48691565040650414
0 0.8580448229362103 0.29483515087554746 0.8232421875 0.2708333333333334 0.810187763836773 0.30448473655409647 0.8449903992729831 0.3284865540963104
0 0.896484375 0.25390625 0.8939909184644671 0.20736172800338412 0.869284382931472 0.2097147313874789 0.8717778394670048 0.2562592533840948
0 0.9609375 0.41276041666666685 0.9345703125 0.39062500000000006 0.9167619566552062 0.42833681237721033 0.9431291441552062 0.45047222904387707
0 1 0.3593750000000001 0.966796875 0.3593750000000001 0.966796875 0.4361979166666668 1 0.4361979166666668
0 1.0113581730769234 0.695252403846154 0.9884314903846155 0.655949519230769 0.9667968750000002 0.6783854166666666 0.989723557692308 0.7176883012820513
0 0.966796875 0.7695312500000001 0.9560546875 0.7656250000000001 0.9510066105769232 0.7903044871794873 0.9617487980769232 0.7942107371794873