0 0.4453125 0.08203125000000003 0.40765624999999994 0.04437500000000005 0.36875 0.11354166666666672 0.40640624999999997 0.1511979166666667
0 0.28613281250000006 0.36979166666666674 0.2779296875 0.3682291666666667 0.2748828125 0.3966666666666666 0.28308593750000005 0.39822916666666663
0 0.21484375 0.4127604166666667 0.2138671875 0.40364583333333337 0.20484375 0.40536458333333336 0.2058203125 0.4144791666666666
0 0.2636286979843953 0.5914827833766797 0.257702017636541 0.5689917912873863 0.20747317945383612 0.5925224181837886 0.2133998598016905 0.615013410273082
0 0.10970340154867268 0.8397861356932154 0.09863281250000004 0.8229166666666666 0.07415825497787609 0.8514703171091446 0.08522884402654873 0.8683397861356934
0 0.028320312500000045 0.8515625000000001 0.000976562500000089 0.8151041666666669 -0.008789062499999912 0.8281250000000002 0.018554687500000045 0.8645833333333336
0 0.018633868243243246 0.9537584459459459 0.0146484375 0.921875 -0.00007918074324324565 0.9251478040540541 0.00390625 0.95703125
0 0.3879250919117647 0.6784620098039216 0.38292738970588236 0.6673560049019608 0.369140625 0.6783854166666665 0.37413832720588236 0.6894914215686274
0 0.595703125 0.4322916666666668 0.568359375 0.4322916666666668 0.568359375 0.4856770833333334 0.595703125 0.4856770833333334
0 0.598097709760274 0.5041738013698631 0.5860311429794521 0.4968607305936074 0.5800781250000001 0.5143229166666667 0.592144691780822 0.5216359874429225
0 0.6962890625 0.5729166666666667 0.6625846930309736 0.5699207227138643 0.6616081305309736 0.5894519727138643 0.6953125 0.5924479166666667
0 0.9453124999999997 0.5273437500000002 0.9189453124999997 0.4895833333333336 0.9034322750796177 0.5088408970276009 0.9297994625796177 0.5466013136942676
0 1.00444703134711 0.7560111093847108 0.955603732908639 0.6803259982908639 0.9190399947560597 0.7222750932256061 0.9678832931945308 0.797960204319453
0 0.6556025256849316 0.7972638413242011 0.6379548373287671 0.7681970605022832 0.589915988869863 0.8200485159817353 0.6075636772260274 0.8491152968036533
0 0.6348460477941178 0.9193627450980393 0.6337890625000001 0.9010416666666667 0.6054113051470589 0.903952205882353 0.6064682904411764 0.9222732843137255
0 0.373046875 0.9518229166666669 0.3515625 0.9231770833333336 0.3378906250000001 0.9414062500000002 0.3593750000000001 0.9700520833333336
0 0.7758940077319588 0.8923700601374572 0.7606717139175257 0.8833494415807562 0.742590206185567 0.9375939647766326 0.7578125000000001 0.9466145833333336
0 0.8464975421348315 0.9224719101123597 0.8062192766853931 0.9173572097378279 0.8003818469101123 0.9990812265917604 0.8406601123595507 1.0041959269662921
0 0.8847656250000002 0.9986979166666667 0.8673229768786129 0.9816428829479771 0.8593750000000002 0.9960937500000001 0.8768176481213874 1.0131487837186899