0 1.0000000000000002 0.6705729166666664 0.9970703125000002 0.6484374999999999 0.9920564177852352 0.6496172399328858 0.9949861052852352 0.6717526565995524
0 0.2726462705291971 0.011690237226277371 0.2685546875 0 0.2517677919708029 0.010445179440389297 0.255859375 0.022135416666666668
0 0.5917567422945206 0.7498573059360732 0.5791015625000002 0.7421875000000001 0.5732823202054795 0.7592572773972606 0.5859375000000001 0.7669270833333336
0 0.24448870668316833 0.6216609942244226 0.2324798886138614 0.6020910684818482 0.22109955136138612 0.614505981848185 0.23310836943069307 0.6340759075907593
0 0.2711397058823529 0.7807138480392157 0.2490234375 0.7630208333333334 0.24350873161764705 0.7752757352941176 0.26562499999999994 0.79296875
0 0.736328125 0.05078125000000009 0.7193359375 0.04322916666666681 0.7148437500000001 0.06119791666666678 0.7318359375 0.06875000000000006
0 0.746295797413793 0.013694324712643683 0.7456559806034482 -0.0008081896551724125 0.71875 0.0013020833333333406 0.7193898168103449 0.015804597701149437
0 0.6499191810344828 0.4229076867816094 0.6374259159482757 0.41576867816091956 0.6273235452586206 0.447198275862069 0.6398168103448276 0.45433728448275873
0 0.4347129564606741 0.2759977762172285 0.430466555477528 0.2514630149812734 0.4114949087078651 0.2573004447565543 0.4157413096910112 0.28183520599250933
0 0.6193639126149802 0.5365661273543584 0.5781750472240473 0.5351579610162068 0.5777425878777923 0.557645847021463 0.6189314532687253 0.5590540133596146
0 0.6253210616438356 0.2371396974885846 0.5925968535958905 0.23552368721461198 0.5917406892123288 0.2663456050228311 0.624464897260274 0.26796161529680373
0 0.11587591240875912 0.14152790450121655 0.10405023950729926 0.10774026763990267 0.06758953010948905 0.1304269312652068 0.07941520301094891 0.1642145681265207
0 0.6416015625 0.71875 0.630859375 0.67578125 0.595703125 0.69140625 0.6064453125 0.734375
0 0.9927434874592171 0.8084981647634584 0.9919134889885808 0.7697649028004351 0.9467494647226754 0.7714854370581838 0.9475794631933118 0.8102186990212072
0 0.9057498918685123 0.8157033953287197 0.8947272383217996 0.7674136750288351 0.8603752162629761 0.7813536260092273 0.8713978698096888 0.8296433463091117
0 0.2421875 0.3294270833333333 0.14257812500000003 0.30859375 0.14005408653846158 0.33004807692307686 0.23966346153846158 0.35088141025641023
0 0.8703173247369627 0.18830531412015858 0.8344212817360477 0.1342682601402867 0.8095917557753889 0.16359074794144554 0.8454877987763038 0.21762780192131745
0 0.791015625 0.4270833333333334 0.75 0.4270833333333334 0.75 0.4804687500000001 0.791015625 0.4804687500000001
0 0.03465477195945948 0.16156390765765768 0.0048828125000000165 0.15494791666666669 -0.004117398648648634 0.22694960585585588 0.025654560810810828 0.23356559684684688
0 0.19335937500000003 0.2513020833333333 0.18554687500000006 0.19921875 0.1397235576923077 0.21143830128205124 0.14753605769230768 0.26352163461538464
0 0.6188879730504587 0.04226873088685015 0.6179060349770642 -0.0009365443425076429 0.5604895355504588 0.0013833142201834772 0.5614714736238533 0.04458858944954127
0 0.5461866034836065 0.12858606557377059 0.505859375 0.12369791666666675 0.5006883965163935 0.19953893442622964 0.541015625 0.20442708333333345
0 0.5997796014908258 0.38118788226299694 0.5980164134174313 0.30360760703363915 0.5475774082568807 0.3056455466360857 0.5493405963302752 0.38322582186544346
0 0.39714421452702703 0.406320382882883 0.3195470861486486 0.33241835585585594 0.29460515202702703 0.37897663288288297 0.37220228040540543 0.45287865990991005
0 0.8527674278846155 0.07004006410256404 0.8142518028846155 0.012644230769230802 0.7741736778846153 0.06045673076923096 0.8126893028846155 0.1178525641025642
0 0.572265625 0.9283854166666666 0.5482046748196574 0.8919294315449354 0.4866741926848512 0.9641251972497746 0.5107351428651938 1.0005811823715058
0 0.810546875 0.95703125 0.7620726719798658 0.8893928271812083 0.7076231366159009 0.9587655685338153 0.7560973396360351 1.026403991352607
0 0.337890625 0.26171875000000006 0.22737947933437316 0.2267805183806266 0.2185786249748441 0.2762693805762394 0.32908977064047096 0.3112076121956129