0 0.71640625 0.56015625 0.6953124999999999 0.55078125 0.6908203124999999 0.56875 0.7119140625 0.578125
0 0.7905048076923074 0.204186698717949 0.7744140624999998 0.18750000000000036 0.764738581730769 0.20408653846153885 0.7808293269230766 0.22077323717948752
0 0.806640625 0.6028645833333335 0.7882361778846154 0.5979567307692307 0.7849308894230769 0.6199919871794873 0.8033353365384617 0.6248998397435899
0 0.41209336577868855 0.4867443647540985 0.4019115010245901 0.4754311816939891 0.3850217725409836 0.5024547472677596 0.395203637295082 0.5137679303278689
0 0.21972656249999994 3.515706244646329e-17 0.19539050019968046 -0.001297923322683675 0.19480393869808305 0.01825412673056446 0.21914000099840253 0.019552050053248168
0 0.4620793269230769 0.13926282051282063 0.4456730769230769 0.12676282051282056 0.4341947115384615 0.1535456730769231 0.4506009615384616 0.16604567307692317
0 0.4384765625000001 0.2864583333333333 0.4306640625 0.2552083333333333 0.411328125 0.2638020833333333 0.419140625 0.2950520833333334
0 0.6249999999999999 0.9388020833333336 0.6194843749999999 0.8983541666666669 0.6010937500000001 0.9028125000000001 0.606609375 0.9432604166666668
0 0.40277343749999994 0.9167708333333334 0.3994140624999999 0.8854166666666667 0.37535156249999996 0.8900000000000001 0.3787109374999999 0.9213541666666668
0 0.6064453125 0.7552083333333335 0.5908203125 0.7343750000000001 0.5625 0.7721354166666669 0.578125 0.7929687500000002
0 0.5300358952702704 0.5384642454954957 0.4919763513513514 0.502217060810811 0.48353040540540543 0.5179828265765767 0.5215899493243243 0.5542300112612615
0 0.7815895432692309 0.7744030448717949 0.7638491586538462 0.7730889423076924 0.7615564903846154 0.8281129807692309 0.7792968750000001 0.8294270833333335
0 0.06481156963703102 0.28665800027188687 0.025446383054649295 0.2851583741163676 0.02480436888254489 0.3151190354812398 0.06416955546492661 0.3166186616367591
0 0.2834903492647059 0.3049172794117647 0.25750760039592757 0.2925445418552036 0.24659307833710406 0.3332920908748115 0.27257582720588236 0.3456648284313726
0 0.7228515625 0.0919270833333334 0.6634765625 0.05234375000000006 0.6548828125 0.07526041666666673 0.7142578125 0.11484375000000006
0 0.9990234375 0.03645833333333349 0.9615833416533544 0.03446152822151239 0.9606067791533544 0.06701361155484571 0.998046875 0.06901041666666681
0 0.25390625 0.48828125 0.22886344178082202 0.4757598458904109 0.21549925085616445 0.5232769691780822 0.24054205907534248 0.5357983732876712
0 0.0390625 0.9960937500000001 0.038186031948094626 0.9505174113009199 2.7755575615628915e-18 0.9518229166666667 0.0008764680519053825 0.997399255365747
0 0.7002480996621623 0.34462978603603617 0.6717430320945947 0.33829532657657674 0.6649862753378379 0.39234938063063074 0.6934913429054055 0.3986838400900902
0 0.8371134299307957 0.12598669982698976 0.8124324178200691 0.06428416955017309 0.7870891003460205 0.08230608419838532 0.8117701124567474 0.144008614475202
0 0.7369615709459459 0.3761613175675677 0.7078758445945946 0.37003800675675685 0.7012246621621622 0.4262035472972974 0.7303103885135135 0.4323268581081083
0 0.9379053655660379 0.8926395440251575 0.9074660966981133 0.8810436320754719 0.8936836674528303 0.945361635220126 0.9241229363207548 0.9569575471698115
0 0.38822115384615385 0.1298076923076924 0.34607872596153844 0.09234775641025647 0.3254957932692307 0.13351362179487183 0.36763822115384615 0.17097355769230774
0 0.4121093750000001 0.3502604166666668 0.3651819893414732 0.32762876968241267 0.34975011259007205 0.38451490358953844 0.39667749824859894 0.4071465505737925
0 0.5275081367697926 0.7090949670125546 0.5075820582724828 0.6835487125288242 0.4509286726556496 0.7621080739174996 0.4708547511529593 0.78765432840123
0 0.7757050304878048 0.48528328252032527 0.7558974847560973 0.4280614837398374 0.7057355182926827 0.45893038617886184 0.7255430640243901 0.5161521849593497
0 0.2155515160891089 0.5496777021452145 0.18230584777227724 0.43331786303630365 0.1555847772277228 0.4468904702970298 0.18883044554455447 0.5632503094059406
0 0.8171845256979695 0.2784409369712353 0.7608314165609137 0.2730739741962776 0.7568111516497462 0.34811891920473786 0.813164260786802 0.35348588197969555
0 0.648966115014793 0.5703790680473374 0.6381582840236686 0.5146169255424063 0.5046089127218935 0.5606339373767261 0.5154167437130177 0.616396079881657
0 0.25525790099272755 0.6833854233706612 0.21721884955431844 0.6265559971253273 0.09159713786362467 0.7760413314669414 0.12963618930203377 0.8328707577122754