0 0.0091796875 0.0640625 0.00625 0.05234375 0.0009765625 0.0546875 0.00390625 0.06640624999999999
0 0.8671875000000002 0.7955729166666666 0.8603515625000002 0.7838541666666665 0.8564302884615387 0.787920673076923 0.8632662259615387 0.7996394230769232
0 0.72265625 0.9960937499999999 0.7218940548780488 0.9869474085365852 0.7128906249999999 0.9882812499999999 0.7136528201219512 0.9974275914634145
0 0.4570886948529411 0.057598039215686354 0.4481847426470587 0.050474877450980435 0.4433593749999999 0.0611979166666667 0.45226332720588236 0.06832107843137261
0 0.5859375 0.5924479166666667 0.5732421875 0.5755208333333335 0.5673828125 0.5833333333333336 0.580078125 0.6002604166666669
0 0.57421875 0.93359375 0.5719784007352942 0.9216452205882355 0.5526769301470589 0.9280790441176472 0.5549172794117647 0.9400275735294117
0 0.775390625 0.1914062500000001 0.7619290865384615 0.18114983974358984 0.7519531249999999 0.20442708333333345 0.7654146634615385 0.21468349358974373
0 0.5974806882022472 0.5610516151685393 0.5947155898876405 0.5450754915730337 0.5651882900280899 0.5541608146067415 0.5679533883426966 0.5701369382022471
0 0.6767578125 0.35156250000000006 0.6639873798076923 0.3481570512820513 0.6591045673076923 0.3807091346153847 0.671875 0.3841145833333334
0 0.6527944711538463 0.15014022435897437 0.6474609375000002 0.1145833333333333 0.6324368990384615 0.11858974358974356 0.6377704326923077 0.1541466346153846
0 0.6406250000000001 0.8919270833333334 0.6383731617647059 0.8528952205882354 0.6259765625000001 0.8541666666666667 0.6282284007352942 0.8931985294117647
0 0.4244005926724138 0.19005926724137934 0.4189453125 0.17187499999999997 0.39318426724137934 0.185614224137931 0.39863954741379315 0.20379849137931036
0 0.7011718750000001 0.1705729166666667 0.7001953125000001 0.14322916666666666 0.6775532027714932 0.1446667609351433 0.6785297652714932 0.17201051093514333
0 0.16035156250000004 0.7742187500000001 0.14628906250000004 0.7648437500000002 0.12890625000000006 0.8111979166666667 0.14296875000000003 0.8205729166666668
0 0.09187500000000008 0.80265625 0.06152343750000007 0.7968749999999999 0.05824218750000006 0.8275 0.08859375000000008 0.8332812500000001
0 0.7414028630780346 0.09150710500963401 0.7221820809248555 0.07271345134874767 0.7038023843930635 0.10613108140655113 0.7230231665462428 0.12492473506743747
0 0.4466796874999999 0.2901041666666667 0.42499999999999993 0.28046875 0.41328124999999993 0.32734375 0.4349609374999999 0.33697916666666666
0 0.6279590262875535 0.5486017972103004 0.6204776354613732 0.506706008583691 0.5930165303111588 0.5154238197424893 0.600497921137339 0.5573196083690987
0 0.39037494593425603 0.1402735726643599 0.3734456098615917 0.12823493367935412 0.35376567906574397 0.17743476066897348 0.3706950151384083 0.18947339965397927
0 0.9035500919117648 0.601639093137255 0.8736787683823529 0.5916819852941179 0.8667279411764707 0.6287530637254903 0.8965992647058825 0.6387101715686275
0 0.32343749999999993 0.08776041666666672 0.294140625 0.07473958333333337 0.2787109375 0.13645833333333338 0.3080078125 0.1494791666666667
0 0.5504954268292683 0.5516069613821138 0.49368807164634154 0.5431910569105692 0.4897580030487806 0.5903518800813009 0.5465653582317074 0.5987677845528456
0 0.33203125 0.2864583333333333 0.2841796875 0.2864583333333333 0.2841796875 0.3580729166666667 0.33203125 0.3580729166666667
0 0.5429420436417501 0.28863875911577025 0.5323645453509571 0.23981953623518695 0.46582565377165 0.2654493315101793 0.476403152062443 0.3142685543907626