0 0.258984375 0.8419270833333333 0.2529296875 0.8177083333333334 0.2318359375 0.8270833333333333 0.237890625 0.8513020833333333
0 0.9001034007352938 0.6794577205882351 0.8887293198529409 0.6617647058823529 0.865728400735294 0.6880514705882352 0.8771024816176469 0.7057444852941174
0 0.2855583639705882 0.38495710784313725 0.2635225183823529 0.33878676470588237 0.2501263786764706 0.3501531862745098 0.2721622242647058 0.3963235294117647
0 0.75390625 0.9986979166666667 0.7532954629904876 0.9653082268133174 0.712685094010107 0.9666288892191834 0.7132958810196196 1.0000185790725327
0 0.421875 0.11979166666666673 0.3984375 0.11979166666666673 0.3984375 0.16015625000000006 0.421875 0.16015625000000006
0 0.3474609375 0.9914062500000002 0.2896484375000001 0.9528645833333335 0.2822265625000001 0.97265625 0.34003906250000004 1.0111979166666667
0 0.2955782530737705 0.6723872950819673 0.2918961321721312 0.6183828551912568 0.2573802510245902 0.6225665983606556 0.26106237192622955 0.6765710382513662
0 0.678884978341584 0.3544502887788779 0.6708984374999998 0.30729166666666674 0.6191038830445543 0.32288572607260735 0.6270904238861386 0.3700443481848185
0 0.8052584134615385 0.9248998397435899 0.7766526442307693 0.9201322115384617 0.7707782451923076 0.9827924679487181 0.799384014423077 0.9875600961538463
0 0.4813652663934427 0.3683615095628415 0.46079341700819665 0.33544655054644795 0.428038550204918 0.37184084699453546 0.4486103995901639 0.404755806010929
0 0.9127055188539192 0.9931029790182107 0.9103487789489311 0.9019757026920031 0.8573406880938241 0.9044128562945367 0.8596974279988123 0.9955401326207443
0 0.23761538461538464 0.24391506410256417 0.19661298076923078 0.22027403846153853 0.16128605769230772 0.32919871794871797 0.20228846153846156 0.3528397435897436
0 0.15289112261146504 0.6128831608280255 0.1129204816878981 0.5972083996815287 0.07494650676751594 0.7693570859872612 0.11491714769108288 0.7850318471337581
0 0.534933864480198 0.8271838902640265 0.4575823793316832 0.8168703589108912 0.4492187500000001 0.9283854166666667 0.5265702351485149 0.9386989480198021
0 0.9963521634615387 0.42478766025641046 0.9384765625 0.33854166666666685 0.8651141826923077 0.4260616987179489 0.9229897836538463 0.5123076923076925