0 0.7853643698770493 0.7091871584699454 0.7753265881147542 0.7079704576502732 0.773165343237705 0.7396687158469947 0.7832031250000001 0.7408854166666667
0 0.470703125 0.546875 0.453125 0.546875 0.453125 0.5716145833333334 0.470703125 0.5716145833333334
0 0.8449352361164489 0.014189805918524217 0.8447265625 3.7007434154171884e-18 0.7949218750000001 0.0013020833333333333 0.7951305486164489 0.015491889251857545
0 0.4246694711538462 0.6946514423076924 0.4189453125 0.6666666666666667 0.3966346153846153 0.6747796474358976 0.4023587740384615 0.7027644230769231
0 1 0.94140625 0.9990234375 0.8802083333333334 0.9860223416289593 0.8805771587481146 0.9869989041289593 0.9417750754147813
0 0.043945312500000056 0.5833333333333333 0.008168594613259725 0.5808226864640883 0.007192032113259725 0.6055622697974216 0.042968750000000056 0.6080729166666665
0 0.25648031069364163 0.316233140655106 0.22991555274566475 0.31078395953757226 0.22538836705202314 0.35001956888246627 0.251953125 0.35546875
0 0.9582453547297298 0.5839315878378379 0.9546294341216217 0.5550042229729731 0.9052206503378379 0.5659839527027029 0.9088365709459459 0.5949113175675677
0 0.03558188708260106 0.06707903119507909 0.0009765625000000041 0.05729166666666666 -0.005258677504393666 0.09648460383714116 0.02934664707820739 0.10627196836555358
0 0.6745519301470588 0.8029105392156862 0.6695197610294119 0.7156862745098038 0.6496553308823529 0.7177236519607842 0.6546875 0.8049479166666667
0 0.66796875 0.828125 0.638671875 0.828125 0.638671875 0.8841145833333334 0.66796875 0.8841145833333334
0 0.748046875 0.5768229166666666 0.7436100072254336 0.5383700626204241 0.7016347543352601 0.5469803709055878 0.7060716221098265 0.5854332249518304
0 0.2863752693965518 0.869818606321839 0.2553407866379311 0.86637033045977 0.25162984913793107 0.92574533045977 0.28266433189655177 0.929193606321839
0 0.10637019230769233 0.5356570512820513 0.07418870192307696 0.5111378205128205 0.04858774038461542 0.5708733974358976 0.08076923076923079 0.5953926282051284
0 0.9032731681034483 0.2502334770114945 0.8765422952586205 0.21855244252873576 0.8361328124999998 0.27916666666666673 0.8628636853448276 0.31084770114942545
0 0.38671875 0.7539062499999999 0.3470607850609756 0.7116044207317073 0.3158107850609756 0.7636877540650405 0.35546874999999994 0.8059895833333333
0 1 0.7213541666666669 0.966796875 0.7213541666666669 0.966796875 0.8059895833333336 1 0.8059895833333336
0 0.1496684867394696 0.8943728061622466 0.13447616029641185 0.7677700858034322 0.10598673946957878 0.7738478289131566 0.12117906591263652 0.900450549271971
0 0.9890490461698338 0.25546813143309594 0.9220489719418052 0.2523876682501981 0.9202860562648457 0.3205537410926368 0.9872861304928742 0.32363420427553463
0 0.6305912671589018 0.7534924431503051 0.5798408901830283 0.7091587805047145 0.5490913581530783 0.771736775513034 0.5998417351289518 0.8160704381586247
0 0.5029310206911262 0.05548385949943121 0.47951951791808867 -0.011018380261660946 0.3725802581058021 0.055909591865756496 0.3959917608788396 0.12241183162684864