0 0.783203125 0.0013020833333334666 0.7724609375 1.3322676295501878e-16 0.7713723104508197 0.01596653005464493 0.7821144979508197 0.017268613387978263
0 0.2476712740384615 0.4504206730769231 0.2412109375 0.43750000000000006 0.22926682692307693 0.4481169871794872 0.2357271634615384 0.46103766025641024
0 0.533203125 0.9205729166666667 0.5186718750000001 0.9060416666666667 0.5128125000000001 0.9164583333333334 0.52734375 0.9309895833333335
0 0.4438119283536587 0.7823297764227645 0.4337366615853659 0.7808371443089432 0.43133098323170743 0.8097052845528456 0.44140625000000017 0.8111979166666667
0 0.13529146634615383 0.3272235576923077 0.1279296875 0.31250000000000006 0.11395733173076925 0.32491987179487186 0.12131911057692309 0.3396434294871795
0 0.5625 0.6315104166666667 0.5435408191568047 0.6211014546351085 0.537109375 0.6419270833333335 0.5560685558431953 0.6523360453648918
0 0.09819623161764707 0.20337009803921566 0.09667968750000001 0.17708333333333334 0.0694967830882353 0.17987132352941176 0.07101332720588235 0.2061580882352941
0 0.39115084134615385 0.21133814102564105 0.35659555288461536 0.20212339743589744 0.35359074519230765 0.22215544871794876 0.38814603365384615 0.23137019230769237
0 0.931640625 0.0013020833333334805 0.87109375 0.0013020833333334753 0.87109375 0.018229166666666807 0.931640625 0.018229166666666814
0 0.5703124999999999 0.51953125 0.5570693597560975 0.49745934959349597 0.5337271341463413 0.5223577235772358 0.5469702743902438 0.5444296239837398
0 0.9469805743243244 0.5018862612612613 0.931128589527027 0.4953828828828829 0.9210145692567568 0.5392103040540541 0.9368665540540542 0.5457136824324326
0 0.44042968750000017 0.7395833333333335 0.41610406839622643 0.7381731525157232 0.41512750589622643 0.7681210691823901 0.43945312500000017 0.7695312500000002
0 0.6981959596893491 0.3741062623274162 0.6894184541420119 0.34568386341222884 0.6621093750000001 0.3606770833333333 0.6708868805473374 0.3890994822485207
0 0.7974273543552037 0.9959346719457014 0.7962475254524889 0.9628994626696833 0.763397907239819 0.9649851527149321 0.7645777361425339 0.9980203619909502
0 0.8515625000000002 0.17578125 0.8430959719036698 0.1381522362385321 0.8143366542431194 0.14965596330275227 0.8228031823394495 0.18728497706422018
0 0.5717128537735849 0.027319182389937188 0.5544295400943395 0.020735062893081815 0.5428950471698113 0.07456269654088056 0.5601783608490567 0.08114681603773594
0 0.786796875 0.4247916666666668 0.7739062499999999 0.40187500000000015 0.741875 0.4339062500000001 0.7547656249999999 0.4568229166666668
0 0.18525766987829614 0.5176613209939148 0.18216753296146043 0.4921161891480729 0.1381390244675456 0.5015846855983772 0.14122916138438132 0.527129817444219
0 0.5259294181034482 0.5473688936781609 0.5242456896551724 0.5092043821839081 0.47810479525862065 0.512823275862069 0.4797885237068965 0.5509877873563217
0 0.991966391509434 0.4533952437106919 0.9060657429245284 0.38976513364779886 0.8939047759433963 0.4189514544025158 0.9798054245283019 0.4825815644654089
0 0.7046518083756345 0.6313650063451778 0.6807830345812181 0.6037833121827413 0.6443081773477156 0.6598984771573605 0.6681769511421319 0.687480171319797
0 0.8183593749999998 0.18619791666666677 0.7738281249999999 0.1664062500000001 0.7601562499999999 0.2210937500000001 0.8046874999999998 0.24088541666666677
0 0.35318263319672133 0.6893869535519126 0.3200883709016395 0.6790044398907104 0.30532146516393455 0.7626835724043718 0.3384157274590164 0.7730660860655739