0 0.08100272851296045 0.031534220100045494 0.04078647254433834 0.02756224420190996 0.03549198499317872 0.12286302012278309 0.07570824096180083 0.1268349960209186
0 0.12109375 0.13932291666666666 0.07743566176470587 0.10439644607843138 0.057444852941176475 0.1488204656862745 0.1011029411764706 0.18374693627450978
0 0.171875 0.0013020833333333586 0.134765625 0.0013020833333333556 0.134765625 0.01822916666666669 0.171875 0.018229166666666692
0 0.19560278096330277 0.23022027905198778 0.19431981077981653 0.17376959097859326 0.15328268348623852 0.17542765672782873 0.15456565366972477 0.23187834480122324
0 0.0806051002358491 0.40157724056603783 0.06411040683962269 0.3814170597484277 0.038775058962264165 0.41826847484276736 0.05526975235849059 0.4384286556603775
0 0.016635456209327548 0.5316849692697035 0.006511828904555317 0.4881908667751265 -0.008170502304772254 0.4942663141720896 0.0019531249999999779 0.5377604166666666
0 0.0698489129568636 0.6574773781697124 0.057298445468550806 0.629268708386457 -0.008644217488312789 0.6814267468834113 0.00390625 0.7096354166666666
0 0.04687500000000004 0.6731770833333334 0.034168198529411775 0.6465533088235295 -0.008800551470588225 0.6830116421568628 0.003906250000000044 0.7096354166666666
0 0.1407991640127389 0.7812417064755839 0.08105468750000007 0.7578125000000001 0.06936081807324848 0.8108247080679406 0.12910529458598732 0.8342539145435244
0 0.04129052865281517 0.8701512231903484 0.016219315516085863 0.8571513348972296 0.0016494219168901036 0.9071052558087579 0.026720635053619414 0.9201051441018767
0 0.22460937500000006 0.85546875 0.17871093750000006 0.8359375 0.16543466259244047 0.8914028262804711 0.21133310009244047 0.9109340762804711
0 0.2539062500000001 0.7825520833333336 0.24218750000000008 0.7669270833333336 0.22363281250000008 0.7916666666666669 0.23535156250000008 0.8072916666666669
0 0.27442503511235955 0.6267995084269662 0.2705078125 0.6041666666666665 0.24996708216292135 0.6104868913857676 0.2538843047752809 0.6331197331460673
0 0.25195312500000006 0.5585937500000001 0.2034378535067874 0.5572174302413273 0.20292350113122176 0.5894501791101054 0.2514387726244344 0.5908264988687782
0 0.256640625 0.5721354166666667 0.2486328125 0.5401041666666665 0.19999999999999996 0.5617187499999999 0.2080078125 0.59375
0 0.23479729729729737 0.48254504504504514 0.1376953125 0.44270833333333337 0.11138619087837842 0.5567145270270271 0.2084881756756758 0.5965512387387387
0 0.44864832468411553 0.12662360860409153 0.3984226929151624 0.086861650120337 0.3579774932310469 0.17768595818291225 0.408203125 0.2174479166666668
0 0.48341244843974174 0.1646135969631756 0.4487101528873745 0.14340663857006225 0.42428207944763274 0.21447012494022002 0.458984375 0.2356770833333334
0 0.5512678139654162 0.07953851602188357 0.5486289199882767 0.05068660853849159 0.49596323637162953 0.0592501343298163 0.4986021303487691 0.08810204181320828
0 0.6347081801470589 0.3049938725490195 0.6173023897058825 0.26631433823529405 0.5701976102941176 0.3039981617647058 0.5876034007352942 0.3426776960784313
0 0.5892845037960954 0.3131355070498915 0.5744898996746203 0.24957350415762836 0.529521420824295 0.2681811505784527 0.54431602494577 0.33174315347071576
0 0.5454921304744527 0.34686739659367405 0.5233804744525548 0.336146593673966 0.5090670620437956 0.38862910583941607 0.5311787180656935 0.39934990875912413
0 0.4785156249999999 0.58203125 0.4365234375 0.546875 0.4195248860550814 0.5829706894879753 0.4615170735550813 0.6181269394879753
0 0.5869140624999999 0.6731770833333334 0.5732421875 0.6640625000000001 0.56640625 0.6822916666666667 0.5800781249999999 0.6914062500000001
0 0.6153515625 0.8214062500000001 0.5962890625 0.8023437500000001 0.578125 0.8346354166666667 0.5971875 0.8536979166666667
0 0.5055110469745223 0.8971520037154991 0.4881941679936306 0.8548218550955415 0.4605518511146496 0.8749253582802549 0.4778687300955413 0.9172555069002125
0 0.5277491155660379 0.8821000393081762 0.5146484375000001 0.8723958333333334 0.5076466686320755 0.8892000786163524 0.5207473466981133 0.8989042845911951
0 0.8444967830882353 0.8632046568627452 0.8219209558823529 0.813036151960784 0.7880284926470589 0.8401501225490194 0.8106043198529413 0.8903186274509806
0 0.7111518673780488 0.6393546747967481 0.6903582317073172 0.636274136178862 0.6859756097560977 0.6888655995934961 0.7067692454268293 0.6919461382113823
0 0.8623046875 0.5729166666666667 0.8505859375 0.5572916666666667 0.8134765625 0.6067708333333336 0.8251953125 0.6223958333333336
0 0.9624585176991151 0.8497879793510325 0.9441285259955752 0.8218565634218289 0.9146069551991151 0.8562983960176992 0.9329369469026549 0.8842298119469026
0 0.98046875 0.5494791666666669 0.9375 0.5494791666666669 0.9375 0.5872395833333336 0.98046875 0.5872395833333336
0 0.9758593750000001 0.3802604166666669 0.9474218749999999 0.37484375000000014 0.9419921874999998 0.42552083333333346 0.9704296875 0.43093750000000014
0 0.8633485991379312 0.33571300287356326 0.8566810344827587 0.3149694683908046 0.8359375 0.3268229166666667 0.8426050646551724 0.34756645114942536