0 0.80859375 0.35546875000000006 0.7923828125 0.3122395833333333 0.7830078125000001 0.3184895833333332 0.7992187500000001 0.36171875
0 0.23438466893564355 0.043097669141914194 0.23167736695544555 0.007000309405940593 0.21311301051980197 0.009475556930693067 0.2158203125 0.045572916666666664
0 0.7816136853448274 0.3105872844827587 0.7560546874999998 0.27031250000000007 0.737055495689655 0.291747485632184 0.7626144935344826 0.33202227011494256
0 0.4661775914634146 0.14751651422764228 0.46231897865853655 0.10121316056910572 0.40872713414634143 0.1091526930894309 0.4125857469512194 0.15545604674796748
0 0.955078125 0.4869791666666668 0.9140625 0.4869791666666668 0.9140625 0.5247395833333335 0.955078125 0.5247395833333335
0 0.6456872888513513 0.2441441441441442 0.6151974239864865 0.23772522522522532 0.6081820101351351 0.29696649774774786 0.6386718749999999 0.30338541666666674
0 0.5506794440509916 0.7898717835221909 0.5029296875 0.7291666666666667 0.4807437367209631 0.7601909230406044 0.5284934932719547 0.8208960398961286
0 0.5957031250000001 0.46223958333333354 0.5561766670539033 0.443955235439901 0.53515625 0.5247395833333335 0.5746827079460968 0.543023931226766
0 0.7578141468170321 0.0792580101180438 0.741411849177909 0.03406056773468234 0.6814265387858347 0.07276076798763349 0.6978288364249579 0.11795821037099495
0 0.2513671875 0.33177083333333335 0.1599609375 0.2911458333333333 0.151171875 0.3263020833333333 0.242578125 0.36692708333333335
0 0.5703011257279533 0.5461665453410981 0.5050193037645592 0.5280327059068219 0.4965210976497505 0.5824212250415974 0.5618029196131447 0.6005550644758736
0 0.8399204494744149 0.998146300244612 0.8395357899890916 0.9617318689673411 0.7340329513337961 0.9637131429326987 0.7344176108191194 1.0001275742099698
0 0.6855295907079646 0.6891477691740414 0.6317322317477877 0.6843657817109146 0.6271432522123894 0.7761453724188792 0.6809406111725663 0.7809273598820059
0 0.826171875 0.6380208333333335 0.796484375 0.5588541666666667 0.7304687500000001 0.6028645833333334 0.7601562500000002 0.68203125
0 0.9453125 0.8059895833333338 0.8745918247957792 0.7336242412638986 0.8221167141763102 0.8247931203199459 0.8928373893805309 0.8971584623893811
0 0.28125 0.08593750000000004 0.1484375 0.08593750000000003 0.1484375 0.17578125000000003 0.28125 0.17578125000000006