0 0.0849609375 0.0625 0.025390624999999993 -0.01692708333333333 0.004882812499999996 0.010416666666666673 0.064453125 0.08984375
0 0.322092782079646 0.016074391592920352 0.32128906249999994 0 0.29678857853982293 0.00217782079646018 0.29759229811946897 0.01825221238938053
0 0.37062214176829267 0.021163617886178827 0.35746951219512196 -0.005938770325203239 0.32944931402439026 0.01823551829268295 0.34260194359756097 0.045337906504065016
0 0.234375 0.2200520833333334 0.17285156250000003 0.2161458333333334 0.17088959983031676 0.2710807880844646 0.23241303733031674 0.2749870380844646
0 0.298828125 0.25260416666666674 0.26171875 0.25260416666666674 0.26171875 0.3294270833333333 0.298828125 0.3294270833333333
0 0.5549074765358363 0.18110068259385675 0.4909942939419795 0.17107508532423216 0.48622813566552897 0.22509154579067128 0.5501413182593857 0.23511714306029588
0 0.6617037259615384 0.09677483974358986 0.6374248798076922 0.0927283653846155 0.6356219951923077 0.11195913461538473 0.6599008413461538 0.11600560897435909
0 0.9117072610294118 0.009957107843137318 0.9067095588235293 -0.0011488970588235503 0.890625 0.011718749999999941 0.8956227022058825 0.022824754901960807
0 1.017578125 0.2148437500000001 0.9619140625 0.1406250000000001 0.9326171875 0.1796875000000001 0.98828125 0.2539062500000001
0 0.8889098191624365 0.40571462563451793 0.8621014435279187 0.3644709708121828 0.849609375 0.3789062500000001 0.8764177506345178 0.4201499048223352
0 0.8339843749999998 0.48828125000000017 0.8312238240979379 0.4502469931271478 0.7889658505154638 0.4556996348797251 0.7917264014175256 0.4937338917525775
0 0.7602303340517242 0.4079292385057472 0.7427734375 0.40598958333333346 0.7399919181034482 0.450493893678161 0.7574488146551724 0.45243354885057485
0 0.9001034007352942 0.4663756127450982 0.859662224264706 0.45289522058823545 0.8523667279411764 0.49180453431372567 0.8928079044117647 0.5052849264705884
0 0.9709779549718572 0.5905522005941214 0.9555599935506564 0.5508081222639148 0.9292587652439022 0.568946900406504 0.9446767266651029 0.6086909787367105
0 0.9479059025798175 0.6276011972633978 0.9248046875 0.5807291666666666 0.8750746062571265 0.6243021902318511 0.8981758213369441 0.6711742208285822
0 0.8111695544554456 0.5931982260726073 0.7748646349009901 0.5747576320132014 0.7496016398514851 0.6631781146864687 0.7859065594059407 0.6816187087458746
0 0.7978515624999999 0.765625 0.7694804314830876 0.7425590398236485 0.7427795357220295 0.8009449985544956 0.7711506667389417 0.8240109587308472
0 0.8361081261617098 0.7282905436802974 0.8268144458643121 0.7121814978314746 0.7950525673791822 0.7447577834572491 0.8043462476765798 0.760866829306072
0 0.854188012295082 0.9564762636612021 0.8504898821721312 0.9022370218579234 0.8253073770491802 0.9052894467213115 0.8290055071721311 0.9595286885245902
0 0.4978515625 0.9213541666666668 0.4755859375000001 0.9010416666666667 0.4628906250000001 0.9257812500000001 0.48515625 0.9460937500000001
0 0.435652154972119 0.9181768897149939 0.4306640625 0.8671875000000001 0.384489718866171 0.8752178206319703 0.38947781133828996 0.9262072103469641
0 0.490234375 0.9778645833333334 0.4640530747319035 0.9625048871760501 0.4539732741286864 0.9930497374888293 0.4801545743967829 1.0084094336461125
0 0.12330863402061862 0.8777384020618558 0.11581829896907217 0.8552673969072165 0.029649242912371143 0.9063305412371135 0.037139577963917605 0.9288015463917527
0 0.060546875 0.81640625 0.05773628048780488 0.7826791158536586 0.03694264481707317 0.7857596544715447 0.03975323932926829 0.8194867886178863
0 0.23925781250000008 0.8151041666666669 0.23242187500000008 0.8059895833333336 0.21679687500000006 0.8268229166666669 0.22363281250000006 0.8359375000000002
0 0.17479319852941183 0.5645220588235295 0.11440716911764706 0.5466299019607843 0.10811121323529412 0.5844056372549019 0.16849724264705887 0.6022977941176471
0 0.3262662236257634 0.4288943931612067 0.26263458235008325 0.4130763580418286 0.2560914509300388 0.4598696615306312 0.319723092205719 0.47568769665000926
0 0.37933498475609756 0.4074885670731707 0.3762623856707317 0.3706173780487804 0.32417111280487804 0.3783346036585365 0.3272437118902439 0.4152057926829268