0 0.06452152237354085 0.24984293936446178 0.04052544382295721 0.2135821984435798 0.019660445038910512 0.2381292558365759 0.04365652358949416 0.2743899967574579
0 0.17968749999999997 0.22005208333333334 0.16475323932926828 0.18927845528455287 0.1552782012195122 0.19745299796747967 0.1702124618902439 0.22822662601626015
0 0.2607979634367778 0.45181474909210956 0.2333984375 0.37239583333333326 0.11628509047953117 0.4442253528392209 0.14368461641630897 0.5236442685979971
0 0.2734375 0.3606770833333333 0.2138671875 0.3307291666666667 0.20401608455882353 0.3655649509803922 0.26358639705882353 0.3955128676470589
0 0.4462890625000001 0.3125000000000001 0.4267578125 0.2864583333333334 0.3984375 0.3242187500000001 0.41796875 0.3502604166666668
0 0.51171875 0.12109375 0.49854436910377353 0.08947523584905663 0.47201135023584906 0.10912932389937108 0.48518573113207547 0.14074783805031446
0 0.5285560344827587 0.21601113505747127 0.5239089439655172 0.20155352011494257 0.5097656250000001 0.20963541666666666 0.5144127155172414 0.2240930316091954
0 0.6364483173076924 0.3395633012820513 0.6129206730769231 0.3151642628205129 0.5945162259615385 0.3467147435897436 0.6180438701923078 0.3711137820512821
0 0.796875 0.1979166666666668 0.71484375 0.1979166666666668 0.71484375 0.2799479166666668 0.796875 0.2799479166666668
0 0.746484375 0.06484375000000009 0.708984375 0.04817708333333342 0.70078125 0.08098958333333342 0.73828125 0.09765625000000008
0 0.841796875 0.03125000000000014 0.828125 0.03125000000000013 0.828125 0.05989583333333347 0.841796875 0.05989583333333347
0 0.9801240808823529 0.02290134803921582 0.9716796874999998 0.005208333333333333 0.9600528492647058 0.015073529411764734 0.9684972426470587 0.03276654411764722
0 0.9192252189490446 0.3372727574309981 0.8945872312898089 0.32761080148619975 0.8796588873407643 0.3952859607218685 0.904296875 0.40494791666666685
0 0.948040140086207 0.6868265086206898 0.9403623383620688 0.6612338362068966 0.9149380387931034 0.6747934626436781 0.9226158405172414 0.7003861350574714
0 0.873046875 0.8320312500000002 0.8505859374999998 0.8255208333333335 0.8470075586642597 0.8474682235258726 0.8694684961642599 0.8539786401925392
0 0.3300781250000001 0.6341145833333334 0.2752565418753683 0.5740138847967001 0.2540069562094874 0.6084726723629935 0.3088285393341191 0.668573370899627
0 0.39783508231185855 0.6824846778791334 0.3678444804732041 0.6216341813949069 0.34765625000000006 0.6393229166666666 0.3776468518386545 0.7001734131508931