0 0.9695713962011346 0.2441184583858765 0.9291173254255988 0.177234394703657 0.8939192051544765 0.21508183585540153 0.9343732759300124 0.281965899537621
0 1 0.15234375 0.9990234375 0.12760416666666666 0.9782134841160222 0.12906451427255985 0.9791900466160222 0.1538040976058932
0 1.0000000000000002 0.6914062500000001 0.9708348511656952 0.6906126405079102 0.9698582886656952 0.7544147238412435 0.9990234375000002 0.7552083333333335
0 0.9619140625000002 0.7005208333333334 0.9605544285220995 0.6660767725598526 0.9419997410220995 0.667378855893186 0.9433593750000002 0.7018229166666666
0 0.6398813790137614 0.039229740061162074 0.6072695670871558 0.01581613149847095 0.5812428325688073 0.08026328363914373 0.6138546444954127 0.10367689220183486
0 0.6631869612068966 0.05307112068965516 0.644598599137931 -0.008890086206896559 0.6227101293103449 0.002783764367816133 0.6412984913793103 0.06474497126436786
0 0.568359375 8.873905517259141e-17 0.5185546875 8.467284509729747e-17 0.5185546875 0.02604166666666675 0.568359375 0.026041666666666758
0 0.4385066105769231 0.04004407051282058 0.4013671875 0.03385416666666673 0.398662860576923 0.06270032051282058 0.43580228365384616 0.06889022435897443
0 0.4375 0.0013020833333334037 0.4072265625000001 7.031412489292658e-17 0.4066641761954263 0.023245300589050662 0.4369376136954262 0.024547383922383995
0 0.38496460288203743 0.04451868297587135 0.33887504189008044 0.02062039209115287 0.30814081350536193 0.12599488941018772 0.3542303744973189 0.1498931802949062
0 0.45148737980769216 0.09190705128205148 0.39915865384615373 0.03764022435897454 0.3655048076923076 0.09533253205128224 0.41783353365384607 0.1495993589743592
0 0.22456971763959385 0.08016735406091374 0.2113588594543147 0.0598429568527919 0.1883080187182741 0.08647948392554992 0.20151887690355327 0.10680388113367177
0 0.2744485004722922 0.04976778967254406 0.2520638184823677 -0.007628830814441656 0.20575704502518893 0.024477198782535684 0.22814172701511332 0.0818738192695214
0 0.15625000000000003 0.0013020833333333593 0.10058593750000003 1.61907524424502e-17 0.1002878605769231 0.02265384615384617 0.1559519230769231 0.023955929487179513
0 0.060546875 0.003906250000000005 0.0009765625 1.517883041479706e-19 -0.001558834617962464 0.06873743297587133 0.05801147788203753 0.07264368297587133
0 0.11328125 0.26953125000000006 0.11102008179530201 0.25244686800894856 0.09441851929530203 0.25635311800894856 0.09667968750000001 0.27343750000000006
0 0.111328125 0.34765625 0.09237680288461539 0.31941506410256415 0.07759014423076924 0.33705528846153854 0.09654146634615385 0.3652964743589744
0 0.059533337973273946 0.35746972438752794 0.04975031319599109 0.3303782711581293 0.021915019487750563 0.348247842427617 0.03169804426503342 0.3753392956570157
0 0.05492726293103452 0.47336745689655174 0.01047144396551728 0.4589493534482759 -0.002463631465517202 0.5298527298850575 0.041992187500000035 0.5442708333333334
0 0.028663287533512105 0.43030537868632707 0.0009765625000000445 0.4140625 -0.009132037533512017 0.44469462131367293 0.018554687500000045 0.4609375
0 0.05273437500000004 0.4700520833333333 0.017578125000000045 0.4700520833333333 0.017578125000000045 0.5078125 0.05273437500000004 0.5078125
0 0.03205973841984232 0.6059084811651336 0.030970248850197106 0.549255023543583 -0.0010599745400788451 0.5503500739159002 0.000029515029566359873 0.6070035315374508
0 0.05594951923076924 0.6689302884615386 0.054687500000000014 0.6627604166666667 0.04394531250000002 0.6666666666666667 0.045207331730769254 0.6728365384615386
0 0.09960937500000007 0.6223958333333334 0.035156250000000056 0.6223958333333334 0.03515625000000006 0.68359375 0.09960937500000007 0.68359375
0 0.06445312499999997 0.62890625 0.061819094036697275 0.622383887614679 0.049123781536697254 0.6314984709480123 0.05175781249999996 0.6380208333333334
0 0.09765625000000001 0.6809895833333335 0.0974650439388962 0.6710468681559353 0.05367372289750329 0.6725440073368375 0.053864928958607096 0.6824867225142357
0 0.11977407094594601 0.6391821509009008 0.10182115709459467 0.63540259009009 0.09765625000000006 0.6705729166666667 0.1156091638513514 0.6743524774774775
0 0.07119715073529412 0.8317401960784315 0.06991038602941177 0.8094362745098039 0.04631204044117647 0.8118566176470589 0.047598805147058824 0.8341605392156863
0 0.09179687500000003 0.98046875 0.09082031250000001 0.9296875 0.055587066770696456 0.9308920554095489 0.05656362927069647 0.9816733054095489
0 0.17805344987623775 0.8173602516501651 0.13144918007425752 0.8111463490099011 0.12839379641089116 0.8518847978547855 0.1749980662128714 0.8580987004950497
0 0.3152815193965517 0.8403915229885058 0.3135506465517241 0.8011584051724138 0.2871026400862069 0.8032327586206895 0.2888335129310345 0.8424658764367816
0 0.46931993920648474 0.7585146473265075 0.4615207711177475 0.7453427189988625 0.4423961444112628 0.7654739050056885 0.4501953125 0.7786458333333336
0 0.5329919763513513 0.8597621058558558 0.5236222550675677 0.8422719594594594 0.49036634290540543 0.8739442567567567 0.49973606418918914 0.8914344031531531
0 0.584735576923077 0.884314903846154 0.5683131471893492 0.8311375123274161 0.5478804548816567 0.8423554610453649 0.5643028846153847 0.8955328525641026
0 0.6859703401548674 0.8105411135693217 0.6691181554203539 0.8090431415929206 0.6675539269911505 0.8403277101769913 0.6844061117256638 0.8418256821533924
0 0.1888247737935657 0.46864178395889194 0.15681813421581775 0.4498645554066131 0.14463597520107244 0.4867801887846292 0.17664261477882037 0.5055574173369081
0 0.21125321061643842 0.2368864155251142 0.15147153253424656 0.22849600456621008 0.14359482020547945 0.3282676940639269 0.2033764982876713 0.3366581050228311
0 0.17285156250000003 0.171875 0.1612747988346282 0.11434199269330372 0.14336609496392896 0.12074835830558638 0.15494285862930077 0.17828136561228264
0 0.25795625793147214 0.2045063980541455 0.25140287912436554 0.082176660321489 0.20615383090101527 0.08648609348561759 0.21270720970812187 0.2088158312182741
0 0.23452524038461542 0.15074118589743593 0.22588641826923078 0.09314903846153848 0.1887019230769231 0.10306490384615383 0.19734074519230774 0.16065705128205127
0 0.15112591911764708 0.06928615196078435 0.1357421875 0.06770833333333336 0.13500689338235292 0.08045343137254907 0.150390625 0.08203125000000004
0 0.5638257594721242 0.17350083106376168 0.48817893153236136 0.07515995474206984 0.387503191585229 0.2128361803107978 0.46315001952499185 0.3111770566324896
0 0.4220703125 0.22604166666666667 0.40859375 0.17213541666666668 0.3880859375 0.18125 0.4015625 0.23515625
0 0.4528403810408922 0.1998712438042132 0.4072265625 0.15885416666666663 0.39078183085501855 0.19136559014869886 0.4363956493959108 0.2323826672862454
0 0.42231568704873645 0.2787445472322504 0.4061266076263538 0.2648681934416367 0.3836938740974729 0.3113953444645007 0.3998829535198556 0.32527169825511437
0 0.6427734375 0.23255208333333346 0.5908203125 0.1979166666666667 0.5712890625 0.25000000000000006 0.6232421875 0.2846354166666668
0 0.689453125 0.3020833333333334 0.63671875 0.3020833333333334 0.63671875 0.3450520833333334 0.689453125 0.3450520833333334
0 0.7341431298743502 0.36028442735413063 0.6592406168760832 0.35612317663200466 0.6568474463821491 0.4327046324378972 0.731749959380416 0.43686588316002317
0 0.46484375 0.4674479166666668 0.44390846108490567 0.4483490566037737 0.432506633254717 0.47056800314465425 0.4534419221698113 0.48966686320754726
0 0.5078125000000001 0.5429687500000001 0.46490689953810627 0.5331053935719786 0.4600804705542726 0.5704297777136259 0.5029860710161664 0.5802931341416475
0 0.37700238779673595 0.5331586918892187 0.3661906528189911 0.4816742396142433 0.306640625 0.50390625 0.3174523599777448 0.5553907022749753
0 0.29841521602348997 0.505994826621924 0.29119914010067116 0.4514733640939598 0.23036388422818796 0.4657875419463088 0.23757996015100674 0.520309004474273