0 0.011718750000000024 0.265625 2.5772596212524866e-17 0.265625 2.7147931973286054e-17 0.2955729166666667 0.011718750000000026 0.2955729166666667
0 0.2346622242647059 0.6456035539215688 0.22041590073529416 0.6408547794117647 0.2162224264705883 0.6632199754901961 0.23046875 0.66796875
0 0.09238281250000001 0.6052083333333333 0.0910730698529412 0.5825061274509805 0.07031250000000001 0.5846354166666667 0.07162224264705883 0.6073376225490196
0 0.9739851804123709 0.7670076245704467 0.9539606153350515 0.7567386168384881 0.947265625 0.7799479166666667 0.9672901900773194 0.7902169243986256
0 0.818359375 0.9960937499999999 0.818051097972973 0.9784192004504504 0.7733804898648649 0.9798043355855857 0.7736887668918919 0.9974788851351352
0 0.8476953125 0.4384375000000002 0.8269140625 0.4344791666666668 0.8228515625 0.47239583333333346 0.8436328124999999 0.47635416666666675
0 1.0000000000000002 0.7513020833333336 0.9802849264705884 0.7492800245098041 0.9781594669117648 0.786121323529412 0.9978745404411766 0.7881433823529415
0 0.521484375 0.6236979166666669 0.4970703125 0.5911458333333336 0.4833984375000001 0.6093750000000001 0.5078125000000001 0.6419270833333335
0 0.27734375 0.7695312500000001 0.26855468750000006 0.7447916666666667 0.24068067731900458 0.7623963046757165 0.24946973981900453 0.7871358880090499
0 0.14628302190721648 0.3900209407216495 0.13021504510309276 0.34181701030927836 0.11118717783505154 0.3530927835051546 0.12725515463917525 0.40129671391752575
0 0.4026171875000001 0.9570833333333334 0.3706250000000001 0.9509895833333334 0.3673828125000001 0.9812500000000003 0.39937500000000015 0.9873437500000002
0 0.2968750000000001 0.8697916666666666 0.2734375000000001 0.8697916666666666 0.2734375000000001 0.9153645833333334 0.2968750000000001 0.9153645833333334
0 0.869140625 0.1731770833333335 0.853515625 0.15234375000000006 0.82421875 0.19140625000000006 0.83984375 0.2122395833333335
0 0.498046875 0.25000000000000006 0.470703125 0.25000000000000006 0.470703125 0.2955729166666668 0.498046875 0.2955729166666668
0 0.9476718058628318 0.24057429941002967 0.9028190680309734 0.23658738938053112 0.9014536089601771 0.26389657079646034 0.9463063467920355 0.26788348082595886
0 1.0000000000000002 0.37630208333333354 0.9594950544724771 0.374665519877676 0.9587012614678899 0.40959241207951086 0.9992062069954131 0.4112289755351684
0 0.380859375 0.1861979166666667 0.3515625 0.14713541666666666 0.333984375 0.17057291666666666 0.36328125 0.2096354166666667
0 0.5988217213114755 0.222301912568306 0.5858222336065575 0.18268442622950817 0.540842725409836 0.20892247267759564 0.553842213114754 0.24853995901639347
0 0.17742293074324328 0.6532376126126126 0.11223078547297302 0.6395129504504505 0.10694151182432439 0.684177927927928 0.17213365709459466 0.69790259009009
0 0.931640625 0.001302083333333474 0.8712380566563676 -0.00001819138456013262 0.8704965828183774 0.06028834743865321 0.9308991511620098 0.06160862215654682
0 0.9390396012931035 0.5254148706896553 0.9019463900862068 0.44416307471264377 0.8587904094827585 0.4791882183908047 0.8958836206896551 0.5604400143678163
0 0.8905656229786546 0.6774404376886589 0.8803585866752911 0.6384894485769728 0.784728735446313 0.683039901358344 0.7949357717496766 0.7219908904700302
0 0.5353256851340694 0.9658583070452155 0.5279229100946372 0.8836052510515245 0.4751669706230284 0.8920462013669821 0.4825697456624606 0.974299257360673
0 0.42606439534023677 0.7079481015779094 0.35555773853550304 0.7010694033530575 0.3522432045118344 0.7614675788954636 0.42274986131656817 0.7683462771203157
0 0.8621909822240752 0.34585986456438267 0.8053537418511217 0.292650533151405 0.7641568990676166 0.3708829214675562 0.82099413944057 0.42409225288053387
0 0.5213986280487805 0.4018102134146341 0.4756431021341464 0.36233485772357715 0.397094131097561 0.5241933434959348 0.44284965701219503 0.5636686991869918
0 0.390625 0.018229166666666727 0.20703125 0.01822916666666671 0.20703125 0.08072916666666671 0.390625 0.08072916666666673
0 0.6758961213938477 0.952360435926044 0.5350012203139943 0.7576692998884285 0.4846959550326746 0.8223895242269685 0.625590856112528 1.017080660264584