0 0.7829007919520549 0.10749857305936086 0.7446944563356165 0.06625998858447495 0.6979371789383562 0.14327197488584484 0.7361435145547945 0.18451055936073074
0 0.6987841404155496 0.40457788762287766 0.6815620810991957 0.35238982908847194 0.5799131828083111 0.41202384941912423 0.597135242124665 0.46421190795352996
0 0.20703125 0.4466145833333333 0.20001097261235962 0.40783590823970045 0.16488105688202248 0.4191420880149813 0.17190133426966292 0.45792076310861424
0 0.5312500000000001 0.6080729166666667 0.5097656250000001 0.5794270833333335 0.4912109375 0.6041666666666669 0.5126953125 0.6328125000000002
0 0.38769531250000006 0.7552083333333336 0.36726754610655754 0.7527322404371587 0.36629098360655754 0.7670551571038253 0.38671875000000006 0.7695312500000001
0 0.23632812500000006 0.8007812500000001 0.22732469512195128 0.7994474085365855 0.2264195884146342 0.8103086890243902 0.23542301829268295 0.8116425304878049
0 0.623046875 0.85546875 0.6078125 0.8486979166666667 0.603515625 0.8658854166666666 0.61875 0.87265625
0 0.6606613685344827 0.8356681034482758 0.6588968211206896 0.7956716954022988 0.6266096443965516 0.7982040229885058 0.6283741918103447 0.8382004310344828
0 0.6842279870940883 0.998468073480433 0.6834490138426311 0.9475751543852344 0.6187039771544546 0.9493369240910352 0.6194829504059117 1.0002298431862338
0 0.9907151442307691 0.9532051282051283 0.9449939903846154 0.7804807692307693 0.9081129807692306 0.7978365384615385 0.9538341346153846 0.9705608974358974
0 0.9085532134433963 0.868808962264151 0.9013671875 0.8515625 0.8841207252358491 0.8643376572327045 0.8913067511792454 0.8815841194968556
0 1 0.8307291666666669 0.970703125 0.8307291666666669 0.970703125 0.9335937500000002 1 0.9335937500000002
0 0.9531250000000002 0.5898437499999998 0.9189453125000002 0.5494791666666666 0.8947930366537056 0.5858374313815188 0.9289727241537056 0.626202014714852
0 0.8870059742647058 0.5166973039215687 0.8732192095588236 0.4860600490196079 0.84765625 0.5065104166666667 0.8614430147058822 0.5371476715686275
0 0.8908756222345133 0.3995436946902655 0.8896052267699115 0.37413578539823 0.8683455475663715 0.3760255346607669 0.8696159430309732 0.4014334439528024