0 0.21328125 0.2263020833333334 0.20214843750000006 0.2213541666666667 0.19726562500000006 0.2408854166666667 0.2083984375 0.2458333333333334
0 0.533203125 0.0559895833333333 0.5307241586538461 0.029547275641025623 0.5194260817307692 0.03143028846153846 0.5219050480769231 0.057872596153846136
0 0.019531250000000045 0.66796875 0.008112980769230749 0.6451322115384616 -0.009465144230769251 0.6607572115384616 0.0019531250000000442 0.68359375
0 1.0000404094827586 0.5290319683908048 0.9860721982758621 0.5279364224137932 0.9840786637931036 0.5731232040229887 0.998046875 0.5742187500000001
0 0.9989681603773587 0.9527319182389941 0.977299528301887 0.9444772012578618 0.9714033018867927 0.9719929245283022 0.9930719339622642 0.9802476415094342
0 0.580078125 0.8515625 0.5546875 0.8515625 0.5546875 0.8763020833333334 0.580078125 0.8763020833333334
0 0.6756440033783784 0.008389639639639708 0.6618823902027027 -0.004954954954954852 0.6433435388513512 0.0290329391891893 0.657105152027027 0.04237753378378386
0 0.6603285845588236 0.6996017156862745 0.6477481617647058 0.6716452205882353 0.620749080882353 0.6932444852941176 0.6333295036764707 0.7212009803921569
0 0.3250804227941176 0.3613664215686274 0.29779411764705876 0.33953737745098045 0.2852136948529411 0.36749387254901966 0.3124999999999999 0.3893229166666667
0 0.19921875 0.14192708333333334 0.18671875 0.10859375000000003 0.15625 0.12890625000000003 0.16875 0.16223958333333333
0 0.43441956795302017 0.09608326342281878 0.42856019295302017 0.051812430089485446 0.39246015100671144 0.06030655760626398 0.39831952600671144 0.10457739093959731
0 0.13636147103658539 0.3511814024390244 0.12011718750000003 0.3177083333333333 0.08205506859756098 0.35054623983739835 0.09829935213414634 0.3840193089430894
0 0.09260110294117649 0.7235753676470588 0.06451056985294121 0.6611519607843136 0.04296875 0.6783854166666666 0.07105928308823528 0.7408088235294118
0 0.6308593750000001 0.38932291666666674 0.6254389044943821 0.31343632958801504 0.5982487710674158 0.31688904494382025 0.6036692415730338 0.39277563202247195
0 0.8049248912654908 0.6322340721321896 0.760008601942326 0.5885317365745156 0.7276340190061964 0.6476852955195426 0.7725503083293612 0.6913876310772165
0 0.4914424013057421 0.28789324984728165 0.4852740101939522 0.19413370494807575 0.3996526849801466 0.20414789503156178 0.40582107609193646 0.2979074399307677