0 0.32900326518052514 0.10543171043034293 0.30175781249999994 0.0807291666666668 0.2911139223194748 0.10159953956965732 0.31835937499999994 0.12630208333333345
0 0.4296875 0.0989583333333334 0.39453125 0.0989583333333334 0.39453125 0.13671875000000006 0.4296875 0.13671875000000006
0 0.2567644817073171 0.14929496951219515 0.2424018673780488 0.14716717479674798 0.23987709603658539 0.17746443089430902 0.2542397103658537 0.17959222560975616
0 0.525390625 0.4270833333333334 0.4921875 0.4270833333333334 0.4921875 0.4960937500000001 0.525390625 0.4960937500000001
0 0.057858455882353034 0.7275888480392158 0.026642922794117722 0.7243872549019609 0.02346047794117655 0.7795496323529412 0.05467601102941185 0.782751225490196
0 0.6998296738948426 0.8089234134293372 0.5984581693737441 0.7158118092766244 0.5226022218268587 0.8626297722705961 0.6239737263479572 0.9557413764233089
0 0.470703125 0.6236979166666666 0.46379206730769235 0.6098758012820512 0.4417067307692307 0.6295072115384616 0.44861778846153844 0.643329326923077
0 0.9674272731306202 0.842500912012936 0.9013671875 0.8411458333333335 0.9004608746450543 0.9196929474286167 0.9665209602756745 0.9210480261082192
0 0.8463457617323795 0.19357881193300788 0.822272439811584 0.17289358717143552 0.7559084416434054 0.3101984109676671 0.7799817635642009 0.33088363572923946
0 0.931030979046243 0.21216431840077069 0.8809045339595377 0.16315179431599217 0.8592959718208093 0.20244008911368017 0.9094224169075147 0.2514526131984587
0 0.8863572805597869 0.08805276561309976 0.8795592750380807 -0.004400109482102055 0.8318029143659558 0.0018425520436658942 0.8386009198876619 0.0942954271388677
0 0.6341939786585366 0.07386941056910565 0.6259765624999999 0.0651041666666666 0.6058736661585364 0.09860899390243899 0.6140910823170731 0.10737423780487804
0 0.6171875 0.3242187500000002 0.6054687499999999 0.3085937500000001 0.5937499999999999 0.32421875 0.60546875 0.3398437500000001
0 0.9379714439655172 0.9729256465517243 0.9306640625 0.9687500000000001 0.927734375 0.9778645833333335 0.9350417564655172 0.9820402298850577