0 0.994140625 0.9856770833333331 0.9912109375 0.9739583333333334 0.9841796875 0.9770833333333333 0.987109375 0.9888020833333331
0 0.5683593750000002 0.984375 0.5507812500000002 0.984375 0.5507812500000002 0.99609375 0.5683593750000002 0.99609375
0 0.9824793198529411 0.8421415441176472 0.9716796875000002 0.8385416666666669 0.9695542279411766 0.8498774509803922 0.9803538602941175 0.8534773284313727
0 0.06542968750000003 0.16145833333333337 0.056640625000000014 0.14973958333333337 0.043945312500000014 0.16666666666666669 0.05273437500000002 0.17838541666666669
0 0.140625 0.7955729166666666 0.1376953125 0.7760416666666666 0.123046875 0.7799479166666666 0.1259765625 0.7994791666666666
0 0.01395686405642027 0.36761815012970167 0.00009499635214011149 0.36646299448767833 -0.0019379255836575598 0.4098319957846952 0.011923942120622599 0.41098715142671854
0 0.9667067307692306 0.20008012820512847 0.9500901442307693 0.18741987179487202 0.939453125 0.21223958333333345 0.9560697115384615 0.2248998397435899
0 0.3560152666284403 0.4029529816513761 0.3447265625 0.375 0.3235288847477064 0.3902188455657492 0.33481758887614677 0.41817182721712526
0 0.1734184451219512 0.951073424796748 0.15721227134146343 0.9042555894308943 0.14433117378048782 0.912182418699187 0.16053734756097557 0.9590002540650406
0 0.3556362228563474 0.13998700816629556 0.3497550981347438 0.12370081662954717 0.310351127505568 0.1489971928359317 0.31623225222717155 0.1652833843726801
0 0.4032801797945206 0.5441281392694066 0.3962569563356164 0.5191566780821917 0.3672543878424657 0.5336579623287672 0.37427761130136983 0.5586294235159819
0 0.2228467987804878 0.3929115853658536 0.20736471036585366 0.37639735772357713 0.18478467987804878 0.4140307418699186 0.20026676829268295 0.43054496951219506
0 0.771484375 0.2447916666666668 0.75 0.2447916666666668 0.75 0.3046875000000001 0.771484375 0.3046875000000001
0 0.938692989864865 0.13082066441441445 0.9195840371621624 0.04801520270270269 0.8873310810810813 0.06124718468468468 0.9064400337837839 0.14405264639639642
0 0.6279150299015008 0.2720108270794247 0.604636931285178 0.21200506175734837 0.5620767618433394 0.24135690275171984 0.5853548604596621 0.3013626680737962
0 0.7839174975680934 0.8264378647859922 0.7803722337062255 0.7508055690661479 0.7238304049124513 0.7555173881322957 0.727375668774319 0.83114968385214
0 0.8173044636461316 0.6485531578319007 0.7160665517550143 0.6110576349092646 0.6971089272922635 0.7020542323304682 0.798346839183381 0.7395497552531043