0 0.5750658425400859 0.878900139323426 0.4927538833349628 0.6384969568830663 0.39440712688208834 0.6983601999413376 0.47671908608721153 0.9387633823816974
0 0.23442162632626 0.6637067583996465 0.2044538502984085 0.6376478227232539 0.16680309184350137 0.7146227066755085 0.19677086787135284 0.7406816423519011
0 0.376953125 0.29036458333333337 0.33089738175675676 0.27089386261261267 0.3235684121621622 0.30171311936936945 0.36962415540540544 0.32118384009009016
0 0.2698873470037661 0.4305528633141339 0.20019531250000008 0.40625000000000006 0.18810272554829427 0.4678984824988924 0.2577947600520603 0.4922013458130262
0 0.5983550745412844 0.44451213685015295 0.5352279243119267 0.3991900802752294 0.5037449827981652 0.47714784021406736 0.566872133027523 0.5224698967889909
0 0.337265625 0.6139062500000001 0.291875 0.6052604166666667 0.2884375 0.6373437499999999 0.33382812500000003 0.6459895833333333
0 0.4570893158783783 0.8436936936936938 0.39671135979729727 0.8309825450450451 0.38936338682432436 0.8930320945945948 0.44974134290540535 0.9057432432432434
0 0.654122596153846 0.8422235576923076 0.5979356971153845 0.8063942307692307 0.580615985576923 0.854679487179487 0.6368028846153845 0.8905088141025639
0 0.6365742880917159 0.5994206114398423 0.6184125369822484 0.5406111316568049 0.5111409023668638 0.5995053624260355 0.5293026534763314 0.658314842209073
0 0.46258294092465757 0.5735766267123289 0.4169921875 0.5507812500000001 0.4096479023972603 0.5768942636986303 0.45523865582191786 0.5996896404109591
0 0.5717470962389382 0.7382351585545723 0.5490614629424779 0.7362186578171092 0.5476268667035399 0.7649105825958703 0.5703125000000001 0.7669270833333335
0 0.31697507983576645 0.40501064476885645 0.2858847513686132 0.3721335158150852 0.2602760036496351 0.41518590328467153 0.29136633211678836 0.4480630322384428
0 0.5409439506880733 0.23512758027522931 0.5322265625 0.21354166666666666 0.5141735951834863 0.22650277140672784 0.5228909833715596 0.24808868501529047