0 0.6305993435650887 0.6206237672583826 0.564499352810651 0.5438624876725838 0.4888302052514793 0.6597016765285997 0.5549301960059171 0.7364629561143984
0 0.4921874999999999 0.6731770833333334 0.30817174722870055 0.593261670701226 0.2739030349604417 0.7335429489923442 0.4579187877317411 0.8134583616244514
0 0.41304687500000004 0.29723958333333333 0.3421484375 0.17119791666666673 0.3030859375 0.2102604166666667 0.37398437500000004 0.33630208333333333
0 0.7356139785268715 0.2267549384197058 0.6164021263195777 0.13933291346769036 0.5731034818857965 0.24429932421625083 0.6923153340930902 0.3317213491682663
0 0.7479374046198668 0.30906631520532774 0.7277894353496115 0.28034966934887173 0.6579018104883463 0.36752133046614877 0.6780497797586016 0.39623797632260477
0 0.33272790605095554 0.5299147425690022 0.30491764530254784 0.5190087579617835 0.2971424661624204 0.554256236730361 0.3249527269108282 0.5651622213375797
0 0.6347656249999999 0.29296875000000006 0.5830078124999999 0.2682291666666667 0.5707980086750788 0.31364106861198743 0.6225558211750788 0.3383806519453208
0 0.7988281250000001 0.6783854166666667 0.7226369121287128 0.6682265882838284 0.7109181621287128 0.8244765882838286 0.7871093750000001 0.8346354166666669
0 0.7412569583529688 0.5479868638077288 0.7289058818331762 0.5158348550895383 0.6690171050306315 0.5567345075400567 0.6813681815504241 0.5888865162582472
0 0.6498694122085762 0.4099578476269775 0.6494140625 0.3802083333333333 0.5936735662989177 0.3817250815292812 0.5941289160074937 0.41147459582292534
0 0.6025085978119585 0.39225429664933553 0.5651047308275564 0.34637221981513566 0.5414370531845755 0.38067320190641246 0.5788409201689776 0.42655527874061233
0 0.5554113051470587 0.4588082107843136 0.5282513786764705 0.4165594362745097 0.5096737132352941 0.4377910539215686 0.5368336397058823 0.48003982843137244
0 0.5099985665137615 0.5480098432721713 0.5095290997706423 0.5273533065749236 0.4704433056192661 0.5289325305810398 0.4709127723623854 0.5495890672782875
0 0.6783203125 0.14218750000000005 0.656640625 0.1325520833333334 0.6482421875 0.16614583333333338 0.6699218749999999 0.17578125000000006
0 0.51953125 0.08984375000000018 0.5078125 0.07421875000000012 0.4921875 0.09505208333333345 0.50390625 0.11067708333333351
0 0.5099747433731808 0.8341643927581427 0.4883401279885655 0.8071211235273736 0.45319605964137216 0.8571037985100485 0.4748306750259875 0.8841470677408177
0 0.6391015625000002 0.5467708333333335 0.5986328125000002 0.5390625000000001 0.5948046875000002 0.5747916666666667 0.6352734375000002 0.5825000000000001