0 0.46401087125935164 0.08586281691604328 0.4083687266209476 0.018738959891936878 0.3298467697942643 0.13445552784704906 0.3854889144326683 0.20157938487115545
0 0.32273706896551724 0.6604256465517241 0.27458243534482757 0.49991020114942525 0.18837553879310343 0.5458872126436781 0.2365301724137931 0.706402658045977
0 0.5722656249999999 0.38671875 0.5543082071245733 0.27135594425483495 0.4440799648037541 0.3018593572241183 0.4620373826791808 0.41722216296928333
0 0.3126442872733378 0.48926590133199016 0.3055676523673606 0.4507980397918066 0.21484375 0.48046875 0.22192038490597712 0.5189366115401836
0 0.38420183634020627 0.49648303264604826 0.3325547680412371 0.4658773625429555 0.32139980670103097 0.49934224656357407 0.3730468750000001 0.5299479166666669
0 0.7759159482758621 0.4824802442528737 0.652936422413793 0.2886943247126437 0.5673962823275861 0.38520114942528744 0.6903758081896552 0.5789870689655174
0 0.6835937499999998 0.2382812500000001 0.6682920258620688 0.21532866379310356 0.6439857219827585 0.24413613505747128 0.6592874461206896 0.26708872126436783
0 0.5360938771358829 0.8955758831705993 0.5293985837062652 0.739352369812856 0.48289863456061843 0.7428952230810958 0.48959392799023604 0.8991187364388391
0 0.4119944852941176 0.5762101715686275 0.39941406249999994 0.5091145833333334 0.3672449448529412 0.5198376225490197 0.37982536764705876 0.5869332107843138
0 0.4632927389705882 0.5043658088235294 0.436178768382353 0.495327818627451 0.42589613970588236 0.5501685049019609 0.4530101102941176 0.5592064950980393
0 0.54609375 0.4953125 0.5314453125 0.45625 0.5052734375 0.47369791666666666 0.519921875 0.5127604166666667
0 0.6782306985294118 0.6353033088235295 0.6748046875 0.5911458333333334 0.6516153492647059 0.5943443627450979 0.6550413602941176 0.6385018382352942
0 0.3542738970588235 0.5930912990196079 0.3110523897058823 0.5564185049019608 0.2897403492647058 0.6010723039215686 0.332961856617647 0.6377450980392158
0 0.384765625 0.30078125000000006 0.32148700694834365 0.2879110225996631 0.31745519107944975 0.3231520798240689 0.38073380913110616 0.3360223072244058
0 0.4457839439655172 0.3617097701149426 0.4169921874999999 0.34635416666666674 0.40453259698275856 0.38788613505747127 0.4333243534482758 0.40324173850574707
0 0.543858891039823 0.6987924041297935 0.542623064159292 0.6740758665191741 0.5212337527654867 0.6759771386430679 0.5224695796460177 0.7006936762536873
0 0.23151393581081078 0.6732052364864866 0.2195418074324324 0.6430532094594595 0.1953125 0.66015625 0.20728462837837838 0.6903082770270271