0 0.4496501002467612 0.2634409379498253 0.42158221198334356 0.1174879189800535 0.37938459091610116 0.13191445609705946 0.40745247917951877 0.27786747506683124
0 0.3323317307692307 0.45763221153846156 0.314453125 0.42187500000000006 0.2887620192307692 0.4447115384615385 0.30664062499999994 0.48046875
0 0.4375000000000001 0.6549479166666667 0.29097670003487686 0.4972092530005095 0.2237562695143826 0.6082154685389404 0.3702795694795059 0.7659541322050977
0 0.5828051297169813 0.6760760613207549 0.5372015035377359 0.566627358490566 0.435546875 0.6419270833333334 0.48115050117924535 0.7513757861635221
0 0.49270562729217604 0.5375916870415647 0.4599752636002445 0.5053356764466178 0.4462556349327628 0.5300848105134475 0.4789859986246944 0.5623408211083945
0 0.5576171875 0.4869791666666667 0.542578125 0.42682291666666666 0.5185546875 0.4375 0.53359375 0.49765625
0 0.7759765625 0.42994791666666665 0.7615234375 0.3914062500000001 0.6748046875000001 0.44921875000000006 0.6892578125000001 0.4877604166666666
0 0.6676665343533487 0.4552149489992303 0.5872658956408776 0.37954375962278686 0.5608784100750577 0.4293867879137799 0.6412790487875288 0.5050579772902234
0 0.7809183372641509 0.3422022405660379 0.6925081073113206 0.21360554245283017 0.6283866450471698 0.2919762185534591 0.7167968750000001 0.42057291666666685
0 0.6798300638686132 0.341925182481752 0.6298828125000001 0.3177083333333334 0.6163962705291972 0.3671589872262775 0.6663435218978104 0.39137583637469603
0 0.7574824892241379 0.2444594109195404 0.7419652478448275 0.22118354885057492 0.7187499999999999 0.24869791666666685 0.7342672413793103 0.27197377873563233
0 0.6045190653669724 0.6235784594801222 0.5836976777522936 0.5720207377675841 0.5587729357798166 0.5899154243119266 0.5795943233944953 0.6414731460244648
0 0.7048046875 0.6523958333333334 0.7013671875 0.6203125 0.6365625 0.63265625 0.64 0.6647395833333334
0 0.44164062500000006 0.3220312500000001 0.4170312500000001 0.3173437500000001 0.41386718750000007 0.3468750000000001 0.4384765625000001 0.3515625000000001
0 0.7299358218432512 0.7998627993468799 0.6606183100507984 0.7522507710449929 0.6066933508708274 0.8918212536284471 0.6760108626632804 0.939433281930334
0 0.4167601330445544 0.8172184405940596 0.4052212252475248 0.7828975866336634 0.35946008663366336 0.8102490717821783 0.37099899443069306 0.8445699257425744