0 0.6376420212312413 0.2900217428376534 0.602569704979536 0.23577656036834937 0.5798516371077761 0.2618892820600275 0.6149239533594814 0.3161344645293315
0 0.7289994646376592 0.6162912813321205 0.6318762081185568 0.59362918814433 0.6041883812158886 0.8045840597837074 0.7013116377349908 0.827246152971498
0 0.5863406680045872 0.7065414755351681 0.5276394065366973 0.5611859709480123 0.4635804902522936 0.6071769877675842 0.5222817517201834 0.7525324923547401
0 0.47198828937110193 0.5895080777893278 0.4050704099532226 0.5493573501386001 0.3561915280665281 0.694183666839917 0.42310940748440745 0.7343343944906445
0 0.4825572400990099 0.6713722153465346 0.461759359529703 0.6374793729372937 0.4274056311881188 0.6749561674917491 0.4482035117574258 0.70884900990099
0 0.462890625 0.4283854166666667 0.2872049762694419 0.16391239707227812 0.21187206941903022 0.25287697278133575 0.3875577181495883 0.5173499923757243
0 0.29492187500000006 0.3971354166666668 0.24511718750000006 0.3906250000000001 0.24290448876618437 0.42071770277989345 0.29270917626618437 0.4272281194465602
0 0.5146290996287128 0.4117161716171619 0.5084429146039603 0.37518822194719476 0.4582669399752476 0.3902949669966997 0.464453125 0.42682291666666683
0 0.25468749999999996 0.21171874999999998 0.25176454741379306 0.14546515804597698 0.22451508620689653 0.14760237068965515 0.22743803879310343 0.21385596264367815
0 0.2548713235294118 0.21334252450980395 0.2509765625 0.14583333333333337 0.2212545955882353 0.14888174019607847 0.22514935661764707 0.21639093137254906
0 0.4986498531879195 0.7528226370246086 0.4755859375000001 0.7473958333333334 0.4720467177013424 0.774136605145414 0.49511063338926176 0.7795634088366892
0 0.4124332091968913 0.862161323402418 0.3896484375000001 0.8541666666666666 0.38537281411917107 0.8758298251295337 0.40815758581606226 0.883824481865285
0 0.6328125 0.8177083333333334 0.607421875 0.8177083333333334 0.607421875 0.8567708333333334 0.6328125 0.8567708333333334
0 0.8259860899390246 0.5271976626016259 0.7992092225609757 0.4720210873983739 0.7500524009146341 0.5144308943089432 0.7768292682926828 0.5696074695121953
0 0.33828125 0.27317708333333335 0.3316015625 0.21083333333333334 0.3042578125 0.21604166666666666 0.3109375 0.27838541666666666