0 0.5541153516859852 0.19297314058658246 0.534299056572708 0.07973716851071305 0.40340469408587987 0.12045985906217067 0.42322098919915707 0.2336958311380401
0 0.4671875 0.09609375 0.45546875 0.06484374999999994 0.4265625 0.0841145833333333 0.43828125 0.11536458333333337
0 0.5087558962264151 0.24060043238993717 0.4836232311320755 0.20404382861635223 0.44634433962264153 0.24960691823899372 0.4714770047169812 0.2861635220125786
0 0.5810546875000001 0.1276041666666668 0.5537620627261762 0.12640449085243277 0.5506309371230399 0.25304112635705683 0.5779235618968638 0.25424080217129086
0 0.567023551551095 0.2898589568126521 0.5498046875 0.2656250000000001 0.508171760948905 0.3182139598540147 0.525390625 0.3424479166666668
0 0.5200598480504588 0.3631020642201835 0.519138833142202 0.32257740825688075 0.46674849483944963 0.3246941896024465 0.4676695097477065 0.36521884556574924
0 0.32539062500000004 0.4278645833333333 0.21519531249999999 0.406875 0.20910156249999998 0.46375 0.31929687500000004 0.48473958333333333
0 0.32099935298207666 0.44096524773382784 0.2527920754789864 0.4247254197569016 0.24700392073547595 0.46794364184178006 0.3152111982385662 0.48418346981870636
0 0.3730468750000001 0.48828125000000006 0.35508452868852464 0.4861039959016394 0.35313140368852464 0.5147498292349727 0.3710937500000001 0.5169270833333334
0 0.3046875 0.1770833333333334 0.287109375 0.1770833333333334 0.287109375 0.19921875000000006 0.3046875 0.19921875000000006
0 0.7052271711049285 0.30839709194488607 0.6845159727742448 0.29639060015898255 0.6584329044117647 0.37637867647058826 0.6791441027424483 0.38838516825649183
0 0.666800345508391 0.6160936471701217 0.664367133514314 0.4701009275255018 0.5742206780602173 0.47277193361303055 0.5766538900542943 0.6187646532576506
0 0.6437459729381442 0.4444131228522338 0.6332756121134019 0.40811587199312716 0.5937499999999999 0.4283854166666667 0.6042203608247422 0.46468266752577325
0 0.5227919328104786 0.4147868154376887 0.4781037758732213 0.4071478142518327 0.4753181092335059 0.4361187473048729 0.5200062661707634 0.44375774849072885
0 0.5319504310344828 0.5239493534482761 0.5216527478448276 0.5077227011494254 0.49407327586206895 0.5388380028735632 0.5043709590517242 0.5550646551724139
0 0.41174879807692316 0.6827524038461539 0.3753906250000001 0.6695312500000001 0.36890024038461544 0.7012620192307694 0.4052584134615385 0.7144831730769232
0 0.6314671070278971 0.7257633673104438 0.573761903165236 0.6007354256080115 0.40501777092274677 0.7391921494992848 0.4627229747854077 0.8642200912017171
0 0.6812131616992885 0.7783863434163701 0.6669921875000002 0.7421875 0.649841525800712 0.7541657399169633 0.6640625000000002 0.7903645833333334
0 0.8825284842207333 0.47333318641278815 0.8115234374999998 0.3489583333333336 0.7493421632581099 0.41206768629525176 0.8203472099788434 0.5364425393747062