0 0.9119133866782005 0.7807634083044981 0.8466796875 0.7343749999999998 0.8164028708910035 0.8100670415224911 0.881636570069204 0.8564554498269895
0 1 0.9036458333333336 0.908203125 0.9036458333333336 0.908203125 0.9986979166666669 1 0.9986979166666669
0 0.7109905612321904 0.7370514871609114 0.6171875000000001 0.7356770833333335 0.6164944023937455 0.8197729262255495 0.7102974636259358 0.8211473300531275
0 0.596484375 0.7533854166666667 0.5828125 0.7169270833333333 0.52890625 0.7528645833333333 0.542578125 0.7893229166666667
0 0.4113979425904978 0.7574236425339367 0.4068156108597285 0.6291183540723982 0.34325067166289597 0.6331542232277527 0.3478330033936652 0.7614595116892912
0 0.5474609375 0.3062500000000001 0.5123046874999999 0.2906250000000001 0.5019531249999999 0.33203125 0.537109375 0.34765625
0 0.6321567062043796 0.2992795772506082 0.6236741560218978 0.2750437195863747 0.6029311131386861 0.2879505018248175 0.6114136633211679 0.312186359489051
0 0.7126034007352942 0.37522977941176483 0.6836511948529412 0.36557904411764724 0.6800321691176471 0.3848805147058824 0.708984375 0.3945312500000001
0 0.841796875 0.3333333333333334 0.810546875 0.3333333333333334 0.810546875 0.3684895833333334 0.841796875 0.3684895833333334
0 0.7696814903846153 0.3154046474358975 0.7581129807692308 0.2922676282051283 0.7430138221153847 0.30568910256410253 0.7545823317307694 0.32882612179487175
0 0.4753649516430949 0.5355288928175264 0.4459608335066555 0.527361082224071 0.4354396318635607 0.5946967727398781 0.4648437500000001 0.6028645833333334