0 0.7694256756756758 0.6332699887387387 0.7376741976351353 0.37925816441441446 0.6290382179054055 0.40339949324324326 0.6607896959459459 0.6574113175675677
0 0.22460937500000008 0.45703125 0.13612711787780996 0.45350956812448995 0.13222086787780993 0.6279887347911566 0.22070312500000008 0.6315104166666666
0 0.4842797256097562 0.7107787093495938 0.44012004573170743 0.7042365345528457 0.42754382621951226 0.8551511686991871 0.4717035060975611 0.8616933434959351
0 0.6259765625000002 0.9322916666666669 0.607421875 0.9075520833333334 0.583984375 0.9388020833333334 0.6025390625000002 0.9635416666666669
0 0.44686972128378377 0.4577702702702703 0.42400232263513515 0.4529560810810811 0.4177945523648649 0.5053772522522523 0.4406619510135135 0.5101914414414415
0 0.4009765624999999 0.24114583333333336 0.33652343749999997 0.21250000000000002 0.32675781249999997 0.2515625000000001 0.3912109374999999 0.2802083333333334
0 0.6115051172496024 0.006164712506624388 0.5343427066772655 -0.00206594462109159 0.5250211148648648 0.153293918918919 0.6021835254372019 0.16152457604663498
0 0.6992187500000001 0.2486979166666667 0.6900390625000001 0.22421875000000005 0.6619140625 0.24296875000000007 0.67109375 0.26744791666666673
0 0.6238448443579767 0.6196954036964982 0.5993927833171206 0.5827456225680936 0.5791091622081712 0.606608706225681 0.6035612232490273 0.6435584873540857
0 0.5723939324817519 0.37221525243309006 0.5700444799270072 0.25630892639902675 0.4606438184306569 0.26025129257907537 0.4629932709854015 0.3761576186131387
0 0.533203125 0.47005208333333354 0.50390625 0.43098958333333337 0.4912109374999999 0.44791666666666674 0.5205078125 0.48697916666666685
0 0.505859375 0.6497395833333334 0.4870038006756757 0.6457699887387387 0.484375 0.6679687500000001 0.5032305743243243 0.6719383445945948