0 0.5147405660377359 0.09657527515723269 0.4951171875 0.04947916666666661 0.4616192511792453 0.07429245283018865 0.48124262971698106 0.12138856132075473
0 0.45834234429065746 0.2369566392733564 0.43378973832179935 0.12939284169550178 0.3590235726643599 0.15973273500576704 0.383576178633218 0.2672965325836217
0 0.6225390625000001 0.15187500000000012 0.4754296875 0.12385416666666677 0.463359375 0.23651041666666675 0.6104687500000001 0.2645312500000001
0 0.7506443298969072 0.2936399269759452 0.6659250161082474 0.24343588917525782 0.6184056862113402 0.38599387886597947 0.7031250000000001 0.43619791666666685
0 0.6086730352722771 0.38592202970297035 0.5996171101485148 0.332448948019802 0.5409885519801979 0.35010055693069314 0.5500444771039603 0.4035736386138614
0 0.581148196815154 0.2756405252567306 0.5712890625 0.2630208333333335 0.5176033318588675 0.337584348112684 0.5274624661740217 0.35020404003608113
0 0.48237316864089774 0.34374675290939327 0.44364430720074816 0.28667264131338327 0.3844733868453865 0.3580534341230258 0.42320224828553615 0.4151275457190358
0 0.47774174528301894 0.24970518867924538 0.42692364386792453 0.23034591194968562 0.41660524764150936 0.27849842767295613 0.46742334905660377 0.2978577044025158
0 0.3556226588512764 0.2801300060118388 0.33118691904827974 0.22365629624491312 0.2590730351692564 0.2791285146133926 0.283508774972253 0.3356022243803183
0 0.32772288602941174 0.4500612745098039 0.3004940257352941 0.3895526960784313 0.2780905330882353 0.40747549019607837 0.3053193933823529 0.46798406862745096
0 0.4575049447079159 0.5236760786942647 0.31607677593963296 0.3849751748884555 0.281422095226487 0.44779489573176134 0.4228502639947699 0.5864957995375705
0 0.4586876294889503 0.6390279696132597 0.3509474274861879 0.6314672536832412 0.34465102727900554 0.7909760589318601 0.45239122928176806 0.7985367748618785
0 0.447265625 0.8450520833333335 0.4306640625 0.8333333333333334 0.4213999155405406 0.856665259009009 0.4380014780405406 0.8683840090090091
0 0.571001838235294 0.607000612745098 0.5356732536764706 0.5284926470588235 0.4345703125 0.609375 0.4698988970588235 0.6878829656862745
0 0.577081088362069 0.6890265804597703 0.5538793103448276 0.6628502155172415 0.5369881465517242 0.6894665948275863 0.5601899245689654 0.715642959770115
0 0.650390625 0.578125 0.62109375 0.578125 0.62109375 0.62109375 0.650390625 0.62109375
0 0.7308885393099547 0.5224005467571647 0.7096472002262443 0.5089849641779792 0.7014149109162895 0.5321573340874814 0.7226562499999999 0.5455729166666671
0 0.2783203125 0.4713541666666668 0.2529296875 0.4375000000000001 0.234375 0.4622395833333334 0.259765625 0.4960937500000001
0 0.5742187500000001 0.4335937500000001 0.553125 0.41953125000000013 0.54140625 0.45078125000000013 0.5625000000000001 0.4648437500000001