0 0.7454687499999999 0.35223958333333333 0.72625 0.17286458333333335 0.6289062499999999 0.19140625000000006 0.648125 0.37078125
0 0.7925000000000001 0.34682291666666665 0.7274609375000001 0.23119791666666664 0.6965234375 0.2621354166666667 0.7615624999999999 0.3777604166666667
0 0.5041395879424779 0.17263550884955753 0.5030420353982301 0.15068445796460178 0.47646743639380534 0.15304664454277286 0.47756498893805316 0.1749976954277286
0 0.470703125 0.06380208333333333 0.4580078125 0.0546875 0.45123459002293576 0.07145928899082572 0.46392990252293576 0.08057387232415907
0 0.45861395474137934 0.36530172413793116 0.4376346982758621 0.353313577586207 0.4259159482758621 0.3897719109195403 0.44689520474137934 0.4017600574712645
0 0.5241520579268293 0.4786267784552845 0.5218892911585366 0.4514735772357723 0.484375 0.45703124999999994 0.4866377667682927 0.48418445121951215
0 0.6905764248704663 0.5466523639896372 0.666526675841969 0.4916815090673576 0.6393246033031089 0.5128386765975821 0.6633743523316064 0.5678095315198618
0 0.5444470326834863 0.5923881880733944 0.5147201118119267 0.5187786697247707 0.4752365252293577 0.5471258600917431 0.5049634461009174 0.6207353784403669
0 0.4573432877218936 0.5590714373767259 0.43974782729289946 0.5027659640039448 0.4158942769970414 0.5160179363905325 0.4334897374260356 0.5723234097633138
0 0.41540639334862384 0.6047042240061162 0.38894065366972475 0.5391700114678899 0.3578429615825688 0.5614965596330276 0.3843087012614679 0.6270307721712539
0 0.3721905048076924 0.5390825320512821 0.3144981971153847 0.5294671474358974 0.31138822115384623 0.5626402243589743 0.36908052884615394 0.572255608974359
0 0.32662812499999994 0.7239187499999999 0.26311718749999996 0.5695 0.1768015625 0.6326125 0.2403125 0.78703125
0 0.300471931561086 0.5571443721719457 0.2843255090497737 0.5116951828808446 0.19188790299773753 0.5700768288084465 0.20803432550904977 0.6155260180995475
0 0.5117187500000001 0.7434895833333336 0.5019531250000001 0.7304687500000002 0.4736328125 0.7682291666666669 0.4833984375 0.7812500000000002
0 0.5555039029646762 0.7357307436220915 0.5188051934398655 0.7209029821979255 0.49172591200588733 0.8400518205074293 0.528424621530698 0.8548795819315952
0 0.7066598360655737 0.6973744877049181 0.6825691598360655 0.6152877390710382 0.5718109631147541 0.6730746243169398 0.5959016393442622 0.7551613729508196
0 0.6031250000000001 0.8643229166666668 0.5906850961538461 0.8352964743589744 0.5753305288461539 0.8469951923076924 0.5877704326923078 0.8760216346153847
0 0.8466294120514819 0.3397503087623505 0.8348619101014039 0.24168779251170056 0.7844341117394695 0.25244572282891325 0.7962016136895474 0.3505082390795632
0 0.7933266756221717 0.23538249434389147 0.7724167491515836 0.22542538650075425 0.7534820418552035 0.29611496040723995 0.7743919683257917 0.30607206825037714
0 0.3691406250000001 0.625 0.2832031250000001 0.625 0.2832031250000001 0.73828125 0.3691406250000001 0.73828125