0 0.46841681985294115 0.511764705882353 0.4498391544117647 0.4728400735294119 0.43454733455882344 0.48581495098039235 0.4531249999999999 0.5247395833333334
0 0.6001857069672132 0.05923411885245901 0.5978003329918032 0.02424863387978141 0.5689196977459016 0.02774931693989071 0.5713050717213115 0.06273480191256832
0 0.10546875 0.27734375 0.07714843750000001 0.2630208333333333 0.06578092515592517 0.3029793615731116 0.09410123765592517 0.3173022782397783
0 0.46575811106687903 0.28934447983014866 0.4384765625 0.27864583333333337 0.4300171675955414 0.31699509023354566 0.4572987161624204 0.327693736730361
0 0.5517578125 0.5338541666666666 0.533203125 0.5091145833333334 0.5009765625 0.5520833333333334 0.51953125 0.5768229166666666
0 0.508646150914634 0.8064024390243901 0.46362328506097555 0.750010162601626 0.44664062499999996 0.7741145833333333 0.49166349085365846 0.8305068597560975
0 0.6932667525773196 0.2409981743986256 0.6637947003865978 0.19795962199312733 0.5785357603092783 0.3017531142611686 0.6080078125 0.34479166666666683
0 0.3076363950276243 0.7361800759668509 0.24609936118784534 0.6676182665745857 0.17033645545580117 0.788507711786372 0.23187348929558013 0.8570695211786372
0 0.46432674632352944 0.604013480392157 0.3603515624999999 0.5208333333333334 0.3120978860294117 0.6280637254901961 0.41607306985294124 0.7112438725490196
0 0.8354637117174851 0.6719649442345748 0.7646484374999999 0.5859375000000001 0.6736152101322179 0.7191568571235835 0.7444304843497032 0.8051843013581582
0 0.4220224056603774 0.21553164308176107 0.32650353773584906 0.144776926100629 0.232532429245283 0.3703075864779875 0.3280512971698114 0.44106230345911956
0 0.24362362132352944 0.5327052696078431 0.20180376838235295 0.518765318627451 0.19571461397058823 0.5512408088235294 0.23753446691176472 0.5651807598039216