0 0.4808181622706423 0.30884461009174313 0.4647451978211009 0.29730504587155965 0.45527522935779813 0.3207544915902141 0.4713481938073395 0.33229405581039756
0 0.34682031250000006 0.7497291666666667 0.32640625000000006 0.7308854166666667 0.311921875 0.7587812500000001 0.3323359375 0.7776250000000001
0 0.34765625 0.04427083333333339 0.3203125 0.04427083333333339 0.3203125 0.08203125000000006 0.34765625 0.08203125000000006
0 0.4935546875000001 0.5106770833333335 0.4583984375 0.48723958333333334 0.4478515625 0.5153645833333333 0.4830078125000001 0.5388020833333335
0 0.12045612459327551 0.7335163593637021 0.1103515625 0.6901041666666666 0.0803725765997831 0.7025092642805494 0.09047713869305858 0.7459214569775849
0 0.38759014423076926 0.37231570512820517 0.3573016826923077 0.3492387820512821 0.34396033653846153 0.3803685897435898 0.3742487980769231 0.40344551282051283
0 0.5650009527439026 0.4478531504065042 0.538205030487805 0.4438833841463416 0.5335127667682927 0.500190548780488 0.5603086890243902 0.5041603150406506
0 0.6744556060745939 0.6852785727474153 0.6079224173744462 0.6818666143525359 0.6069747045790251 0.7147206579271297 0.6735078932791729 0.7181326163220091
0 0.51171875 0.09895833333333343 0.46875 0.09895833333333343 0.46875 0.25130208333333337 0.51171875 0.25130208333333337
0 0.499375919117647 0.9737861519607843 0.49177527573529406 0.8183952205882353 0.4117403492647059 0.8253547794117648 0.4193409926470588 0.9807457107843138
0 0.5434577937922958 0.7030714525854589 0.5271963251561688 0.5828351390334895 0.42371577710176994 0.6077157079646017 0.439977245737897 0.7279520215165712
0 0.8453228593952135 0.4499514877102199 0.8280529895698578 0.2703448415265201 0.7379376212807245 0.285749177986201 0.7552074911060802 0.46535582416990084
0 0.3515625 0.5924479166666666 0.3062860557182744 0.3372534125333042 0.1954679715728676 0.3722067867440418 0.24074441585459322 0.6274012908774044