0 0.6716796875 0.13854166666666679 0.5400390625 0.05078125000000006 0.4759765625 0.2216145833333334 0.6076171875 0.3093750000000001
0 0.6939120159823284 0.1667408393970895 0.6559945913461538 0.14805689102564118 0.6195470861486487 0.2795537725225226 0.6574645107848233 0.29823772089397094
0 0.6218877257436262 0.31881860835694054 0.6123046875000001 0.2916666666666667 0.561324251947592 0.32365439093484427 0.570907290191218 0.3508063326251182
0 0.5720387059128631 0.32665542876901804 0.5247503890041495 0.3098418049792532 0.5162247147302905 0.35247017634854777 0.5635130316390041 0.36928380013831263
0 0.5544559439432988 0.41564647766323026 0.5107421874999999 0.3932291666666667 0.502537048969072 0.4216736469072165 0.5462508054123709 0.44409095790378006
0 0.4903002106741573 0.4384216994382023 0.4365234375 0.42187500000000006 0.42635182584269665 0.4806443117977529 0.4801285990168539 0.49719101123595516
0 0.3808593749999999 0.36067708333333326 0.31794045770643803 0.25125287934452994 0.2887050876924422 0.2811379242477257 0.3516240049860041 0.390562128236529
0 0.38697467672413793 0.2819594109195403 0.37289197198275864 0.2808548850574713 0.37058863146551724 0.3330639367816092 0.3846713362068966 0.3341684626436782
0 0.267578125 0.34244791666666674 0.2626953125 0.30989583333333337 0.23903245192307696 0.3162059294871795 0.24391526442307696 0.34875801282051283
0 0.19824218750000006 0.4531250000000001 0.1860792249548737 0.4495995036101084 0.1811964124548737 0.479547420276775 0.19335937500000006 0.48307291666666674
0 0.18027343750000002 0.4442708333333334 0.16503906250000003 0.43750000000000006 0.15859375000000003 0.46328125000000003 0.17382812500000003 0.47005208333333337
0 0.3562769396551725 0.4388918821839082 0.29569639008620696 0.40427442528735635 0.25043776939655177 0.5450790229885059 0.31101831896551735 0.5796964798850576
0 0.38143620466321243 0.6160878130397237 0.3461534569300518 0.6037079015544042 0.339271980246114 0.6385740500863558 0.37455472797927464 0.6509539615716754
0 0.5626968910727406 0.8442610748836642 0.4567614575679649 0.7309528456404606 0.39537219875091845 0.8329879607518984 0.5013076322556943 0.946296189995102
0 0.47538006756756773 0.8697072072072074 0.3714843750000002 0.8270833333333335 0.36008234797297306 0.8764921171171173 0.4639780405405406 0.9191159909909913
0 0.4140625 0.9466145833333334 0.35839630060175054 0.8961438958789205 0.3313324842724289 0.9492102024070024 0.38699868367067836 0.9996808898614151
0 0.6933593749999999 0.7330729166666667 0.6732905676605505 0.7250453937308871 0.6674311926605505 0.7510870603975536 0.6874999999999999 0.7591145833333334
0 0.6263786764705881 0.5320925245098039 0.6016773897058822 0.5123314950980392 0.5861672794117647 0.5467984068627451 0.6108685661764706 0.5665594362745098
0 0.5390625000000001 0.5247395833333335 0.50154308760142 0.5166708924949291 0.49782898073022314 0.547374175963489 0.5353483931288033 0.5554428668018934