0 0.5151970681179775 0.4519545880149813 0.5021616046348314 0.3766385767790262 0.4566581811797752 0.3906396301498127 0.4696936446629213 0.4659556413857678
0 0.5691775760135136 0.17581644144144162 0.5407252956081081 0.1487190315315316 0.4843749999999999 0.2539062500000001 0.5128272804054055 0.2810036599099101
0 0.45398344555518844 0.29862975738048025 0.45278162177792475 0.21049601371447457 0.3316568902842036 0.21343237084159503 0.3328587140614673 0.3015661145076008
0 0.34206840701219515 0.36940421747967483 0.3251953125 0.36458333333333337 0.3187785823170731 0.40450965447154474 0.3356516768292683 0.4093305386178862
0 0.1591045673076923 0.5135216346153846 0.11816406250000003 0.5026041666666666 0.10546875000000003 0.5872395833333334 0.1464092548076923 0.5981570512820513
0 0.217797256097561 0.6330983231707318 0.206078506097561 0.49247332317073167 0.16727801067073172 0.4982215447154471 0.17899676067073172 0.6388465447154473
0 0.31003569402420583 0.5501489220877459 0.21806744043116497 0.5207190809379728 0.18567688634644486 0.7006666036308624 0.27764513993948575 0.7300964447806355
0 0.669921875 0.522135416666667 0.6162622774166195 0.48568738811946516 0.6051281400155455 0.514828587243264 0.658787737598926 0.5512766157904657
0 0.5208984375000001 0.6260416666666669 0.4951171875000001 0.6145833333333336 0.4878906250000001 0.6434895833333336 0.5136718750000001 0.6549479166666669
0 0.7286177608944954 0.40944189602446485 0.7268294868119265 0.33075783639143735 0.6517327264908256 0.33379204892966363 0.6535210005733945 0.4124761085626911
0 0.8010432545731707 0.5096544715447154 0.787252286585366 0.34416285569105687 0.6985041920731707 0.35731072154471544 0.7122951600609756 0.5228023373983739
0 0.7864297384173986 0.5590180616558044 0.7811091469786058 0.5137248217153112 0.6806004157516294 0.5347145969113062 0.6859210071904223 0.5800078368517994
0 0.556640625 0.4531250000000001 0.53515625 0.4531250000000001 0.53515625 0.5143229166666667 0.556640625 0.5143229166666667
0 0.625 0.49609374999999994 0.6164748733108109 0.4278927364864865 0.5844858530405406 0.43500140765765766 0.5930109797297298 0.5032024211711711
0 0.4185513344957082 0.8100187768240344 0.390474114806867 0.8011053737482119 0.3860942529506438 0.8256326001430615 0.41417147263948506 0.8345460032188842
0 0.29297930743243245 0.8017384572072072 0.2880859375 0.7604166666666666 0.2724398226351351 0.7637105855855855 0.27733319256756755 0.805032376126126
0 0.29158135775862076 0.7358746408045977 0.27028556034482765 0.734204382183908 0.2693494073275863 0.7554238505747126 0.2906452047413794 0.7570941091954022
0 0.48746174291237104 0.539663874570447 0.4586662371134021 0.49761329467353976 0.44254993556701033 0.5172331400343644 0.47134544136597933 0.5592837199312716
0 0.4140625 0.9036458333333334 0.4033203125 0.9036458333333334 0.4033203125 0.9309895833333334 0.4140625 0.9309895833333334
0 0.798828125 0.3385416666666668 0.771484375 0.3385416666666668 0.771484375 0.3684895833333334 0.798828125 0.3684895833333334