0 0.9628414278967254 0.35003410999160384 0.9462029675692696 0.3430284424853067 0.9318718513853905 0.40353759970612946 0.9485103117128464 0.4105432672124266
0 0.91015625 0.7500000000000002 0.888671875 0.7500000000000002 0.888671875 0.7799479166666669 0.91015625 0.7799479166666669
0 1.004896328935986 0.8183931660899655 0.9775390625000002 0.8072916666666667 0.9715783142301039 0.8334054209919262 0.9989355806660898 0.844506920415225
0 0.4802576013513513 0.11940456081081094 0.4556851773648648 0.0960022522522524 0.44182854729729726 0.12186796171171187 0.46640097128378377 0.14527027027027042
0 0.3705750778008299 0.24350038900414944 0.3437824170124482 0.22281833506224075 0.3309452800829876 0.25238265041493785 0.35773794087136934 0.27306470435684654
0 0.4403421336206897 0.24749461206896559 0.42708108836206893 0.22659841954022994 0.4100080818965517 0.24586027298850582 0.4232691271551724 0.26675646551724147
0 0.6230468749999999 0.23828125000000006 0.5888671874999999 0.2291666666666667 0.5848858173076923 0.25570913461538475 0.6190655048076923 0.26482371794871806
0 0.6975217725409836 0.30093066939890706 0.6869556864754098 0.284024931693989 0.6689933401639344 0.3039830942622949 0.6795594262295082 0.320888831967213
0 0.4636806530898877 0.3496020599250938 0.4524885884831461 0.3257256554307117 0.435546875 0.33984375000000006 0.4467389396067416 0.3637201544943822
0 0.5863091122787611 0.45534891224188795 0.5699236034292035 0.4362324852507375 0.5478429203539823 0.4698792404129794 0.5642284292035399 0.4889956674041299
0 0.5737080705275229 0.5257071865443425 0.5649279673165137 0.5039659785932721 0.5443126433486238 0.5187667240061162 0.5530927465596329 0.5405079319571865
0 0.6189677820796461 0.4604881084070797 0.6051749170353983 0.43947040929203557 0.5811151825221239 0.46754009955752224 0.5949080475663717 0.48855779867256643
0 0.5751953125 0.3984375000000001 0.55859375 0.3763020833333334 0.5400390625 0.4010416666666668 0.556640625 0.4231770833333334
0 0.4535271139705882 0.4509803921568628 0.440085018382353 0.42110906862745096 0.41796875 0.4388020833333333 0.43141084558823534 0.46867340686274517
0 0.263671875 0.21875000000000006 0.23828125 0.21875000000000006 0.23828125 0.24609375000000006 0.263671875 0.24609375000000006
0 0.18236579517326734 0.4825185643564357 0.13302521658415847 0.40211169554455445 0.08995010829207925 0.4491027227722773 0.13929068688118812 0.5295095915841584
0 0.26530552973977695 0.39820999845105337 0.2560699349442379 0.3038016960966543 0.15027808434014867 0.32220027881040897 0.15951367913568773 0.41660858116480803
0 0.3467979884204276 0.4381340310768013 0.31932433937054633 0.3988859610055424 0.2726302701900237 0.45699413598574823 0.300103919239905 0.4962422060570072
0 0.3717026654411765 0.48293504901960793 0.33376608455882356 0.4790441176470589 0.3314338235294118 0.5194699754901961 0.36937040441176483 0.5233609068627452
0 0.693359375 0.6184895833333333 0.692803387540783 0.5925435019032081 0.656114587581566 0.5939411704730831 0.6566705750407831 0.6198872519032081
0 0.5781537404117095 0.6509797015236904 0.4948126614355042 0.6247146342099773 0.4840093241233564 0.6856565369964519 0.5673504030995618 0.711921604310165
0 0.5159156033737025 0.7868593209342561 0.4892578124999999 0.7760416666666666 0.4768868944636678 0.830238069492503 0.5035446853373703 0.8410557237600924
0 0.578229865771812 0.8954750419463088 0.5512072671979866 0.8440034256152128 0.5252529886744968 0.8682274189038033 0.5522755872483222 0.9196990352348993
0 0.4550903977782765 0.8274961662178337 0.4406330649685817 0.8013352782764811 0.3953956042414722 0.8457790993417116 0.40985293705116704 0.8719399872830641
0 0.39079751577287064 0.9025244808096741 0.38796948935331227 0.8711019650368034 0.3462268335962145 0.877780789957939 0.34905486001577285 0.9092033057308097
0 0.3844988187997348 0.83079133510168 0.352404364224138 0.7651760057471267 0.2825192722148542 0.8259456509725908 0.31461372679045096 0.8915609803271441
0 0.3378906250000001 0.76953125 0.33369404560810817 0.7359586148648648 0.30993982263513514 0.741237331081081 0.31413640202702703 0.7748099662162162
0 0.2710477941176471 0.804672181372549 0.2563878676470589 0.792233455882353 0.24440487132352948 0.81734068627451 0.25906479779411773 0.8297794117647058
0 0.24298492973372782 0.687708025147929 0.22363281250000006 0.6770833333333334 0.2167564256656805 0.6993497287968443 0.2361085428994083 0.7099744206114399
0 0.5335477941176471 0.7948069852941176 0.4814453125 0.5169270833333334 0.40745634191176466 0.5415900735294118 0.4595588235294118 0.8194699754901962
0 0.46484375 0.7721354166666666 0.44282502948113206 0.7192904874213837 0.3983822228773585 0.7522110849056604 0.42040094339622647 0.8050560141509434
0 0.4396465037128713 0.7044012995049506 0.4313602258663366 0.5939175948844885 0.34182588180693074 0.6058555074257427 0.35011215965346537 0.7163392120462047
0 0.36714843750000004 0.6454687500000001 0.3466796875 0.625 0.32992187500000003 0.6547916666666667 0.35039062500000007 0.6752604166666667
0 0.41112385321100914 0.6167932912844037 0.38622598910550465 0.5551414373088686 0.337890625 0.58984375 0.36278848910550454 0.6514956039755352
0 0.2734375000000001 0.6080729166666667 0.26269531250000006 0.6041666666666667 0.2587740384615385 0.6233373397435898 0.26951622596153857 0.6272435897435898
0 0.31734105923396677 0.557604042953286 0.3055527204572447 0.5407635589865402 0.2671049213182898 0.5886097090261283 0.2788932600950119 0.6054501929928743
0 0.4138671875 0.5434895833333333 0.3638671875000001 0.5101562500000001 0.3478515625000001 0.5528645833333334 0.3978515625 0.5861979166666668
0 0.619140625 0.9192708333333334 0.6042668269230769 0.9060496794871794 0.5907451923076922 0.9330929487179487 0.6056189903846153 0.9463141025641025
0 0.5439453124999999 0.8359375000000001 0.5283203124999999 0.8151041666666667 0.51171875 0.8372395833333334 0.52734375 0.8580729166666666
0 0.7520680147058824 0.3314185049019608 0.7412109375 0.30729166666666663 0.7205307904411764 0.32383578431372545 0.7313878676470588 0.3479626225490196