0 0.4927734374999999 0.05703125000000006 0.47675781249999993 0.046354166666666696 0.4662109374999999 0.07447916666666672 0.4822265624999999 0.08515625000000009
0 0.576171875 0.11328125000000006 0.5595703125 0.10416666666666673 0.5523298816568047 0.12761187130177523 0.5689314441568047 0.13672645463510857
0 0.3622700632050766 0.245119023636852 0.35253906250000006 0.17447916666666666 0.32643470487510073 0.18087207057480528 0.33616570558017733 0.25151192754499063
0 0.408203125 0.12500000000000006 0.38671875 0.12500000000000006 0.38671875 0.1627604166666667 0.408203125 0.1627604166666667
0 0.44615119485294114 0.17469362745098044 0.4432674632352941 0.12470894607843136 0.409811580882353 0.12814031862745096 0.4126953125 0.17812500000000003
0 0.42896927767354587 0.11889511022514074 0.4111328124999999 0.07291666666666673 0.3917389774859286 0.08629172529706072 0.40957544265947454 0.13227016885553472
0 0.38242187499999986 0.10651041666666676 0.3628155048076922 0.0861778846153847 0.33578725961538447 0.1325120192307693 0.3553936298076922 0.15284455128205138
0 0.48046875 0.1627604166666667 0.4585466056034483 0.15023347701149434 0.451171875 0.1731770833333334 0.4730940193965517 0.1857040229885058
0 0.5255859375 0.3992187500000001 0.32714843749999994 0.2669270833333333 0.29707031249999993 0.34713541666666664 0.4955078125 0.47942708333333345
0 0.4375 0.23177083333333334 0.3738051470588235 0.21289828431372548 0.3624310661764706 0.2811427696078432 0.426125919117647 0.300015318627451
0 0.5291230063056379 0.26386699431256194 0.4570718193620178 0.2098286041048468 0.412109375 0.31640625000000006 0.4841605619436201 0.3704446402077152
0 0.544921875 0.2929687500000001 0.4970703124999999 0.28125000000000006 0.4871480912570507 0.3532779764302982 0.5349996537570508 0.3649967264302982
0 0.52691699480563 0.28196911304736366 0.5146484375 0.24479166666666666 0.4898416554959786 0.2593449787756926 0.5021102128016086 0.2965224251563896
0 0.5703887608459869 0.3655577774765003 0.5565770742950109 0.33056817154736085 0.5063465970715836 0.36581762924801164 0.5201582836225597 0.4008072351771511
0 0.6010016530226701 0.22632635390428224 0.5830078125000001 0.2187500000000001 0.5659905344773299 0.2906007294290513 0.583984375 0.2981770833333334
0 0.5902265625 0.20918750000000005 0.5751953125000001 0.1953125 0.5695703125 0.20614583333333333 0.5846015625000001 0.2200208333333334
0 0.6113281249999999 0.3658854166666668 0.5870394576848248 0.3373105139429313 0.562929383511673 0.3737435149156941 0.5872180508268482 0.40231841763942955
0 0.6640625 0.3229166666666668 0.625 0.3229166666666668 0.625 0.4075520833333334 0.6640625 0.4075520833333334
0 0.7881138061087991 0.15212234938565214 0.714891358873365 0.14974113158937785 0.7137243608799049 0.21353702189853363 0.7869468081153389 0.21591823969480792
0 0.7830307904411765 0.27045036764705893 0.728802849264706 0.2523743872549021 0.7071461397058825 0.3678768382352942 0.761374080882353 0.38595281862745107
0 0.8164062500000002 0.4544270833333334 0.8037109375 0.4322916666666667 0.7845720182860262 0.4518058588064047 0.7972673307860264 0.4739412754730715
0 0.742322198275862 0.5281968390804599 0.7204337284482759 0.5165229885057473 0.708984375 0.5546875000000001 0.7308728448275861 0.5663613505747127
0 0.5714384191176471 0.47371323529411774 0.5501378676470589 0.4674019607843138 0.5441176470588236 0.5035232843137255 0.5654181985294118 0.5098345588235295
0 0.3393629807692308 0.3163261217948718 0.31222956730769236 0.26981169871794874 0.29343449519230774 0.2893028846153846 0.3205679086538462 0.33581730769230766
0 0.24512500000000004 0.28835416666666674 0.2210625 0.2825208333333334 0.21553125 0.32308333333333333 0.23959375000000005 0.3289166666666667
0 0.4180378871681416 0.4126797566371683 0.3916015624999999 0.3723958333333333 0.3257138412610619 0.4492648414454277 0.35215016592920356 0.4895487647492626
0 0.23305376838235298 0.495327818627451 0.2158203125 0.4895833333333333 0.21070772058823534 0.5168504901960785 0.22794117647058826 0.5225949754901962
0 0.32675752400295416 0.604937915435746 0.31145131323855246 0.5860413589364846 0.28498170928729694 0.6241575886262926 0.30028792005169863 0.6430541451255539
0 0.2380133434734514 0.6889518805309736 0.21442028484513279 0.6868547197640119 0.21027205475663724 0.7698193215339234 0.2338651133849558 0.771916482300885
0 0.412890625 0.5346354166666667 0.3654296875000001 0.5135416666666667 0.3589843750000001 0.5393229166666667 0.4064453125 0.5604166666666667
0 0.6171875 0.5611979166666666 0.598914639261745 0.5568984200223714 0.5961225880872484 0.577993917785235 0.6143954488255033 0.5822934144295303
0 0.6863737454379563 0.6124068582725065 0.6689453125 0.6015625000000002 0.6599637887773723 0.6272239963503652 0.6773922217153285 0.6380683546228715
0 0.5775207182320441 0.7861418047882137 0.5601853850138121 0.7604598296500922 0.5348810859806629 0.7908249884898713 0.552216419198895 0.8165069636279927
0 0.4307432432432433 0.8534980292792793 0.4091796875000001 0.8489583333333334 0.4059491131756757 0.8762387387387388 0.4275126689189189 0.8807784346846848
0 0.740402290723982 0.7560037236048267 0.739032451923077 0.7176482371794872 0.7059044471153847 0.7197516025641026 0.7072742859162896 0.7581070889894421
0 0.44859375 0.6191145833333334 0.4275390625 0.6151041666666667 0.4232421875 0.6552083333333332 0.44429687500000004 0.6592187499999999
0 0.4687499999999999 0.6263020833333334 0.46441406249999995 0.5858333333333334 0.44800781249999994 0.5889583333333334 0.45234375 0.6294270833333333
0 0.5140585675335572 0.6320609619686801 0.4912174916107383 0.626686591163311 0.48803219379194634 0.6507532857941835 0.5108732697147651 0.6561276565995526
0 0.0884076286764707 0.7355238970588236 0.06933593750000007 0.7291666666666666 0.06491268382352948 0.7527573529411764 0.08398437500000011 0.7591145833333334