0 0.5011488970588235 0.15065870098039222 0.48391544117647045 0.13687193627450983 0.4746093749999999 0.1575520833333334 0.4918428308823529 0.17133884803921576
0 0.607421875 0.19791666666666677 0.48828125 0.1979166666666667 0.48828125 0.3398437500000001 0.607421875 0.3398437500000001
0 0.4242768158783784 0.3414625563063064 0.38975401182432445 0.33379082207207217 0.3854782516891893 0.3679969031531532 0.42000105574324326 0.3756686373873875
0 0.470703125 0.4375000000000001 0.44921875 0.4375000000000001 0.44921875 0.4960937500000001 0.470703125 0.4960937500000001
0 0.5238920707295374 0.4214459148873073 0.522777190836299 0.3426610690984579 0.4325970306939502 0.3449297523724792 0.4337119105871886 0.4237145981613286
0 0.3661534926470589 0.46974571078431376 0.3388671875 0.4479166666666667 0.3193933823529412 0.4911917892156863 0.34667968750000006 0.5130208333333334
0 0.29655106707317075 0.5619982215447156 0.27573361280487807 0.5517721036585367 0.26836413871951226 0.5784425813008132 0.28918159298780494 0.5886686991869919
0 0.412890625 0.6908854166666667 0.31796875 0.6486979166666667 0.2841796875 0.7838541666666667 0.3791015625 0.8260416666666668
0 0.4698282235804417 0.6798600157728708 0.4482421875 0.6432291666666666 0.41921640871451105 0.6736371253943219 0.44080244479495273 0.710267974500526
0 0.503374458539604 0.6516218028052807 0.4556099164603961 0.6452531971947196 0.4531636757425743 0.67786974009901 0.5009282178217822 0.6842383457095711
0 0.4709227071005918 0.5842964127218937 0.4467571190828403 0.571029031065089 0.4385459042159764 0.5976177268244578 0.4627114922337278 0.6108851084812625
0 0.5135302780051451 0.6746143689585283 0.4986762964803555 0.6660320685219833 0.4690934869036483 0.7570560979887747 0.48394746842843783 0.7656383984253198
0 0.5993226192903751 0.8264618168841762 0.48035436633360523 0.7527350122349102 0.4393377854812398 0.8703987391245243 0.5583060384380096 0.9441255437737901
0 0.615234375 0.90234375 0.5845013786764705 0.8777573529411765 0.5669232536764705 0.9168198529411765 0.59765625 0.94140625
0 0.6682091346153846 0.8195713141025641 0.6274038461538461 0.7243589743589745 0.5943810096153845 0.7495192307692309 0.635186298076923 0.8447315705128204
0 0.6982819570135747 0.7732489630467574 0.6715480062217194 0.740844174208145 0.6288178733031675 0.8035150358220212 0.6555518240950227 0.8359198246606336
0 0.6276292067307693 0.6947115384615384 0.576171875 0.6809895833333334 0.5676832932692307 0.7375801282051283 0.619140625 0.7513020833333335
0 0.6390494048680457 0.6130342070851166 0.5888671875 0.5677083333333335 0.5444872280670471 0.6550593645981931 0.5946694454350928 0.7003852383499763
0 0.7470703125000001 0.5989583333333335 0.6940702731423175 0.5978366393786735 0.6928998740554158 0.6961501626784216 0.7458999134130984 0.6972718566330816
0 0.7304092639593908 0.5210250105752962 0.6912228347081217 0.4757429145516075 0.674532043147208 0.5014210554145517 0.7137184723984771 0.5467031514382403
0 0.7066629734085416 0.5363890847434865 0.5661796182514103 0.40720898804727373 0.5338531174456084 0.46970688960515716 0.6743364726027397 0.5988869863013698
0 0.6752653301886793 0.44772012578616366 0.6205778301886793 0.42688679245283023 0.6105173938679245 0.473835495283019 0.6652048938679246 0.49466882861635236
0 0.7626953125 0.4518229166666668 0.7283203125 0.42890625000000004 0.7166015625 0.46015625000000004 0.7509765625 0.4830729166666668
0 0.9605468750000001 0.9195312500000002 0.9341796875000001 0.9078125000000002 0.9248046875000002 0.9453125000000002 0.9511718750000002 0.9570312500000002