0 0.3474609375 0.7442708333333334 0.2923828125 0.7197916666666668 0.27343750000000006 0.7955729166666666 0.32851562500000003 0.8200520833333333
0 0.45618038366336633 0.3766759488448845 0.33650626092020963 0.3533249005047564 0.3267019601776354 0.4426529739370996 0.446376082920792 0.46600402227722776
0 0.35477861051917864 0.566190329168281 0.2586585262495157 0.3910381756102286 0.1810314558310732 0.4667719028477334 0.27715154010073617 0.6419240564057859
0 0.5305251288659794 0.35980455326460475 0.4805090206185566 0.20975622852233677 0.4101965206185566 0.2514228951890034 0.4602126288659793 0.4014712199312714
0 0.60546875 0.12760416666666685 0.5849609374999999 0.10937500000000006 0.572490985576923 0.1343149038461539 0.5929987980769231 0.1525440705128207
0 0.48034060378959265 0.1130632541478132 0.4580078124999999 0.09895833333333354 0.4488210548642534 0.12481735482654618 0.4711538461538461 0.13892227564102586
0 0.82421875 0.3841145833333334 0.563240187086309 0.35936347834291366 0.5560431885233409 0.49427192199384545 0.8170217514370319 0.5190230269842654
0 0.8762725384927064 0.4476528734467856 0.839628494732577 0.3896331374932471 0.8203219965559156 0.41131060913020007 0.8569660403160452 0.4693303450837386
0 0.5859955855018587 0.5196909851301117 0.5624927393122676 0.4955855018587361 0.5333047746282528 0.5461779739776952 0.5568076208178439 0.5702834572490707
0 0.578125 0.7291666666666666 0.5234375 0.7291666666666666 0.5234375 0.7591145833333334 0.578125 0.7591145833333334
0 0.369140625 0.1393229166666667 0.3525390625 0.12760416666666669 0.3439400337837838 0.14926097972972976 0.3605415962837838 0.1609797297297298
0 0.7276893028846154 0.2965745192307693 0.7091731906185031 0.27342937889812896 0.6779577053014553 0.3178247357934859 0.6964738175675675 0.3409698761261263
0 0.443359375 0.3450520833333334 0.4248046875 0.2916666666666667 0.39684401016160625 0.30894318274567417 0.41539869766160625 0.3623285994123409