0 0.355078125 0.1278645833333334 0.3193359375 0.11197916666666673 0.3087890625 0.15416666666666673 0.34453125 0.17005208333333338
0 0.34620824353448276 0.17941810344827594 0.3290005387931034 0.1695851293103449 0.3215247844827586 0.19284303160919547 0.33873248922413796 0.20267600574712652
0 0.494140625 0.11197916666666675 0.34375 0.11197916666666674 0.34375 0.2356770833333334 0.494140625 0.2356770833333334
0 0.6507662259615385 0.27724358974358976 0.6351412259615385 0.17307692307692307 0.5464993990384615 0.1967147435897436 0.5621243990384615 0.3008814102564103
0 0.59296875 0.20651041666666667 0.580835556402439 0.1310149898373984 0.5596274771341464 0.13707444105691063 0.5717606707317074 0.21256986788617888
0 0.6841195913461539 0.44571314102564114 0.6525691105769231 0.43729967948717957 0.647010216346154 0.47435897435897445 0.6785606971153847 0.482772435897436
0 0.7153452280405406 0.33474099099099114 0.6937816722972973 0.33020129504504514 0.6907728040540541 0.3556095157657658 0.7123363597972973 0.3601492117117118
0 0.5498450969827586 0.37668821839080463 0.5246565193965517 0.374712643678161 0.5232758620689655 0.40600754310344833 0.5484644396551724 0.407983117816092
0 0.48845358455882354 0.23996629901960792 0.473288143382353 0.23491115196078435 0.455078125 0.33203125000000006 0.47024356617647056 0.33708639705882354
0 0.5533626870324189 0.3045154041978389 0.5176146547693266 0.2613907938487116 0.4766647833541146 0.32173797277639243 0.512412815617207 0.36486258312551967
0 0.4286120656120332 0.35796918222683266 0.37140900544605804 0.3422663813969571 0.354787182313278 0.44991247406639007 0.4119902424792531 0.4656152748962656
0 0.39453125 0.30468750000000006 0.3427734375 0.3046875 0.3427734375 0.3528645833333333 0.39453125 0.35286458333333337
0 0.37085851961678834 0.27071928223844294 0.28641081204379565 0.22977493917274944 0.2623175182481752 0.31811701642335777 0.34676522582116787 0.3590613594890512
0 0.2983752765486726 0.4108798856932155 0.2545163855088496 0.37659937315634223 0.21373237002212395 0.4693630162241888 0.25759126106194696 0.503643528761062
0 0.34364776060469315 0.5550541516245489 0.2949959104241878 0.540952166064982 0.28969003835740076 0.573494848074609 0.33834188853790625 0.5875968336341758
0 0.3105468750000001 0.6171875 0.2734375000000001 0.6171875 0.2734375000000001 0.65234375 0.3105468750000001 0.65234375
0 0.4849661574331849 0.6009871473645136 0.4841026934855234 0.5238510347067559 0.30859375000000006 0.52734375 0.30945721394766146 0.6044798626577579
0 0.6066727311643835 0.6123537385844752 0.5867267765410958 0.5414347888127854 0.5062473244863014 0.5816745148401827 0.526193279109589 0.6525934646118723
0 0.5757962740384617 0.5352564102564104 0.5672325721153848 0.4781650641025642 0.5435697115384616 0.48447516025641035 0.5521334134615385 0.5415665064102565
0 0.6484375000000001 0.5820312500000001 0.6215533088235294 0.5740655637254902 0.6168658088235295 0.6021905637254902 0.64375 0.6101562500000001
0 0.5643385487721692 0.6869582054342885 0.5184414435538881 0.6159706826966805 0.43865775281377895 0.7076760743519783 0.48455485803206005 0.7786635970895863
0 0.5863240979381443 0.7475139604810997 0.5456588273195877 0.7028618986254297 0.501965206185567 0.7736039518900345 0.5426304768041237 0.8182560137457046
0 0.6139934392265194 0.8318442104051567 0.6130114813535912 0.8069679442909761 0.5916889675414365 0.8084642610497237 0.5926709254143646 0.8333405271639044