0 0.671875 0.2031250000000001 0.5654296875 0.2031250000000001 0.5654296875 0.5234375000000001 0.671875 0.5234375000000001
0 0.685546875 0.3815104166666667 0.6767578125 0.3411458333333333 0.6641487224088292 0.3460267714331414 0.6729377849088292 0.38639135476647474
0 0.5957526967005077 0.42931075507614214 0.5915440593274112 0.35074952411167515 0.5535126506979695 0.35437156302876477 0.5577212880710659 0.4329327939932318
0 0.5421875 0.08932291666666667 0.534375 0.05807291666666667 0.5068359375 0.0703125 0.5146484375 0.1015625
0 0.5468749999999998 0.32421875 0.5211362933168315 0.29614016089108913 0.5021658415841583 0.3270549711221122 0.5279045482673266 0.35513356023102305
0 0.6996805111821085 0.4333607894036209 0.699093949680511 0.4138087393503727 0.6675818690095846 0.4154893836528222 0.6681684305111821 0.4350414337060703
0 0.7848743556701031 0.4366543170103094 0.7758134664948453 0.4094716494845361 0.7436473099226804 0.4285330756013746 0.7527081990979381 0.45571574312714785
0 0.771484375 0.3684895833333336 0.7568359375 0.3489583333333336 0.7373046875 0.3750000000000001 0.751953125 0.3945312500000001
0 0.8354055204280154 0.4300573524643322 0.8168014348249025 0.4081701929312581 0.8032359557392994 0.42866913910505844 0.8218400413424123 0.4505562986381325
0 0.7343750000000002 0.5638020833333337 0.6982421875000001 0.5338541666666669 0.6754735659246577 0.5826912100456624 0.7116063784246578 0.6126391267123291
0 0.49230238970588236 0.4694393382352941 0.47937729779411764 0.4407169117647059 0.45812270220588236 0.4577205882352942 0.471047794117647 0.48644301470588236
0 0.45858698397806014 0.44265600943033107 0.2762020965646651 0.40565038010007703 0.25919592595265584 0.5546568273672056 0.4415808133660509 0.5916624566974596
0 0.4518317145270271 0.5194608671171173 0.4274440456081082 0.5140413851351353 0.4248046875000001 0.5351562500000001 0.44919235641891897 0.540575731981982
0 0.3801462007261412 0.5790867047026279 0.3023453708506224 0.5514241874135546 0.26785366960580914 0.7238826936376211 0.34565449948132787 0.7515452109266945
0 0.3082570643095769 0.6832039949888642 0.28808593749999994 0.6484375000000001 0.23434542037861913 0.7038679704899777 0.25451654718819605 0.7386344654788419
0 0.6506281672297297 0.8079954954954954 0.6246304898648649 0.7594664977477478 0.5941459037162163 0.7884994369369369 0.620143581081081 0.8370284346846847
0 0.5136718750000001 0.7877604166666666 0.4931640625000001 0.7708333333333334 0.48442302766393447 0.7896601775956285 0.5049308401639345 0.8065872609289618
0 0.5400390625000001 0.6640625000000001 0.474609375 0.5768229166666666 0.4101562499999999 0.6627604166666667 0.4755859375 0.7500000000000002