0 0.6776086788366336 0.5173009488448846 0.6663830445544553 0.4990073226072609 0.6495784344059405 0.5173396245874589 0.6608040686881187 0.5356332508250826
0 0.4408889358108108 0.5482052364864866 0.389938766891892 0.5374788851351352 0.38654983108108115 0.5660965653153153 0.4375 0.5768229166666666
0 0.6315743424773756 0.46116492269984927 0.5372870121606336 0.42580717383107103 0.5282195630656109 0.4687935991704375 0.622506893382353 0.5041513480392158
0 0.715739213884083 0.3891201701268744 0.6306363538062283 0.3545856761822377 0.6121627649221453 0.4355175893886967 0.697265625 0.47005208333333337
0 0.609375 0.6770833333333334 0.55078125 0.6770833333333334 0.55078125 0.8138020833333334 0.609375 0.8138020833333334
0 0.85546875 0.27734375 0.7790625 0.2009375000000001 0.7341796875 0.2807291666666668 0.8105859375 0.3571354166666667
0 0.7559771704766537 0.5378516131647212 0.6158993494649805 0.5261784614137485 0.6083566391050584 0.687089615758755 0.7484344601167316 0.6987627675097278
0 0.3802734375 0.49453125 0.3623046875000001 0.4466145833333334 0.29433593750000003 0.49192708333333346 0.3123046875 0.53984375
0 0.6043254573170731 0.2220528455284553 0.5819073932926828 0.2082571138211383 0.5600990853658536 0.27125889227642286 0.5825171493902438 0.2850546239837398
0 0.418359375 0.26145833333333335 0.4130859375 0.2473958333333334 0.3970703125 0.2580729166666667 0.40234375 0.2721354166666667
0 0.2934966216216216 0.1669833896396397 0.28167229729729726 0.15572212837837843 0.26953125 0.1783854166666667 0.28135557432432434 0.18964667792792803
0 0.2666015625000001 0.7135416666666666 0.22070312500000008 0.7135416666666666 0.22070312500000008 0.7513020833333334 0.2666015625000001 0.7513020833333334
0 0.22558593750000006 0.5130208333333335 0.17968750000000006 0.4518229166666668 0.15039062500000006 0.4908854166666668 0.19628906250000006 0.5520833333333335
0 0.47752305327868855 0.5796618852459017 0.4599129098360656 0.5514856557377049 0.439453125 0.57421875 0.457063268442623 0.6023949795081969
0 0.49426143685567003 0.5446332689003436 0.4502859213917526 0.5220817225085911 0.4417284149484536 0.5517477448453609 0.48570393041237103 0.5742992912371135
0 0.4699466463414634 0.7464214939024392 0.4238633765243903 0.6422332317073172 0.35326505335365854 0.6977464430894309 0.39934832317073166 0.801934705284553
0 0.40906059451219506 0.1472624491869919 0.39753239329268286 0.12804878048780485 0.3787157012195121 0.14811991869918695 0.3902439024390243 0.167333587398374
0 0.5099916693758126 0.40709491493281325 0.49312342530884257 0.3991926744690074 0.47824894343302987 0.4556394262028609 0.4951171875 0.46354166666666674
0 0.2913762019230769 0.3724559294871794 0.28096454326923076 0.3546073717948718 0.2637920673076922 0.3724158653846154 0.2742037259615384 0.39026442307692305