0 0.5674030521373057 0.3849983808290156 0.5480488989637304 0.28693733808290156 0.4787332011010362 0.3112586355785838 0.49808735427461126 0.40931967832469784
0 0.31933593750000006 0.4401041666666667 0.2824315866712708 0.43751438766114176 0.28039213570441995 0.48918047882136284 0.31729648653314924 0.4917702578268877
0 0.3559080288080127 0.7017413104918684 0.35523167889726304 0.6377135189408966 0.2767646302310591 0.6391870785402618 0.27744098014180885 0.7032148700912336
0 0.3590145520386266 0.6248044080829758 0.3525390624999999 0.5885416666666665 0.31143542113733896 0.601590441702432 0.3179109106759656 0.6378531831187412
0 0.51171875 0.6966145833333336 0.490234375 0.6679687500000002 0.4570312500000001 0.7122395833333336 0.4785156250000001 0.7408854166666669
0 0.47902478448275865 0.8996569683908047 0.4614399245689655 0.8125700431034484 0.4240369073275862 0.8259967672413794 0.44162176724137936 0.9130836925287357
0 0.5604291523972603 0.5927796803652969 0.5404644691780821 0.5641124429223745 0.5089629708904109 0.6031142979452055 0.5289276541095891 0.631781535388128
0 0.548721866904145 0.5523262089810019 0.5419921874999999 0.5182291666666666 0.500941143134715 0.5326330418825561 0.5076708225388601 0.5667300841968914
0 0.7883864182692308 0.5683092948717949 0.5964543269230769 0.5171274038461539 0.5749699519230769 0.6603565705128207 0.7669020432692308 0.7115384615384617
0 0.7243378429878049 0.7514354674796748 0.7038300304878049 0.6772167174796748 0.6568549923780488 0.700292174796748 0.6773628048780487 0.774510924796748
0 0.6585380914356864 0.3411300436696984 0.6093200181355566 0.32716746968384586 0.5854240539735815 0.4769155117655551 0.6346421272737116 0.4908780857514075
0 0.7236328125 0.5104166666666669 0.705078125 0.48567708333333354 0.685546875 0.5117187500000002 0.7041015625 0.5364583333333336
0 0.7890625 0.5807291666666669 0.775390625 0.5807291666666669 0.775390625 0.6158854166666669 0.7890625 0.6158854166666669
0 0.8355930692427386 0.5137664246196404 0.8137966804979253 0.46356868084370684 0.7598264068983402 0.5052299446749655 0.7816227956431535 0.5554276884508991