0 0.45864696516617964 0.31175051740930126 0.40014024264974435 0.15234089663988318 0.28219232217859747 0.2292998234721208 0.3406990446950328 0.3887094442415389
0 0.3774061694587629 0.35964347079037806 0.37196963595360827 0.340796821305842 0.3519450708762887 0.3510658290378007 0.3573816043814433 0.36991247852233683
0 0.3570754716981133 0.4298938679245284 0.31933593750000006 0.375 0.2768831073113208 0.42688679245283023 0.3146226415094341 0.4817806603773586
0 0.3785427121350365 0.46715328467153283 0.36801437043795615 0.4370723083941605 0.34320825729927 0.45250722323600967 0.35373659899635035 0.48258819951338194
0 0.19698788704128442 0.4617378631498471 0.1600756163990826 0.44697295489296635 0.14421767488532114 0.5174526949541284 0.18112994552752296 0.5322176032110092
0 0.19587550044483984 0.4395249481020166 0.17546152135231316 0.3875620922301305 0.11328125 0.4309895833333333 0.13369522909252668 0.4829524392052194
0 0.36437295305676864 0.6284058860989813 0.35156676446506546 0.6060771470160117 0.3107515693231441 0.6476926401018923 0.32355775791484725 0.6700213791848618
0 0.46593285719244654 0.48448600793761 0.396971435885865 0.38942054579746366 0.37199193800333236 0.42163454306674075 0.4409533593099139 0.5167000052068871
0 0.5013988597972973 0.5307221283783784 0.4912637246621621 0.5121410472972973 0.4601984797297297 0.5422649211711712 0.4703336148648648 0.5608460022522521
0 0.5338655118967829 0.5918509830205542 0.5221153443364612 0.5562444146559429 0.49868308059651484 0.5699913427167114 0.5104332481568365 0.6055979110813225
0 0.5039062500000001 0.7565104166666669 0.49394531250000007 0.7520833333333335 0.4900390625 0.7677083333333335 0.5 0.7721354166666669
0 0.5039062500000001 0.7382812500000001 0.48984375 0.72890625 0.4818359375 0.7502604166666667 0.49589843750000007 0.7596354166666668
0 0.6626572027439024 0.7448551829268292 0.6602038871951219 0.7154153963414633 0.6321217606707317 0.7195757113821137 0.6345750762195121 0.7490154979674796
0 0.677734375 0.5520833333333334 0.603515625 0.5520833333333334 0.603515625 0.62890625 0.677734375 0.62890625
0 0.6272403492647058 0.5258118872549021 0.6134535845588236 0.521216299019608 0.6073069852941178 0.5539981617647061 0.62109375 0.5585937500000001
0 0.642578125 0.4830729166666668 0.6220703125000001 0.4713541666666668 0.614897629310345 0.4936691810344829 0.6354054418103449 0.5053879310344829
0 0.6243692949679355 0.49695516135705425 0.5684785665339264 0.4091860174458695 0.54565116557199 0.4350283581574956 0.6015418940059992 0.5227975020686803
0 0.5712139423076923 0.46925080128205127 0.5473257211538461 0.4214743589743589 0.5265925480769231 0.4399038461538461 0.5504807692307693 0.48768028846153844
0 0.5824878800983249 0.1857427090920127 0.5383270552621996 0.1329006964675893 0.46429181081573195 0.24289591678805547 0.5084526356518573 0.29573792941247884
0 0.4826214644160583 0.17374733880778587 0.474338503649635 0.1500817366180049 0.4470731637773723 0.16704683698296835 0.45535612454379565 0.19071243917274933
0 0.7110546875 0.39562499999999995 0.6965625 0.2603645833333333 0.6115234374999999 0.2765625 0.626015625 0.4118229166666667
0 0.830078125 0.4596354166666666 0.8214039522058825 0.4133731617647059 0.783260569852941 0.42608762254901966 0.7919347426470587 0.47234987745098034
0 0.8165905070754716 0.6857556996855346 0.7384565432177459 0.6028380237548868 0.7118488255354409 0.6474116362825088 0.7899827893931668 0.7303293122131564
0 0.5874583760245902 0.8999103483606558 0.5743948514344264 0.8853953210382516 0.5590259989754099 0.9099854849726778 0.5720895235655737 0.9245005122950819
0 0.9921875 0.03906250000000016 0.974609375 0.03906250000000016 0.974609375 0.07421875000000015 0.9921875 0.07421875000000015
0 0.4765625 0.85546875 0.4708041487068965 0.8375538793103449 0.45123922413793105 0.8487338362068966 0.45699757543103453 0.8666487068965517