0 0.72265625 0.5859375 0.63671875 0.5859375 0.63671875 0.6627604166666666 0.72265625 0.6627604166666666
0 0.3663455528846154 0.2966891025641026 0.3640300480769231 0.12071073717948719 0.2811676682692308 0.12264903846153846 0.28348317307692306 0.2986274038461538
0 0.513671875 0.4713541666666668 0.412109375 0.4713541666666668 0.412109375 0.7591145833333334 0.513671875 0.7591145833333334
0 0.5330698529411764 0.45257046568627446 0.5202550551470587 0.4106311274509805 0.49444623161764695 0.42465073529411773 0.5072610294117647 0.46659007352941173
0 0.4963792067307692 0.422215544871795 0.48393930288461534 0.39318910256410267 0.4442908653846153 0.423397435897436 0.45673076923076916 0.45242387820512836
0 0.5326171875 0.45208333333333334 0.5220703125 0.40989583333333335 0.4986328125 0.4203125 0.5091796875 0.4625
0 0.3906250000000001 0.671875 0.3691406250000001 0.671875 0.3691406250000001 0.7018229166666666 0.3906250000000001 0.7018229166666666
0 0.7922175480769231 0.4464142628205128 0.7768930288461539 0.41576522435897434 0.7435396634615385 0.4454126602564103 0.7588641826923077 0.47606169871794873
0 0.830078125 0.3815104166666668 0.7646484374999998 0.36458333333333337 0.7570715871887075 0.4166498944468299 0.8225012746887076 0.43357697778016324
0 0.7629176980198019 0.5563505569306931 0.7470703125 0.5390625000000001 0.7321028001237624 0.563454001650165 0.7479501856435642 0.5807420585808581
0 0.5220724907063198 0.7338764327757125 0.5185546875000001 0.6979166666666666 0.49692872908921937 0.7016777029120199 0.500446532295539 0.7376374690210656