0 0.4531098005836576 0.25097782911802846 0.4327615819552529 0.2270387483787289 0.39730894333657585 0.2806116245136187 0.41765716196498054 0.3045507052529183
0 0.2119140625 0.5807291666666667 0.18359375000000003 0.5429687500000001 0.14257812500000003 0.5976562500000001 0.17089843750000003 0.6354166666666667
0 0.45447216135091323 0.13165389903751734 0.40682028487772526 0.05438058583775304 0.37553805889068925 0.0886751743272443 0.4231899353638773 0.1659484875270086
0 0.6262809551886792 0.1943632075471698 0.5851577240566037 0.15276729559748425 0.538443396226415 0.2348712657232704 0.5795666273584905 0.2764671776729559
0 0.5202886557450629 0.6178630872232197 0.46572388352782773 0.56425559171155 0.42868463868940754 0.631278987133453 0.48324941090664275 0.6848864826451226
0 0.39029412355398463 0.5346822782776351 0.3390850939910027 0.5300269119537276 0.33112297156169673 0.6857306394601542 0.38233200112467874 0.6903860057840617
0 0.39022977941176473 0.3834129901960784 0.19935661764705886 0.27625612745098044 0.14115808823529413 0.4605514705882353 0.33203125 0.5677083333333334
0 0.6775937901670951 0.39901657562125126 0.6532675931876606 0.3799372054413027 0.6277865922236504 0.4376941409597259 0.6521127892030849 0.45677351113967446
0 0.45274474557522126 0.4294800884955753 0.4384074253318584 0.40763274336283195 0.41662921736725667 0.43304065265486735 0.4309665376106195 0.45488799778761074
0 0.49436961206896546 0.6588362068965518 0.4740032327586207 0.6346982758620691 0.4502424568965518 0.6703394396551725 0.47060883620689653 0.6944773706896552
0 0.6222501738257108 0.31975078543469304 0.5961244109239802 0.26977106510094756 0.5624637863102595 0.30105164555006175 0.5885895492119901 0.35103136588380723