0 0.1953125 0.11067708333333338 0.1787109375 0.09895833333333336 0.1698268581081081 0.12133305180180183 0.1864284206081081 0.13305180180180184
0 0.3309536637931035 0.4502065373563219 0.3058997844827586 0.3722611350574713 0.21844692887931041 0.42223419540229895 0.24350080818965517 0.5001795977011495
0 0.4970703125 0.3828125000000001 0.4345703125 0.2994791666666668 0.333984375 0.4335937500000001 0.396484375 0.5169270833333335
0 0.46712797801322886 0.7085751214682348 0.41355292672097016 0.6232034950187818 0.3491256392393435 0.6950815572431817 0.40270069053160223 0.7804531836926346
0 0.611328125 0.7330729166666666 0.59453125 0.721875 0.5830078125 0.7526041666666667 0.5998046875 0.7638020833333334
0 0.6005859374999999 0.6796875000000001 0.5968749999999999 0.6450520833333334 0.5714453125 0.6498958333333335 0.5751562499999999 0.6845312500000001
0 0.7178786057692307 0.5013822115384615 0.7121995192307692 0.47361778846153857 0.691045673076923 0.48131009615384623 0.6967247596153845 0.5090745192307692
0 0.7949218750000001 0.4700520833333334 0.7353515625 0.43750000000000006 0.7190043646456512 0.49068288368614826 0.7785746771456512 0.5232349670194817
0 0.6994149153930131 0.9394445960698692 0.6884765625000001 0.9375000000000002 0.6842717999454149 0.9795476255458515 0.695210152838428 0.9814922216157206
0 0.6990234375 0.3015625000000002 0.680859375 0.2934895833333335 0.6751953125 0.3161458333333334 0.693359375 0.32421875000000006
0 0.4537214240771812 0.11735353747203583 0.4328138108221477 0.09783976510067122 0.4168938758389261 0.1281634507829978 0.4378014890939596 0.1476772231543624