0 0.6009252735411141 0.30807222590627775 0.5384200928381964 0.29052691202475694 0.5291362732095491 0.34932443633952265 0.5916414539124669 0.3668697502210435
0 0.677038630937016 0.4665982350283945 0.6257244813177595 0.3949970960247807 0.5922833916817243 0.4376035213388402 0.6435975413009809 0.5092046603424539
0 0.6786932621606335 0.7807550904977377 0.6736602092760182 0.6398296097285067 0.5992381928733033 0.6445548171191553 0.6042712457579186 0.7854802978883862
0 0.44613845882590003 0.8210842345065378 0.4441003240865126 0.6553159423696938 0.33571500537345517 0.6576850203743508 0.3377531401128426 0.8234533125111948
0 0.5173257211538462 0.6410777243589744 0.5127493990384615 0.5312459935897434 0.4655859374999999 0.5347395833333333 0.4701622596153845 0.6445713141025641
0 0.5925375970838219 0.5163806052168816 0.5564127985785463 0.4548346522078937 0.49361170134818283 0.5203662319265339 0.5297364998534585 0.5819121849355218
0 0.5540528792655786 0.4711223417408507 0.5458984375 0.4322916666666668 0.5275697793026705 0.4391343657270031 0.5357242210682491 0.47796504080118696
0 0.458984375 0.6809895833333334 0.43672568417159763 0.6686236439842209 0.42696005917159763 0.6998736439842209 0.44921875 0.7122395833333334
0 0.47761418269230765 0.6450320512820513 0.4521484375 0.6223958333333334 0.43231670673076916 0.6620592948717949 0.4577824519230768 0.6846955128205129
0 0.21484375000000008 0.7838541666666666 0.18945312500000008 0.7838541666666666 0.18945312500000008 0.82421875 0.21484375000000008 0.82421875
0 0.49592141544117646 0.7483149509803921 0.4638671874999999 0.6770833333333333 0.4406020220588235 0.6956954656862744 0.47265625 0.7669270833333334
0 0.29785156249999994 0.5625 0.2910156249999999 0.5351562499999999 0.2669921875 0.5458333333333332 0.273828125 0.5731770833333333