0 0.6614739697052403 0.7674217612809315 0.6455078125000001 0.7395833333333335 0.6319510780567686 0.7534058860989813 0.6479172352620088 0.7812443140465793
0 0.3548445554123711 0.5039867912371133 0.33691406250000006 0.4947916666666667 0.3289606153350516 0.522363616838488 0.34689110824742264 0.5315587414089347
0 0.15605468749999998 0.6697916666666667 0.146875 0.6330729166666668 0.12109375 0.6445312500000001 0.1302734375 0.68125
0 0.51171875 0.5247395833333334 0.4958714978448276 0.5068606321839081 0.46942349137931033 0.5485362787356323 0.48527074353448274 0.5664152298850575
0 0.394140625 0.6481770833333333 0.3734525240384616 0.6267227564102564 0.3512620192307693 0.6647636217948718 0.37195012019230766 0.6862179487179486
0 0.49919239294982704 0.42001874279123425 0.45574718858131485 0.4023888047866206 0.44848548334775085 0.4342019896193772 0.491930687716263 0.4518319276239909
0 0.674460018382353 0.30001531862745107 0.6478056066176471 0.29113051470588247 0.632123161764706 0.3747702205882354 0.6587775735294119 0.38365502450980404
0 0.305983832807571 0.45381342008412207 0.1904524842271294 0.42221510252365935 0.18182669558359627 0.4782827287066247 0.2973580441640379 0.5098810462670874
0 0.8335751727185089 0.567463983504713 0.7216796875000001 0.5572916666666669 0.7161803100899744 0.6648350471293918 0.8280757953084834 0.6750073639674381
0 0.6428856612569062 0.6106555018416207 0.6369831232734807 0.4611245395948435 0.5472850483425413 0.4674191413443831 0.5531875863259669 0.6169501035911603
0 0.49792757601351356 0.03939189189189196 0.36423353040540535 0.03524634009009015 0.36225823479729724 0.14849662162162167 0.4959522804054054 0.15264217342342348
0 0.5502765098314607 0.8195663623595506 0.524732268258427 0.671977411048689 0.3317349894662921 0.7313611891385767 0.35727923103932585 0.8789501404494383