0 1 0.13671875000000017 0.974609375 0.13671875000000017 0.974609375 0.1809895833333335 1 0.1809895833333335
0 0.904296875 0.2226562500000001 0.8955078125 0.19010416666666666 0.8824362606232293 0.19637851156751657 0.8912253231232296 0.22893059490085002
0 0.7531249999999999 0.18046875000000012 0.7282421874999999 0.17572916666666677 0.7192578124999999 0.25958333333333344 0.7441406249999999 0.2643229166666668
0 0.42472956730769235 0.1883012820512821 0.40670072115384615 0.1722756410256411 0.38671875 0.2122395833333334 0.40474759615384615 0.2282652243589744
0 0.5 0.13671875000000008 0.48108836206896555 0.1346174568965518 0.47913523706896555 0.16586745689655177 0.498046875 0.16796875000000006
0 0.5512839774408285 0.1068170611439843 0.5322265625 0.0963541666666667 0.5230041142751479 0.1262173323471401 0.5420615292159764 0.1366802268244577
0 0.2605549015410959 0.28278396118721466 0.2505886130136986 0.2535495148401827 0.228515625 0.26692708333333337 0.23848191352739728 0.29616152968036535
0 0.453125 0.2799479166666667 0.4501953125 0.2526041666666667 0.4332421875 0.25583333333333336 0.436171875 0.28317708333333336
0 0.26613567947247707 0.45736573012232423 0.24463338589449543 0.44876481269113155 0.236946315940367 0.48292956804281345 0.25844860951834864 0.49153048547400613
0 0.3100640800561798 0.38256378745318353 0.2939453125 0.3776041666666667 0.29015976123595505 0.3994762406367042 0.30627852879213485 0.4044358614232211
0 0.3436018318965517 0.4015894396551724 0.34277343749999994 0.38281249999999994 0.3160964439655172 0.38490481321839076 0.316924838362069 0.4036817528735632
0 0.20117187500000006 0.5664062500000001 0.18652343750000006 0.5468750000000001 0.16894531250000003 0.5703125000000001 0.18359375000000003 0.5898437500000001
0 0.28890706098615915 0.6589172433679354 0.23416549524221458 0.619989907727797 0.1923997080449827 0.7244043757208767 0.2471412737889273 0.7633317113610151
0 0.2929687500000001 0.796875 0.21484375000000008 0.796875 0.21484375000000008 0.8606770833333334 0.2929687500000001 0.8606770833333334
0 0.4540670955882353 0.8550245098039218 0.4344209558823531 0.8492034313725492 0.42957261029411775 0.8782935049019609 0.44921875 0.8841145833333334
0 0.5555286974009902 0.7999819513201322 0.5261351330445546 0.7960628094059407 0.5242690284653466 0.8209442037953797 0.5536625928217822 0.8248633457095711
0 0.37137970476519344 0.6752129373848988 0.3680183874309393 0.5900595649171271 0.325988432320442 0.5930090354511971 0.32934974965469616 0.6781624079189688
0 0.4140625 0.6015625 0.3828125000000001 0.6015625 0.3828125000000001 0.6497395833333334 0.4140625 0.6497395833333334
0 0.48625300480769235 0.6176883012820512 0.4691256009615385 0.5834334935897434 0.4220252403846153 0.6253004807692306 0.4391526442307693 0.6595552884615384
0 0.501953125 0.7018229166666666 0.4904969167284866 0.6226709322453018 0.4449085450667655 0.6344012734915926 0.4563647533382788 0.7135532579129575
0 0.58203125 0.6549479166666667 0.5122129470526561 0.5952741534638087 0.4633848220526561 0.6968366534638086 0.5332031250000001 0.7565104166666666
0 0.6861680327868853 0.580464480874317 0.4771516393442622 0.5148907103825137 0.458171106557377 0.6224470628415302 0.6671875 0.6880208333333334
0 0.66015625 0.5195312500000001 0.62890625 0.4778645833333334 0.5712890625 0.5546875000000002 0.6025390625 0.5963541666666669
0 0.6868194994343891 0.3351126508295626 0.671411022341629 0.3164357088989443 0.6452515200791855 0.3548029788838613 0.6606599971719457 0.3734799208144796
0 0.525390625 0.3515625000000001 0.50390625 0.3515625000000001 0.50390625 0.3841145833333334 0.525390625 0.3841145833333334
0 0.5450712316176471 0.3216299019607844 0.5258042279411765 0.3196537990196079 0.5237017463235294 0.3560968137254903 0.54296875 0.3580729166666668
0 0.4867768158783784 0.3284417229729731 0.46238914695945954 0.32302224099099114 0.45803420608108114 0.3578617680180181 0.482421875 0.3632812500000001
0 0.38471174568965527 0.4353358477011495 0.36816406250000006 0.41666666666666674 0.35890355603448276 0.43125897988505757 0.3754512392241379 0.4499281609195404
0 0.7006519304607509 0.6712572881114905 0.673104868813993 0.624733361774744 0.6538535889505118 0.6449978668941979 0.6814006505972696 0.6915217932309444
0 0.77734375 0.6250000000000002 0.74609375 0.6250000000000002 0.74609375 0.6627604166666669 0.77734375 0.6627604166666669
0 0.8251425253378379 0.6032868806306307 0.8056640625 0.5989583333333335 0.8016258445945945 0.6312640765765768 0.8211043074324325 0.6355926238738742
0 0.6371520371160408 0.7614210039817974 0.6297661582764504 0.6777143771331058 0.5331597962883958 0.692868316268487 0.5405456751279862 0.7765749431171786
0 0.6682729252049182 0.7155908469945357 0.6393922899590165 0.7120901639344265 0.6344294313524592 0.7848787568306013 0.6633100665983609 0.7883794398907106
0 0.6705311066513762 0.826058390672783 0.6489840166284404 0.8105886850152906 0.6270337586009175 0.8649417048929664 0.6485808486238532 0.8804114105504588
0 0.6196257314694409 0.8882832818595578 0.5834027552015605 0.787663903337668 0.5549567213914174 0.8058693649761596 0.5911796976592978 0.9064887434980495
0 0.6255340985254693 0.817865421134942 0.5963419487265416 0.8007393599195711 0.5864637441353888 0.8306733132260948 0.6156558939343164 0.8477993744414657
0 0.5431530070754718 0.9066922169811323 0.5283203125000001 0.9010416666666669 0.5242298054245284 0.9201306996855347 0.5390625000000002 0.9257812500000002
0 0.43830422794117646 0.4886642156862745 0.41627987132352934 0.4821384803921569 0.41076516544117647 0.5152267156862746 0.43278952205882354 0.5217524509803922