0 0.5951171875 0.4463541666666666 0.5855859375 0.3573958333333333 0.5106640625 0.37166666666666665 0.5201953125000001 0.46062499999999995
0 0.330078125 0.3671875 0.271484375 0.3671875 0.271484375 0.4049479166666667 0.330078125 0.4049479166666667
0 0.30316208843797854 0.6227328196784074 0.2910350665199081 0.5598519652884125 0.21875000000000006 0.5846354166666666 0.23087702191807047 0.6475162710566615
0 0.3194062260719755 0.5303068370342011 0.2780556087289433 0.5161294825165901 0.271070121075804 0.5523505296069423 0.31242073841883616 0.5665278841245533
0 0.3450125802217037 0.7911804745235318 0.30945522170361733 0.7846411901983663 0.2998650816802801 0.8773458770906263 0.3354224401983664 0.8838851614157918
0 0.4277820121951219 0.7232278963414633 0.4251143292682927 0.6912157012195121 0.37580983231707316 0.6985200711382114 0.37847751524390244 0.7305322662601625
0 0.510171921433878 0.5769931742199108 0.4746717705237741 0.5621169205052006 0.4686542301263 0.5876458797672115 0.504154381036404 0.6025221334819217
0 0.5019531249999999 0.6393229166666666 0.4670624187407131 0.6247020492818226 0.4612364180906388 0.6494184156760774 0.4961271243499256 0.6640392830609213
0 0.7213104170450418 0.7562010950175567 0.5673785557800582 0.5996602191548615 0.5000000000000001 0.7174479166666666 0.6539318612649837 0.873988792529362
0 0.674298293513276 0.4736954762137187 0.6359831822286216 0.4341031945529092 0.5643246198994534 0.5573867426461019 0.6026397311841076 0.5969790243069114
0 0.7755085059171598 0.7300126356015778 0.7723777274408286 0.6729628944773175 0.7139538646449705 0.678662783530572 0.7170846431213017 0.7357125246548324
0 0.6253118596311477 0.8355823087431694 0.592939293032787 0.7966299521857924 0.5485373975409836 0.8622327527322404 0.5809099641393443 0.9011851092896175
0 0.715300673738532 0.7648963111620795 0.702399297591743 0.7597357607033639 0.695249784977064 0.7915113723241591 0.7081511611238531 0.7966719227828747