0 0.7868300714590444 0.308764398464164 0.7487527997013652 0.16817139505119455 0.5448225522610921 0.2663600327076223 0.5828998240187714 0.4069530361205917
0 0.521112666276405 0.689222445031221 0.5114723713381826 0.47499366862627884 0.40805560918194506 0.4832670095987778 0.41769590412016744 0.69749578600372
0 0.5077707016050583 0.4496291342412452 0.48219008390077817 0.41953428988326846 0.46611670111867703 0.4438229571984435 0.4916973188229572 0.4739178015564202
0 0.5536581503378379 0.4991202139639641 0.5302206503378379 0.49391188063063074 0.5272645692567568 0.5175605292792794 0.5507020692567568 0.5227688626126128
0 0.5875600961538461 0.5014222756410257 0.5761117788461537 0.4454527243589743 0.5559495192307692 0.4527844551282051 0.5673978365384615 0.5087540064102565
0 0.6059013656624155 0.6153465534443865 0.5822274775507548 0.517328350034704 0.5279395497136907 0.5406384207444039 0.5516134378253513 0.6386566241540864
0 0.3701716426579925 0.6906608193928129 0.36656671119888473 0.6538104089219332 0.34894865241635686 0.6568744191449816 0.35255358387546465 0.6937248296158612
0 0.43561606587942814 0.6511136899212762 0.39806848197638284 0.5929318481976383 0.3457152637507769 0.6529960055417444 0.3832628476538222 0.7111778472653822
0 0.34960937500000006 0.66796875 0.34868137085635365 0.644459311694291 0.32910156250000006 0.6458333333333335 0.33002956664364647 0.6693427716390424
0 0.3515625 0.7356770833333335 0.35083412465469616 0.7172249079189688 0.32910156250000006 0.7187500000000001 0.3298299378453039 0.7372021754143648
0 0.4433593750000001 0.8476562500000001 0.4014598242269119 0.8436079842248225 0.396574971270372 0.9334892786251566 0.43847452204346016 0.9375375444003342