0 0.6908979023972603 0.4921161529680366 0.5842465753424657 0.47714754566210055 0.5638002996575342 0.7361337043378996 0.6704516267123288 0.7511023116438358
0 0.6379954473058028 0.38875602868181364 0.5474746699416639 0.3076926459676595 0.4986990160615596 0.4045213514481631 0.5892197934256984 0.48558473416231723
0 0.68359375 0.07552083333333344 0.5673828125 0.07552083333333343 0.5673828125 0.17317708333333345 0.68359375 0.17317708333333345
0 0.5141746596534654 0.2423808787128713 0.47795095915841584 0.1659086221122112 0.4518641707920793 0.18787644389438943 0.4880878712871288 0.26434870049504955
0 0.31747526812130183 0.2609020586785011 0.23898044563609466 0.21729382396449706 0.18784093010355027 0.380940273668639 0.2663357525887574 0.424548508382643
0 0.37103209265044396 0.27360919859147204 0.2989774513934561 0.19056317138002843 0.28011030242929963 0.2196654403704921 0.3521649436862875 0.30271146758193573
0 0.5449218750000001 0.7252604166666667 0.5244140625000001 0.6979166666666667 0.5000000000000001 0.7304687500000001 0.5205078125000001 0.7578125000000001
0 0.39749999999999996 0.3798437500000001 0.384984375 0.2880625 0.35954687499999993 0.2942291666666667 0.3720624999999999 0.38601041666666674
0 0.45149635583067094 0.44310769435569763 0.4341366313897764 0.42174187965921206 0.404296875 0.4648437500000001 0.42165659944089456 0.4862095646964857
0 0.5223557692307693 0.49096554487179495 0.4970703125 0.48177083333333337 0.4884164663461538 0.5240785256410257 0.5137019230769232 0.5332732371794873
0 0.7588146492903929 0.4781204512372636 0.7190868927401747 0.4376137190684136 0.7021782887554585 0.4670953875545854 0.7419060453056768 0.5076021197234354
0 0.21796874999999996 0.3143229166666666 0.18457031250000003 0.2994791666666667 0.1775390625 0.32760416666666664 0.2109375 0.3424479166666667
0 0.181640625 0.5377604166666666 0.1609868494217082 0.5233355575326216 0.1532647075177936 0.542991918742586 0.17391848309608543 0.557416777876631
0 0.3613668395044544 0.6831459957312549 0.32489516634187093 0.6359473598737938 0.244048841174833 0.7470089782850781 0.2805205143374165 0.7942076141425392
0 0.5197452910958904 0.342554937214612 0.5068359375 0.3046875000000001 0.474609375 0.3242187500000001 0.4875187285958904 0.362086187214612