0 0.6605078125 0.11130208333333354 0.5649598672945205 0.02990938926940654 0.4348710402397261 0.30139911529680374 0.5304189854452056 0.3827918093607307
0 0.5625 0.5091145833333335 0.5400390625 0.47916666666666685 0.5224609375000001 0.5026041666666667 0.5449218750000001 0.5325520833333335
0 0.5733984375000001 0.4558854166666668 0.5388671875 0.4213541666666668 0.5271484375 0.4421875000000001 0.5616796875000001 0.47671875000000014
0 0.6040217607313195 0.6562396495760466 0.4990743615858505 0.5004686671966083 0.4260498435015897 0.5879330617382088 0.5309972426470588 0.7437040441176471
0 0.48622295673076926 0.4867988782051283 0.4560546875000001 0.48177083333333337 0.4541616586538463 0.5019631410256411 0.48432992788461543 0.506991185897436
0 0.4591796875 0.7859374999999998 0.4529296875 0.7609375 0.427734375 0.7721354166666666 0.433984375 0.7971354166666665
0 0.48933867436305734 0.8420332404458598 0.4833984375 0.8151041666666664 0.45950064689490444 0.8244758492569001 0.46544088375796183 0.8514049230360935
0 0.4843750000000001 0.7825520833333335 0.4628906250000001 0.7539062500000001 0.4492187500000001 0.7721354166666667 0.4707031250000001 0.8007812500000001
0 0.5224688906450922 0.6977598362266039 0.4680526347513932 0.6743189875339335 0.44656030660630097 0.763017484640663 0.5009765625 0.7864583333333334
0 0.6399489182692307 0.528044871794872 0.5763972355769231 0.47155448717948734 0.5442457932692307 0.535857371794872 0.6077974759615384 0.5923477564102567
0 0.6484375 0.9257812500000002 0.6123046875 0.8489583333333335 0.5762375161082474 0.8791161941580757 0.6123703286082474 0.9559391108247425