0 0.673828125 0.10937500000000012 0.640625 0.10937500000000012 0.640625 0.1992187500000001 0.673828125 0.1992187500000001
0 0.28151817519430045 0.3479733376511227 0.2710694624352331 0.2950331930051814 0.20915641191709847 0.3167570703799655 0.21960512467616583 0.3696972150259068
0 0.7840657120358092 0.3744197612732097 0.7077306448938994 0.3529923740053052 0.6979702005968171 0.4148085212201593 0.774305267738727 0.4362359084880639
0 0.4921875000000001 0.29296875000000017 0.3173828125 0.1718750000000001 0.2682072626105923 0.298074619071025 0.4430119501105924 0.41916836907102506
0 0.7265625 0.5872395833333335 0.7020450367647059 0.5664368872549022 0.6796875 0.6132812500000002 0.7042049632352941 0.6340839460784315
0 0.7269646139705882 0.4392616421568628 0.6851447610294119 0.4253216911764707 0.6768152573529413 0.4697457107843139 0.7186351102941176 0.483685661764706
0 0.6153223332852193 0.29833646073903003 0.6108905889145497 0.26406430427251737 0.5640606957274826 0.2748297969591994 0.5684924400981524 0.30910195342571206
0 0.43321520618556697 0.1553747852233677 0.40008054123711345 0.11899162371134023 0.3575426868556701 0.18786243556701035 0.39067735180412366 0.22424559707903782
0 0.53515625 0.4231770833333333 0.5213341346153847 0.39553285256410253 0.48775540865384615 0.425380608974359 0.5015775240384615 0.45302483974358976
0 0.4358037510405105 0.4634000416204218 0.40146473536348504 0.42056858120606744 0.32096715455049946 0.5353007653533112 0.3553061702275249 0.5781322257676657
0 0.5017625762195121 0.6448488313008129 0.494188262195122 0.5539570630081301 0.4200171493902439 0.56494537601626 0.4275914634146341 0.655837144308943
0 0.34179687500000006 0.37890625 0.33886718750000006 0.359375 0.3219651442307693 0.36388221153846156 0.3248948317307693 0.38341346153846156
0 0.52734375 0.3789062500000001 0.5264481180939227 0.35621690837937386 0.493746762776243 0.35851174033149175 0.4946423946823204 0.38120108195211794