0 0.359538065783302 0.03621159709193247 0.34567380980300183 -0.021886237492182586 0.28359888015947465 0.004448581144465298 0.2974631361397748 0.06254641572858036
0 0.5097764157458563 0.23279955110497244 0.40449650379834245 0.22541148710865563 0.3991011308701657 0.36209426795580113 0.5043810428176796 0.36948233195211794
0 0.5911207932692307 0.3990384615384617 0.563701923076923 0.3917267628205129 0.558819110576923 0.4242788461538462 0.5862379807692307 0.431590544871795
0 0.6900156249999999 0.35178125000000005 0.6728515625 0.3359375000000001 0.662234375 0.3563854166666668 0.6793984375 0.3722291666666667
0 0.693449519230769 0.353826121794872 0.6735727163461537 0.33321314102564137 0.6609525240384613 0.35484775641025673 0.6808293269230766 0.3754607371794874
0 0.6697380514705882 0.32832414215686284 0.6514131433823529 0.3127757352941177 0.6405560661764705 0.3355238970588236 0.6588809742647059 0.35107230392156874
0 0.3634611074155484 0.5181333632191887 0.3368051538639519 0.4458252593320993 0.27422878224780195 0.4868357627641524 0.30088473579939845 0.5591438666512417
0 0.478515625 0.4817708333333334 0.39941406250000006 0.4817708333333334 0.3994140625000001 0.5963541666666666 0.478515625 0.5963541666666666
0 0.5546875 0.5039062500000001 0.48331664238892935 0.49876240440640945 0.477363380826657 0.6456095229424618 0.5487342384377276 0.6507533685360526
0 0.6806586671270718 0.5496158494475138 0.5877114986187844 0.47927745165745855 0.5399430248618784 0.5914954534990792 0.6328901933701657 0.6618338512891345
0 0.2810023356958763 0.7090877362542956 0.2142014336340207 0.7050391967353953 0.21222817332474234 0.7629214991408936 0.279029075386598 0.7669700386597939