0 0.13641567887931041 0.9058908045977013 0.11425781250000008 0.8932291666666667 0.10870150862068972 0.9105154454022989 0.13085937500000006 0.9231770833333334
0 0.0555350825471698 0.9986487814465408 0.05446639150943396 0.9658755896226415 0.026496167452830188 0.9674970518867926 0.02756485849056603 1.0002702437106918
0 0.61328125 0.765625 0.587890625 0.765625 0.587890625 0.8059895833333334 0.61328125 0.8059895833333334
0 0.4966582369942197 0.9104723627167632 0.47821644689306364 0.8769418352601158 0.4575562229046243 0.8971429431599233 0.4759980130057803 0.9306734706165706
0 0.2802347617574258 0.8757864067656765 0.27412399443069313 0.7943095090759075 0.2514986850247525 0.7973262169966996 0.25760945235148514 0.8788031146864685
0 0.4667333117603551 0.6711507642998028 0.4443359375 0.6588541666666666 0.4353966346153847 0.687800480769231 0.4577940088757398 0.7000970784023669
0 0.48511718750000005 0.6540624999999999 0.481328125 0.6186979166666666 0.4550781249999999 0.6236979166666666 0.45886718749999994 0.6590624999999999
0 0.3927427719968387 0.46786639445029865 0.3583984375 0.4348958333333334 0.3094056655031613 0.5256231888830347 0.34375 0.55859375
0 0.3392315009715027 0.6812729382556133 0.322715956930052 0.6684275151122627 0.3030936285621763 0.7132785513816927 0.31960917260362703 0.7261239745250433
0 0.29740084134615385 0.39623397435897445 0.26346153846153847 0.3610376602564103 0.2487379807692308 0.3862780448717949 0.2826772836538462 0.421474358974359
0 0.158203125 0.4752604166666667 0.1552734375 0.4440104166666667 0.1317157451923077 0.4479366987179487 0.13464543269230766 0.4791866987179487
0 0.2081425107758621 0.4344468390804598 0.19713092672413796 0.4001885775862069 0.17096578663793105 0.4151400862068966 0.1819773706896552 0.44939834770114945
0 0.7249797952586207 0.46672952586206906 0.7063106142241379 0.4646551724137932 0.7039870689655172 0.5018318965517243 0.72265625 0.5039062500000001
0 0.23501481681034483 0.6408045977011495 0.2333984375 0.6041666666666665 0.20786637931034485 0.6061691810344827 0.20948275862068963 0.6428071120689656
0 0.5546875 0.4986979166666667 0.5500344669117647 0.4738817401960785 0.525677849264706 0.48200061274509814 0.5303308823529412 0.5068167892156863
0 0.7832031250000001 0.3684895833333334 0.7666015625 0.3567708333333334 0.7566247888513513 0.3818975225225227 0.7732263513513514 0.3936162725225227
0 0.765625 0.6809895833333334 0.7483774038461538 0.6514222756410255 0.7236328125 0.6770833333333333 0.7408804086538462 0.706650641025641
0 0.685546875 0.5846354166666667 0.6774383130656109 0.554363452111614 0.6367938701923076 0.5737179487179489 0.6449024321266966 0.6039899132730017
0 0.3035456730769231 0.32766426282051275 0.2966796875 0.2544270833333333 0.27288161057692306 0.2583934294871794 0.27974759615384615 0.3316306089743589
0 0.29547614020270274 0.17395129504504514 0.26602090371621623 0.16740568693693703 0.25876266891891897 0.22547156531531534 0.28821790540540543 0.23201717342342348
0 0.37057783018867924 0.23027220911949683 0.3558630601415095 0.12563384433962266 0.2992592865566038 0.13978478773584907 0.31397405660377353 0.24442315251572327
0 0.40234375 0.08723958333333341 0.3818359375 0.07552083333333341 0.36951104525862066 0.11386494252873569 0.3900188577586207 0.1255836925287357
0 0.490234375 0.12630208333333337 0.4736328125000001 0.11718750000000006 0.4666755269970415 0.13971585305719927 0.4832770894970414 0.1488304363905326
0 0.4665154203056769 0.26974163027656484 0.3791365311135372 0.25420760553129557 0.3665051855895197 0.38052106077147024 0.4538840747816594 0.39605508551673946
0 0.40625 0.2044270833333334 0.38014017373646214 0.19685901774969922 0.3761563628158845 0.22129305806257527 0.40226618907942246 0.22886112364620945
0 0.7120909492924529 0.16688286163522015 0.7096108490566039 0.09082645440251572 0.6301076061320756 0.09543533805031444 0.6325877063679246 0.1714917452830189
0 0.7220571728905358 0.21436419137210197 0.6773646842930444 0.2020352290003802 0.6623253990877993 0.29895506698973784 0.7070178876852908 0.3112840293614596
0 0.5683593749999999 0.35546875000000006 0.5418866131756757 0.3367820945945947 0.5265888935810811 0.3753096846846848 0.5530616554054053 0.39399634009009016
0 0.619140625 0.3046875000000001 0.578125 0.3046875000000001 0.578125 0.3854166666666668 0.619140625 0.3854166666666668
0 0.548046875 0.28828125 0.5123046875 0.19296875000000002 0.4896484375000001 0.2080729166666667 0.5253906250000001 0.3033854166666667
0 0.3771033653846154 0.3206129807692308 0.3739332932692308 0.28679887820512817 0.3539813701923077 0.29012419871794864 0.35715144230769225 0.32393830128205126
0 0.4671840329142013 0.45280140532544394 0.27818162906804733 0.3490353796844182 0.25884684726331364 0.411643244575937 0.4478492511094675 0.5154092702169627
0 0.357421875 0.2864583333333333 0.3125 0.2864583333333333 0.3125 0.3580729166666667 0.357421875 0.3580729166666667
0 0.5018521012931034 0.4254669540229886 0.4930630387931035 0.3981232040229886 0.43743265086206906 0.42991199712643685 0.44622171336206906 0.45725574712643685
0 0.494140625 0.3046875000000001 0.44140625 0.3046875000000001 0.44140625 0.3815104166666668 0.494140625 0.3815104166666668
0 0.466796875 0.3033854166666667 0.4560546875 0.27083333333333337 0.4303970132372655 0.285885835567471 0.4411392007372655 0.3184379189008043
0 0.5311050257731958 0.3704870060137458 0.5113724226804124 0.338538981958763 0.4677633698453608 0.3864234321305843 0.4874959729381443 0.4183714561855671
0 0.4466391509433961 0.6142639544025157 0.43982163915094336 0.5824488993710693 0.4199587264150943 0.5900157232704403 0.4267762382075471 0.6218307783018867