0 0.4804687500000001 0.8242187500000001 0.4628906250000001 0.8164062500000001 0.455078125 0.8476562500000001 0.47265625 0.8554687500000001
0 0.20804826183431951 0.2472648545364892 0.18290033284023674 0.2334581484220908 0.17258575258875747 0.26685774161735704 0.19773368158284027 0.2806644477317555
0 0.511778030151757 0.5397364217252395 0.5110105081869009 0.5141523562300319 0.47029440395367406 0.5163238817891374 0.4710619259185303 0.541907947284345
0 0.36249999999999993 0.48255208333333344 0.3337439903846154 0.4720953525641026 0.32689302884615384 0.5055889423076922 0.3556490384615384 0.5160456730769231
0 0.2835452782846716 0.9817233120437956 0.28273836678832115 0.9419156782238443 0.24528683850364966 0.9432652828467152 0.24609375 0.9830729166666665
0 0.5663770261845387 0.449998051745636 0.5358381390274314 0.4049933759351622 0.5160974516832917 0.4288075384455529 0.546636338840399 0.4738122142560267
0 0.7449158344072163 0.5591978092783506 0.7355529155927834 0.5267396907216495 0.6712910760309277 0.5596944802405498 0.6806539948453607 0.5921525987972509
0 0.4202223557692307 0.2753405448717949 0.3581730769230769 0.15124198717948714 0.31896033653846156 0.18609775641025636 0.3810096153846154 0.3101963141025641
0 0.7026290912472104 0.8919257919042897 0.633243030157451 0.7724976625134309 0.568875623760228 0.8389804296842714 0.6382616848499876 0.9584085590751301
0 0.6374259652642179 0.6202448692132454 0.5705718360995851 0.5338487638312586 0.4852469222907006 0.651226952139777 0.5521010514553333 0.7376230575217639
0 0.7755502637208614 0.2040413377840073 0.6872458459353791 0.06408716619946903 0.6199313265343758 0.13959339960165257 0.7082357443198583 0.27954757118619084
0 0.4236649586970075 0.6805447319201996 0.27601893703241903 0.5024320708645054 0.20295696306109728 0.6101023482959268 0.35060298472568585 0.7882150093516209