0 0.0332031250000001 0.9283854166666666 0.00430056014150953 0.9267099056603774 0.003755159198113295 0.9434355345911951 0.03265772405660386 0.9451110455974844
0 0.12870038006756762 0.6511261261261262 0.1064453125 0.6354166666666666 0.09566089527027026 0.6625774211711712 0.1179159628378379 0.6782868806306308
0 1.0000000000000002 0.12630208333333331 0.9970703125000002 0.06770833333333331 0.9772365873893806 0.06947133112094393 0.9801662748893806 0.12806508112094395
0 0.043945312500000014 0.17447916666666666 0.02519531250000002 0.16614583333333333 0.010742187500000028 0.22395833333333334 0.029492187500000017 0.23229166666666667
0 0.025390625000000056 0.6145833333333334 5.878065447079337e-17 0.6145833333333334 6.111274554338843e-17 0.6653645833333334 0.025390625000000062 0.6653645833333334
0 0.5822674582581228 0.3795408393501806 0.5543737308212997 0.3714557009626957 0.5482569945848377 0.4089716832129965 0.5761507220216606 0.41705682160048146
0 0.7210873463114755 0.6709998292349726 0.7189100922131149 0.639066769125683 0.6806960809426228 0.6436987704918032 0.6828733350409835 0.6756318306010929
0 0.7127816523605152 0.08324391988555095 0.692730686695279 0.06679184549356236 0.6749932939914164 0.10522286301859811 0.6950442596566525 0.1216749374105867
0 0.9960937500000002 0.0013020833333334924 0.9560546875 1.5173048003210473e-16 0.9554241602259215 0.03446882431629029 0.9954632227259216 0.03577090764962363
0 0.3848092038539554 0.6900962432386749 0.35276884191176466 0.6576286764705883 0.3312408880578094 0.6953970165652468 0.3632812500000001 0.7278645833333335
0 0.41282679115853654 0.13668191056910572 0.3681640625 0.10156250000000006 0.35339462652439024 0.134954268292683 0.39805735518292684 0.17007367886178865
0 0.3922926682692308 0.5577323717948718 0.36179387019230774 0.5054487179487179 0.32907151442307697 0.5393830128205128 0.3595703125 0.5916666666666667
0 0.8408203125000002 1.4432899320127036e-16 0.7756914968350687 -0.0013359757059471752 0.7752196225745387 0.039559793539990666 0.8403484382394699 0.040895769245937984
0 0.986328125 0.3125000000000001 0.93359375 0.3125000000000001 0.93359375 0.3658854166666668 0.986328125 0.3658854166666668
0 0.08716074247771174 0.11282658494304108 0.036526049405646355 0.09160823736998512 0.020915559992570575 0.15783455609212485 0.07155025306463597 0.1790529036651808
0 1 0.6093750000000002 0.953125 0.6093750000000002 0.953125 0.7148437500000002 1 0.7148437500000002
0 0.31162809394960966 0.5331250369647504 0.23523235117991487 0.4190407277620061 0.18411564606990777 0.4798939481310622 0.26051138883960256 0.5939782573338064