0 0.951171875 0.05338541666666673 0.9327868852459016 -0.009259733606557378 0.8847720286885246 0.01579149590163927 0.903157018442623 0.07843664617486337
0 0.7657150486883944 0.02683864931107595 0.7286211993243243 0.007355011261261346 0.7199827354928457 0.03659288884472715 0.7570765848569158 0.05607652689454176
0 0.7834658375314862 0.00006756402183052216 0.718780994175063 -0.0013014273719562117 0.7184228392632243 0.028783585222502225 0.7831076826196475 0.03015257661628896
0 0.701171875 0.07031250000000012 0.671875 0.07031250000000012 0.671875 0.10807291666666678 0.701171875 0.10807291666666678
0 0.7309263150759219 0.16212208514099788 0.7216796875 0.12239583333333333 0.6949566160520607 0.13345365600144612 0.7042032436279826 0.17317990780911066
0 0.4363887392241379 0.12324892241379312 0.4306640625 0.10416666666666667 0.3998518318965517 0.12059985632183906 0.40557650862068967 0.1396821120689655
0 0.1059949805699482 0.14889626511226256 0.09572336463730571 0.12541828583765113 0.060809990284974094 0.15257313255613128 0.07108160621761658 0.1760511118307427
0 0.6691300675675678 0.24461570945945946 0.6284417229729731 0.06829954954954956 0.5594066722972973 0.09662162162162163 0.600095016891892 0.27293778153153153
0 0.6043419471153847 0.2620192307692308 0.6002103365384616 0.23447516025641024 0.5634014423076923 0.2442908653846154 0.5675330528846153 0.27183493589743596
0 0.39701186131386856 0.24090442518248173 0.3837890625 0.203125 0.33834682937956206 0.23140016727493914 0.35156962819343063 0.2691795924574209
0 0.26562500000000006 0.4414062500000001 0.2520838173791822 0.41793486679058245 0.22192655088289967 0.4488653965303594 0.23546773350371755 0.47233677973977706
0 0.13649726159793818 0.45964884020618574 0.10442171391752579 0.4406411082474228 0.0962065077319588 0.46528672680412375 0.1282820554123712 0.4842944587628866
0 0.11539273648648649 0.7213189752252254 0.11103779560810811 0.6864794481981983 0.09393475506756757 0.6902801238738739 0.09828969594594596 0.725119650900901
0 0.1419818169247787 0.6872925884955752 0.1401583241150442 0.6508227323008848 0.08960176991150443 0.6553166482300884 0.09142526272123894 0.6917865044247786
0 0.010397518382352988 0.612515318627451 0.0009765625000000445 0.609375 -0.0039062499999999558 0.6354166666666666 0.005514705882352988 0.6385569852941176
0 0.04980468750000009 0.9036458333333335 0.0009482994573496662 0.8972593773800458 -0.0011453969916221606 0.9257336490860626 0.04771099105102826 0.9321201050393503
0 0.08572635135135136 0.9326787725225226 0.0771484375 0.9166666666666666 0.05479307432432434 0.9379574887387387 0.0633709881756757 0.9539695945945946
0 0.19143992456896558 0.9031070402298852 0.17399649784482768 0.8931393678160922 0.15682246767241387 0.9465696839080462 0.17426589439655177 0.9565373563218391
0 0.386779364224138 0.8577406609195403 0.3690059267241379 0.8376885775862069 0.3538927801724137 0.8615032327586208 0.3716662176724138 0.8815553160919543
0 0.5376723345588235 0.812622549019608 0.5135340073529411 0.7921415441176471 0.4975298713235293 0.8256740196078433 0.5216681985294117 0.8461550245098041
0 0.673828125 0.7838541666666666 0.626953125 0.7838541666666666 0.626953125 0.8216145833333334 0.673828125 0.8216145833333334
0 0.4019531250000002 0.9039062500000001 0.38496093750000016 0.8963541666666668 0.3794921875000001 0.9182291666666669 0.3964843750000001 0.9257812500000002
0 0.657428609913793 0.5709859913793103 0.6416015625 0.5182291666666665 0.59765625 0.5416666666666665 0.6134832974137931 0.5944234913793103
0 0.55859375 0.3723958333333334 0.515625 0.3723958333333334 0.515625 0.4257812500000001 0.55859375 0.4257812500000001
0 0.5123497596153845 0.4950120192307692 0.5095102163461538 0.4647235576923078 0.49027944711538457 0.467928685897436 0.4931189903846153 0.49821714743589746
0 0.6787109375 0.4713541666666668 0.6568296030405405 0.47067567567567575 0.6558530405405405 0.5266652590090091 0.677734375 0.5273437500000001
0 0.895085764984227 0.26006752760252366 0.8916015624999998 0.22135416666666669 0.8697290270110407 0.22485377234490014 0.8732132294952679 0.26356713328075715
0 0.991558754280822 0.2312714041095892 0.9794921875 0.22395833333333345 0.9756795804794521 0.23514198059360744 0.9877461472602741 0.2424550513698632
0 0.9082031250000002 0.45182291666666685 0.8798828125000002 0.4427083333333336 0.8718486657303373 0.4870874297752812 0.9001689782303373 0.4962020131086145
0 0.8067394212062255 0.5799235976005188 0.7869041828793774 0.5499503485732814 0.7770853599221789 0.5615019049935149 0.7969205982490271 0.5914751540207523
0 0.7326548619923858 0.6545050761421319 0.6982421875 0.6015625 0.6837424651015228 0.6183177347715737 0.7181551395939086 0.6712603109137055
0 0.6793870192307693 0.6203926282051282 0.6570763221153846 0.6005608974358975 0.6316856971153846 0.6513421474358975 0.6539963942307693 0.6711738782051282
0 0.8324994648972602 0.6745505136986303 0.814372859589041 0.621379138127854 0.773169948630137 0.6463505993150686 0.7912965539383562 0.6995219748858449
0 0.9335937499999998 0.7356770833333334 0.9224277712264151 0.6835691823899371 0.8779296875 0.7005208333333335 0.8890956662735847 0.7526287342767296
0 0.9615119485294118 0.6384803921568629 0.9423828125 0.6328125000000002 0.9375804227941178 0.6616268382352942 0.9567095588235295 0.667294730392157
0 0.9956896551724139 0.5937948994252875 0.9801993534482758 0.585533405172414 0.970972521551724 0.616289511494253 0.9864628232758621 0.6245510057471265
0 1.0057421875 0.8869270833333334 0.9869921875000001 0.8681770833333334 0.96953125 0.89921875 0.98828125 0.91796875
0 0.6621093750000002 0.9544270833333335 0.6533203125000002 0.9531250000000001 0.6519150152439026 0.9699885670731709 0.6607040777439026 0.9712906504065042
0 0.4951171875000001 0.7656250000000001 0.4847466122787611 0.7647031710914456 0.4837700497787611 0.7842344210914456 0.4941406250000001 0.7851562500000001
0 0.953125 0.5221354166666666 0.9462890625 0.5130208333333335 0.9375 0.5247395833333335 0.9443359375 0.5338541666666666