0 0.4940231133298754 0.09336099585062246 0.4580078124999999 0.010416666666666696 0.4202825142634854 0.03953794951590594 0.45629781509336087 0.1224822786998617
0 0.4528377757352942 0.08095894607843146 0.4022863051470589 0.06410845588235299 0.3924057904411765 0.11680453431372556 0.4429572610294118 0.13365502450980402
0 0.36230468750000006 0.35156250000000006 0.3271484375 0.3046875 0.30761718749999994 0.3307291666666667 0.3427734375 0.3776041666666668
0 0.5283203125 0.28125 0.4892578125 0.22916666666666666 0.4482421875 0.2838541666666667 0.4873046875 0.3359375
0 0.5266842245042493 0.38172509442870634 0.4999535233711049 0.3536443578847969 0.44006617386685554 0.4549921801227573 0.466796875 0.4830729166666667
0 0.4921875 0.3372395833333334 0.4628906250000001 0.3177083333333334 0.4531250000000001 0.3437500000000001 0.482421875 0.3632812500000001
0 0.29228251689189194 0.5583122184684686 0.2802734375 0.5468750000000001 0.2728832347972973 0.5606700450450451 0.2848923141891892 0.5721072635135137
0 0.45496323529411764 0.4993106617647059 0.423483455882353 0.4888174019607844 0.417624080882353 0.5200674019607844 0.44910386029411764 0.530560661764706
0 0.419921875 0.5690104166666666 0.41150841346153844 0.5545873397435898 0.3887920673076923 0.5781450320512821 0.3972055288461539 0.592568108974359
0 0.4320760464449542 0.6800602064220185 0.38707712155963314 0.6782420680428135 0.38460973337155974 0.786807148318043 0.4296086582568807 0.788625286697248
0 0.3241796874999999 0.7691666666666667 0.31152343749999994 0.7447916666666665 0.294765625 0.7602604166666665 0.30742187499999996 0.7846354166666667
0 0.4169188041907514 0.8736828636801542 0.4028235639450866 0.848055154142582 0.38571960802023114 0.8647790221579963 0.399814848265896 0.8904067316955685
0 0.5762729779411765 0.9266482843137254 0.5538396139705883 0.8898345588235295 0.516008731617647 0.9308180147058825 0.5384420955882352 0.9676317401960784
0 0.6628605769230769 0.7589142628205129 0.6469350961538461 0.6527443910256411 0.5511568509615385 0.6782852564102565 0.5670823317307693 0.7844551282051282
0 0.550449481166027 0.58875409868842 0.49909091590690985 0.551091150831734 0.43731818318138205 0.7008432301663469 0.48867674844049913 0.7385061780230328
0 0.7403651421673819 0.5514093794706721 0.6697357832618026 0.43900996959942773 0.6153969957081544 0.4997127592989986 0.6860263546137337 0.6121121691702432
0 0.7003658556392931 0.37275857588357597 0.6660623213357588 0.2521764553014553 0.5840452832640332 0.29365633662508667 0.6183488175675675 0.41423845720720737
0 0.6369092987804877 0.26921366869918706 0.6330506859756097 0.22291031504065043 0.5903915777439024 0.22923018292682926 0.5942501905487805 0.2755335365853659
0 0.5681787391618498 0.3330699060693642 0.5488732839595377 0.31419346098265893 0.5360820086705204 0.33745032514450873 0.5553874638728324 0.35632677023121395
0 0.6199121441281139 0.39957276838671413 0.593572759119217 0.33252706109134045 0.5520462633451957 0.36152969306049815 0.5783856483540925 0.4285754003558718