0 0.5852515132730455 0.6489677533061067 0.574799901546091 0.5479355066122131 0.5161765242123687 0.5587168173862312 0.5266281359393232 0.6597490640801247
0 0.388671875 0.8372395833333334 0.3473056022333044 0.8238686668834924 0.3316806022333044 0.9098061668834924 0.373046875 0.9231770833333334
0 0.31738281250000006 0.6796875 0.2935005414603961 0.6765031971947195 0.2915667543316832 0.702287025577558 0.31544902537128716 0.7054713283828384
0 0.3398437500000001 0.625 0.3242187500000001 0.625 0.3242187500000001 0.6627604166666666 0.3398437500000001 0.6627604166666666
0 0.4108455882352941 0.6408547794117647 0.3822380514705882 0.5772824754901962 0.321633731617647 0.625765931372549 0.3502412683823529 0.6893382352941176
0 0.4980928308823529 0.6231924019607843 0.4630284926470588 0.5831188725490196 0.40905330882352936 0.6670802696078432 0.44411764705882345 0.7071537990196078
0 0.5199028953745811 0.5165811492739749 0.47356502812350404 0.42807999740705294 0.36967775774892286 0.524780098133078 0.416015625 0.61328125
0 0.5901442307692308 0.49539262820512836 0.5654296875 0.4765625000000001 0.5483022836538461 0.5165264423076924 0.573016826923077 0.5353565705128207
0 0.5038311298076924 0.47736378205128216 0.496619591346154 0.4292868589743591 0.47746394230769235 0.43439503205128216 0.48467548076923084 0.4824719551282053
0 0.32421875 0.6341145833333335 0.3233446995856354 0.611971972836096 0.3046875 0.6132812500000001 0.3055615504143646 0.6354238604972376
0 0.8151441329989154 0.29822340473608105 0.5765188618492408 0.29159492498192346 0.5743301755694143 0.43167084689081714 0.8129554467190889 0.43829932664497473