0 0.24783953352917343 0.17293017287952464 0.181640625 0.1653645833333334 0.17781351296596434 0.22489743719611027 0.24401242149513774 0.23246302674230152
0 0.23910757211538464 0.2542067307692308 0.21639122596153845 0.21526442307692306 0.1725811298076923 0.2606971153846154 0.19529747596153846 0.2996394230769231
0 0.3066406250000001 0.4921875 0.2597656250000001 0.4921875 0.2597656250000001 0.51953125 0.3066406250000001 0.51953125
0 0.37976792279411764 0.7051164215686275 0.3642578125 0.6927083333333334 0.3559857536764706 0.7110906862745099 0.37149586397058826 0.7234987745098039
0 0.3752527573529412 0.8904105392156864 0.3576746323529412 0.885202205882353 0.35351562500000006 0.91015625 0.37109375000000006 0.9153645833333334
0 0.5121241155660379 0.809306210691824 0.4931640625000001 0.8020833333333334 0.4878943101415095 0.8266755110062894 0.5068543632075473 0.83389838836478
0 0.6541103405898875 0.910814606741573 0.6311336903089886 0.7780606273408239 0.5937609726123595 0.7895599250936328 0.6167376228932584 0.922313904494382
0 0.7710898824257427 0.6840630156765678 0.7360806002475249 0.6735225866336635 0.7286625928217823 0.7173241542904292 0.7636718750000001 0.7278645833333335
0 0.7323828124999999 0.4788020833333333 0.6691015625 0.4155208333333333 0.6109765625 0.5188541666666667 0.6742578124999999 0.5821354166666667
0 0.6760110294117647 0.3202359068627451 0.6611328125 0.2408854166666667 0.5531364889705881 0.2768841911764707 0.5680147058823528 0.35623468137254904
0 0.5438304227941178 0.15816482843137264 0.41423483455882354 0.1149662990196079 0.3920611213235294 0.23322610294117657 0.5216567095588236 0.2764246323529413
0 0.5079777644230768 0.26698717948717954 0.45145733173076924 0.24643429487179494 0.4394230769230769 0.3052684294871796 0.49594350961538447 0.3258213141025642
0 0.4345703125 0.2812500000000001 0.4140625 0.27994791666666674 0.4133643240950227 0.29949684200603327 0.4338721365950227 0.3007989253393666
0 0.38900027654867253 0.388078447640118 0.3876521017699115 0.36111495206489674 0.36211456028761063 0.36338495575221236 0.36346273506637167 0.3903484513274336
0 0.3822105094178082 0.35463042237442916 0.3798828125 0.2708333333333333 0.3213693279109589 0.27372288812785395 0.3236970248287671 0.3575199771689498
0 0.44921875 0.47265625 0.43705277732858994 0.346130134217335 0.4052734375 0.3515625 0.41743941017141006 0.478088615782665
0 0.46889723557692314 0.5550600961538462 0.44098858173076927 0.5529927884615385 0.4385336538461539 0.6119110576923076 0.46644230769230777 0.6139783653846155
0 0.466796875 0.5195312500000001 0.4300525057299013 0.5102624000940292 0.4257812500000001 0.5403645833333335 0.4625256192700988 0.5496334332393042
0 0.5977400914634147 0.7242873475609757 0.5377248475609757 0.6391044207317074 0.5044607469512196 0.6807685467479676 0.5644759908536585 0.7659514735772358
0 0.5664062500000001 0.6289062500000002 0.5517578125000001 0.6197916666666669 0.5422773152372263 0.6468788017031633 0.5569257527372263 0.6559933850364966
0 0.5997255067567568 0.6118313626126126 0.567356418918919 0.4715653153153153 0.5156144425675675 0.49279279279279287 0.5479835304054055 0.6330588400900902