0 0.7226496958892616 0.2990946588366892 0.7021484374999999 0.2942708333333334 0.6989434773489932 0.31848608780760634 0.719444735738255 0.3233099133109621
0 0.7246815792513864 0.3878186614294516 0.5557669535582257 0.2805712800369685 0.5013971522643254 0.43280672365988904 0.6703117779574861 0.5400541050523721
0 0.548828125 0.29296875000000006 0.5267094877577319 0.2816258591065292 0.5154840528350515 0.3205407001718213 0.5376026900773196 0.3318835910652922
0 0.45615074282786877 0.2787525614754099 0.4357870133196721 0.2561261953551913 0.4132140112704918 0.2922429986338798 0.43357774077868855 0.31486936475409844
0 0.34765625 0.24609375000000006 0.330078125 0.24609375000000006 0.330078125 0.2721354166666667 0.34765625 0.2721354166666667
0 0.31917487513873466 0.46756179476507587 0.29980468749999994 0.34114583333333337 0.20077929904273026 0.3681204911209768 0.220149486681465 0.4945364525527192
0 0.39257812500000006 0.5221354166666667 0.34765625000000006 0.46223958333333337 0.3154296875 0.5052083333333335 0.3603515625 0.5651041666666667
0 0.4130859375000001 0.45572916666666674 0.38909935141509444 0.45433863993710694 0.38812278891509444 0.4842865566037737 0.4121093750000001 0.4856770833333334
0 0.5102914663461539 0.41576522435897434 0.4991736778846153 0.3935296474358973 0.4676231971153846 0.4215745192307691 0.4787409855769231 0.4438100961538461
0 0.620784344059406 0.7107183374587459 0.5626808659726267 0.4949054188507087 0.4861984475101922 0.5315123883711902 0.5443019255969714 0.7473253069792275
0 0.5859375 0.6927083333333334 0.55859375 0.6927083333333334 0.55859375 0.7591145833333334 0.5859375 0.7591145833333334
0 0.6421258913590605 0.7260731263982104 0.616722158137584 0.7200957774049217 0.6113150167785236 0.7609497343400449 0.6367187500000001 0.7669270833333334
0 0.5371141387195124 0.8068279979674797 0.45641673018292706 0.7837715955284553 0.44654153963414644 0.8452172256097563 0.5272389481707318 0.8682736280487807
0 0.48046875 0.6171875 0.3984375000000001 0.6171875 0.3984375000000001 0.6940104166666666 0.48046875 0.6940104166666666
0 0.4164002100426002 0.8244726747396656 0.3642578125000001 0.7161458333333336 0.30813982871173884 0.7641671925949304 0.3602822262543389 0.8724940340012624
0 0.4154296875 0.7236979166666667 0.3912109375 0.6591145833333333 0.35371093750000004 0.6841145833333333 0.37792968750000006 0.7486979166666666
0 0.2675781250000001 0.7578125 0.23632812500000008 0.7578125 0.23632812500000008 0.80859375 0.2675781250000001 0.80859375
0 0.35770909926470595 0.7224264705882354 0.2717141544117647 0.5313265931372549 0.19244025735294118 0.5947457107843138 0.27843520220588236 0.7858455882352942
0 0.3756580764980354 0.5779101178781926 0.37425597065324173 0.5589483055009823 0.29805454936149317 0.568965393745907 0.2994566552062869 0.5879272061231173