0 0.3983246026011561 0.5673846941233142 0.33691406250000006 0.4557291666666668 0.17713601878612725 0.6119565871868979 0.23854655888728332 0.7236121146435455
0 0.2496332367081448 0.5503275829562594 0.22143665158371037 0.47095941742081443 0.179961467760181 0.49715427036199095 0.20815805288461542 0.5765224358974359
0 0.2878030711206897 0.7297862787356322 0.24690867456896556 0.7252424568965518 0.24176993534482763 0.8074622844827586 0.28266433189655177 0.812006106321839
0 0.38901717886740333 0.3024502186924494 0.36174896408839774 0.30053665976058935 0.3589002071823204 0.37270516804788223 0.386168421961326 0.3746187269797423
0 0.34654745257782105 0.1913626783398185 0.2841470087548639 0.15772839656290538 0.27081940053501946 0.20168612191958504 0.3332198443579767 0.23532040369649815
0 0.5185546875000001 0.1380208333333334 0.4749964162844038 0.12926939984709487 0.46352494266055055 0.23077456039755362 0.5070832138761469 0.23952599388379214
0 0.5825473607512953 0.5809787888601038 0.5162119494818652 0.5577032059585494 0.498249271373057 0.6487141083765112 0.5645846826424872 0.6719896912780656
0 0.4747048381770146 0.7363341452003525 0.4372381212846763 0.5920179023557904 0.39162220318692215 0.6130714030162924 0.42908892007926036 0.7573876458608544
0 0.44995517418032804 0.45143869535519143 0.4275902920081969 0.44872780054644823 0.42355596823770514 0.5078978825136613 0.44592085040983614 0.5106087773224045
0 0.6390739889705883 0.2843137254901962 0.6199581094457014 0.28310001885369546 0.6176028704751132 0.34904671003016596 0.6367187500000001 0.3502604166666668
0 0.3349609375000001 0.6666666666666666 0.32237037737889285 0.6615574538638984 0.3155344398788928 0.6915053705305653 0.32812500000000006 0.6966145833333334
0 0.55859375 0.2486979166666668 0.5214340633256275 0.22463259577278738 0.5052272539630119 0.26912187637604584 0.5423869406373845 0.29318719726992526