0 0.5573165934110336 0.2252332918791754 0.5094124883269879 0.08939254319014438 0.3349083949159543 0.1987946679776357 0.3828125 0.33463541666666674
0 0.4802884615384616 0.47457932692307686 0.4648287259615385 0.448076923076923 0.4376502403846153 0.4762620192307692 0.4531099759615385 0.5027644230769232
0 0.5585198479729729 0.29263795045045055 0.5310705236486487 0.28137668918918923 0.5205553209459459 0.3269425675675676 0.5480046452702703 0.3382038288288289
0 0.5314046400488068 0.5812488702096892 0.5237785554501084 0.5484849511930586 0.4785029148590022 0.5672196990238612 0.48612899945770066 0.5999836180404917
0 0.37562078880111527 0.7732729244114004 0.3675178612918216 0.6904429987608426 0.34255198652416363 0.6947848900247832 0.3506549140334573 0.7776148156753409
0 0.7745289522058824 0.4446231617647058 0.7640739889705882 0.3888633578431372 0.650103400735294 0.4268535539215686 0.6605583639705881 0.4826133578431372
0 0.24218750000000006 0.5611979166666669 0.21905048076923075 0.46424278846153844 0.10804115853658533 0.5113376524390244 0.1311781777673546 0.6082927806441527
0 0.42543328711604095 0.5642855873151309 0.3791008959044369 0.43267473691695113 0.29819419261945396 0.4833102246871445 0.344526583831058 0.6149210750853242
0 0.711961699695122 0.8900533536585368 0.6818168826219513 0.7809578252032522 0.5557355182926829 0.8428925304878051 0.5858803353658536 0.9519880589430897
0 0.7854169612556561 0.21693533182503774 0.7842636453619909 0.18464248680241327 0.7475166148190046 0.1869756315987934 0.7486699307126697 0.21926847662141782
0 0.2773437499999999 0.03515625000000003 0.25698466169724765 -0.0034188646788990695 0.224956995412844 0.026631785168195733 0.24531608371559627 0.06520689984709484
0 0.274069393382353 0.3208486519607844 0.24213005514705888 0.310202205882353 0.2336856617647059 0.3552389705882354 0.265625 0.3658854166666668