0 0.701171875 0.28255208333333337 0.678778286637931 0.26975574712643685 0.6713025323275862 0.29301364942528746 0.6936961206896551 0.30580998563218403
0 0.3542798497184133 0.2795308929154424 0.26008413167238004 0.22132866062683648 0.24389194111165527 0.26791671767874636 0.33808765915768857 0.3261189499673523
0 0.34240989963503654 0.31611161800486626 0.20911268248175183 0.2514826642335767 0.1559363594890511 0.4464625152068126 0.2892335766423358 0.5110914689781022
0 0.32226562499999994 0.4283854166666667 0.3073282636834319 0.3805858604536489 0.27612449149408286 0.39792128944773175 0.2910618528106509 0.44572084566074943
0 0.4037719020953758 0.42058044315992305 0.3737129696531792 0.3911894869942197 0.34043081647398843 0.4517024927745665 0.370489748916185 0.4810934489402699
0 0.392578125 0.39453125000000006 0.37176724137931033 0.3251616379310345 0.3451643318965517 0.339349856321839 0.36597521551724144 0.40871946839080464
0 0.4555428340517242 0.44493534482758634 0.43750673491379316 0.4245869252873565 0.40750269396551725 0.4718660201149427 0.42553879310344833 0.4922144396551726
0 0.5365715967465753 0.499650399543379 0.5123287671232877 0.4597210331050229 0.49389982876712324 0.47961258561643844 0.518142658390411 0.5195419520547946
0 0.5465801886792453 0.3555424528301888 0.5189784787735849 0.3450275157232705 0.5117924528301887 0.37856230345911956 0.5393941627358491 0.3890772405660378
0 0.48555424528301894 0.5309551886792454 0.4365418632075472 0.5122838050314467 0.4200692806603774 0.5891558569182391 0.4690816627358491 0.6078272405660379
0 0.3958984375 0.7002604166666667 0.3775390625 0.6513020833333333 0.28300781249999996 0.7143229166666667 0.3013671875 0.76328125
0 0.355652657390511 0.6458751520681266 0.318359375 0.64453125 0.31801151916058396 0.661692138077859 0.35530480155109495 0.6630360401459856
0 0.3490876498287673 0.8106449771689499 0.3349609375000001 0.8020833333333335 0.3275363869863014 0.8238620148401828 0.34166309931506855 0.8324236586757993
0 0.5325744366952792 0.7673126788268958 0.4354798149141632 0.6876452968526469 0.4002732698497855 0.7639261444921319 0.4973678916309014 0.8435935264663809
0 0.591796875 0.6966145833333336 0.578125 0.6783854166666669 0.5517578125000001 0.7135416666666667 0.5654296875000001 0.7317708333333335
0 0.826261640870934 0.5479541032703743 0.7579071845487932 0.4513736774221756 0.6566898117785939 0.5787269915180134 0.7250442681007345 0.6753074173662121
0 0.8276607938906176 0.6432927437370355 0.7956272999940163 0.5821116562948782 0.7058130011369077 0.6657123873065266 0.7378464950335089 0.7268934747486838
0 0.8548213052486187 0.6958376496316759 0.8208304558011049 0.6550486302946593 0.7687273394337016 0.732238432320442 0.8027181888812154 0.7730274516574585