0 0.369360451483629 0.40825375170532074 0.3233447731923602 0.355362167462483 0.2582295041780355 0.45607378353797184 0.3042451824693043 0.5089653677808096
0 0.4792647688356165 0.5472495719178081 0.4646297089041096 0.3618721461187215 0.3509631849315068 0.3778253424657534 0.3655982448630136 0.5632027682648402
0 0.3537084310217177 0.6326621113030602 0.3518237521594275 0.5195813795656465 0.26796759316386976 0.5220660064988483 0.2698522720261599 0.6351467382362619
0 0.260546875 0.5802083333333333 0.255078125 0.565625 0.233984375 0.5796875 0.239453125 0.5942708333333333
0 0.48054387019230776 0.6830929487179487 0.4580078125 0.6770833333333334 0.45304987980769235 0.710136217948718 0.4755859375000001 0.7161458333333334
0 0.4528397120786517 0.7707455524344571 0.4415927844101124 0.7467521067415731 0.4200864641853933 0.7646740402621723 0.43133339185393255 0.7886674859550563
0 0.38096573329207933 0.8842306105610563 0.37011718750000006 0.8723958333333334 0.36219832920792083 0.8853006394389439 0.3730468750000001 0.8971354166666669
0 0.609375 0.8268229166666667 0.5952793337264152 0.8163816823899371 0.5872641509433963 0.8356181210691825 0.6013598172169812 0.846059355345912
0 0.6586875000000002 0.6545937500000002 0.6417265625 0.6389375000000002 0.6307578125 0.6600625000000001 0.6477187500000001 0.6757187500000001
0 0.7444216404445727 0.757954436104696 0.7041015625 0.6848958333333334 0.6706323073036952 0.7177335931485759 0.710952385248268 0.7907921959199385
0 0.802734375 0.6250000000000002 0.724609375 0.6250000000000001 0.724609375 0.7369791666666667 0.802734375 0.7369791666666669
0 0.619140625 0.13020833333333343 0.591796875 0.13020833333333343 0.591796875 0.1679687500000001 0.619140625 0.1679687500000001