0 0.6384042074409157 0.30063330871491883 0.6262759647341211 0.14488113921713444 0.43382777880354506 0.17152241814377156 0.4459560215103398 0.3272745876415559
0 0.6705492301195426 0.3447407744282745 0.6344570231288982 0.32648724445599453 0.62610446985447 0.35584773475398485 0.6621966768451144 0.3741012647262648
0 0.41796875 0.1276041666666667 0.39453125 0.1276041666666667 0.39453125 0.18359375000000006 0.41796875 0.18359375000000006
0 0.242461876155268 0.4578254967652496 0.20139931839186698 0.3035298251694393 0.12579966208410354 0.3392974044978435 0.16686221984750463 0.49359307609365377
0 0.4514681355337079 0.33292368913857684 0.3638847436797753 0.30597495318352064 0.33870259831460675 0.4514717930711611 0.42628599016853935 0.4784205290262173
0 0.39496364915572235 0.5050886296122578 0.37207031250000006 0.4687500000000001 0.34765625 0.4960937500000001 0.37054958665572235 0.5324323796122578
0 0.3200022977941176 0.5183210784313725 0.29712775735294117 0.49891237745098044 0.25932904411764707 0.578109681372549 0.2822035845588235 0.5975183823529412
0 0.48950499221991695 0.6221364972337484 0.43942070798755195 0.6043287517289074 0.4316406250000001 0.6432291666666667 0.4817249092323651 0.6610369121715077
0 0.5040802423149311 0.5529867863864494 0.460376313519448 0.5293630410915936 0.4521974494196989 0.5562624163529905 0.49590137821518193 0.5798861616478461
0 0.5116796874999999 0.4514583333333333 0.5092578124999999 0.42885416666666665 0.47316406249999987 0.43572916666666667 0.4755859374999999 0.4583333333333333
0 0.6378023330479452 0.5313035102739726 0.620465004280822 0.522634845890411 0.61328125 0.5481770833333335 0.6306185787671232 0.5568457477168951
0 0.7646484375 0.6406250000000001 0.6580078125 0.5695312500000002 0.635546875 0.6294270833333334 0.7421875 0.7005208333333335
0 0.4468450615875912 0.6470498783454987 0.43476990191605835 0.6125494221411193 0.3803461450729927 0.6464130930656934 0.3924213047445255 0.6809135492700729
0 0.3854096283783784 0.687964527027027 0.35301942567567574 0.6746762387387387 0.3252111486486487 0.7951787725225226 0.3576013513513513 0.8084670608108109
0 0.5023578447164948 0.7639551116838489 0.3684681056701031 0.746679016323024 0.3570695070876289 0.9037263745704467 0.4909592461340207 0.9210024699312716
0 0.489123114224138 0.7443426724137933 0.4826213320623342 0.6975298408488064 0.4268096195291776 0.7113105106100795 0.4333114016909814 0.7581233421750664