0 0.6444302262931034 0.24577945402298856 0.6357421875 0.21875000000000006 0.6039197198275863 0.2369342672413794 0.6126077586206897 0.2639637212643679
0 0.47062800480769235 0.2908653846153847 0.3500600961538462 0.25871394230769235 0.32970252403846156 0.39443108974358976 0.45027043269230776 0.4265825320512821
0 0.30808307052752293 0.3329988532110092 0.2998046875 0.3125 0.28093642488532106 0.32604644495412843 0.28921480791284404 0.3465452981651376
0 0.48445317237719837 0.5688619681119871 0.46390390482868404 0.4122961201233071 0.3939751601349303 0.4286128272185163 0.4145244276834445 0.5851786752071962
0 0.38183593749999994 0.5338541666666666 0.36523437500000006 0.5117187500000002 0.34375000000000006 0.5403645833333336 0.36035156249999994 0.5625
0 0.4129356971153847 0.6832932692307694 0.4116719103506788 0.6479072398190046 0.37640960831447967 0.6501461161387633 0.37767339507918557 0.685532145550528
0 0.6243779856687898 0.8582885483014863 0.5713450437898089 0.7286524681528663 0.48143909235668786 0.7940386146496816 0.5344720342356688 0.9236746947983016
0 0.5498705231741573 0.6214741338951311 0.5282764220505618 0.6034790496254682 0.5174683988764045 0.6265361657303371 0.5390625 0.64453125
0 0.6527065181809025 0.7004054190169219 0.6404400747884771 0.6113601262422778 0.5534898141619662 0.6326540676201987 0.5657562575543917 0.7216993603948428
0 0.7708174542682927 0.6160759654471545 0.6732802972560977 0.6016260162601627 0.6578458460365855 0.7868394308943091 0.7553830030487805 0.801289380081301
0 0.828733540430267 0.6838873949060338 0.8208022301557862 0.64611925074184 0.788201849962908 0.6582900593471812 0.7961331602373887 0.696058203511375
0 0.7304687500000001 0.5429687500000001 0.7051739386792454 0.5061762971698116 0.6716538915094341 0.547145243710692 0.6969487028301888 0.5839376965408806
0 0.7970579397624434 0.5700579751131222 0.796332367081448 0.5245887537707391 0.7122198458710407 0.5269749245852187 0.7129454185520363 0.5724441459276017
0 0.8038010817307694 0.4795072115384618 0.7616135817307693 0.4724759615384617 0.7546875000000001 0.5463541666666668 0.7968750000000001 0.5533854166666667
0 0.7739601798376031 0.38063958142726456 0.7178279391582801 0.31435007814882593 0.6817103156450139 0.3687206941903019 0.7378425563243369 0.4350101974687405
0 0.6703125 0.55234375 0.6677365860849057 0.47334905660377363 0.6087448408018868 0.47676886792452833 0.6113207547169812 0.5557635613207547
0 0.650390625 0.4726562500000001 0.6466895172319475 0.4467484956236324 0.5999299097374179 0.4586239514952589 0.6036310175054704 0.48453170587162664
0 0.6609655974029257 0.34720279425643785 0.6317648381673857 0.28550683115365605 0.4836592667183498 0.4101264058356929 0.5128600259538898 0.4718223689384747
0 0.5987569391271055 0.35278482325165894 0.5926059413284839 0.32089076059213884 0.5443461069104135 0.33743698953547724 0.5504971047090352 0.3693310521949974
0 0.6612313646788991 0.3116279625382264 0.6508833858944955 0.28600439602446487 0.6076727350917431 0.3170274273700306 0.6180207138761468 0.3426509938837921