0 0.1728906250000001 0.7053645833333333 0.16113281250000008 0.703125 0.1581640625000001 0.7308333333333333 0.16992187500000008 0.7330729166666666
0 0.943359375 0.9843750000000002 0.9140625 0.9843750000000002 0.9140625 0.9960937500000002 0.943359375 0.9960937500000002
0 0.7031249999999999 0.8138020833333334 0.6904296875 0.8098958333333334 0.686644136235955 0.8317679073033708 0.699339448735955 0.8356741573033708
0 0.5498046875000002 0.5963541666666667 0.5293896705316744 0.5950579751131223 0.5286870757918554 0.6147306278280545 0.5491020927601811 0.616026819381599
0 0.4482271634615385 0.7381209935897438 0.4345703125 0.7239583333333336 0.42079326923076926 0.747576121794872 0.4344501201923078 0.7617387820512822
0 0.1956967213114754 0.8068647540983606 0.18449026639344263 0.7889344262295082 0.15951588114754095 0.816683743169399 0.17072233606557372 0.8346140710382514
0 0.43443834459459446 0.5288921734234235 0.4213207347972972 0.5163992117117118 0.39703864020270263 0.5617257882882885 0.4101562499999999 0.5742187500000001
0 0.6402102953767123 0.03055436643835625 0.607783069349315 0.0143407534246576 0.5978301583904109 0.04972888127853891 0.6302573844178081 0.06594249429223756
0 0.556640625 0.6445312500000001 0.5328820633561644 0.6326519691780823 0.5201198630136986 0.6780286815068493 0.5438784246575343 0.6899079623287672
0 0.6926476071041215 0.9713739379971078 0.6611328125000001 0.9583333333333336 0.6530682280368765 0.9929811776934201 0.684583022640998 1.0060217823571946
0 0.0990268959692451 0.04026507649891272 0.09431154619058713 0.014544986797141978 0.04418194460624417 0.030883523609816717 0.04889729438490213 0.05660361331158746
0 0.08531821646341473 0.857691819105691 0.061523437500000076 0.8541666666666666 0.05723608993902447 0.905614837398374 0.08103086890243912 0.9091399898373983
0 0.57421875 0.4973958333333334 0.533203125 0.4973958333333334 0.533203125 0.5377604166666666 0.57421875 0.5377604166666666
0 0.0650053879310345 0.5346533764367816 0.06281654094827585 0.4850395114942528 0.0328192349137931 0.48739224137931025 0.03500808189655173 0.537006106321839
0 0.37109375 0.5234374999999999 0.3520388719512195 0.5031122967479674 0.322217987804878 0.5528137703252032 0.34127286585365846 0.5731389735772358
0 0.6523828124999999 0.30375 0.6454296874999998 0.23885416666666673 0.6199999999999999 0.2436979166666667 0.6269531249999999 0.30859375
0 0.19921875000000003 0.25651041666666674 0.1748046875 0.2239583333333334 0.1318359375 0.28125000000000006 0.15625000000000003 0.3138020833333334
0 0.44441105769230765 0.825020032051282 0.4166165865384615 0.7694310897435896 0.3805588942307692 0.8014823717948718 0.4083533653846153 0.8570713141025641
0 0.05442643873762376 0.35764748349834985 0.0038424350247524886 0.3274133663366337 -0.011945003094059381 0.3743708745874587 0.03863900061881189 0.4046049917491749
0 0.7810339276030367 0.6935161334056397 0.7259735968004338 0.6548773047722342 0.6881397437635575 0.7507230657989876 0.7432000745661604 0.7893618944323931