0 0.44618655041436456 0.8463613604972375 0.4410015970303867 0.7150092081031308 0.27985259841160226 0.7263179097605893 0.28503755179558016 0.8576700621546961
0 0.40787613122171945 0.4062912424585219 0.28492205175339375 0.3984846342383107 0.27526247878959287 0.6689526772247361 0.3982165582579186 0.6767592854449472
0 0.6606011926775149 0.09909701676528601 0.6490731323964498 0.06176805966469428 0.6017242973372781 0.0877634985207101 0.6132523576183433 0.12509245562130183
0 0.23737980769230765 0.3377403846153847 0.22137920673076922 0.32351762820512825 0.20860877403846154 0.34905849358974356 0.224609375 0.36328125
0 0.3171796874999999 0.21893750000000003 0.3066328124999999 0.19862500000000002 0.2877421874999999 0.21606250000000002 0.2982890624999999 0.23637500000000003
0 0.6379385155096011 0.09905603766617439 0.5459518094534712 0.04351689438700159 0.4257870199409157 0.39733544128508136 0.5177737259970457 0.45287458456425417
0 0.490234375 0.1536458333333334 0.462890625 0.1536458333333334 0.462890625 0.2200520833333334 0.490234375 0.2200520833333334
0 0.2941593535958904 0.5730236872146118 0.2831228595890411 0.5406499714611873 0.25781250000000006 0.5559895833333335 0.26884899400684936 0.588363299086758
0 0.2734375 0.7591145833333334 0.26277043269230765 0.7377804487179487 0.24068509615384617 0.7574118589743589 0.2513521634615385 0.7787459935897435
0 0.6878653492647059 0.5802297794117648 0.6702550551470589 0.5611519607843138 0.6405330882352942 0.6099264705882355 0.6581433823529412 0.6290042892156864
0 0.5680692954881656 0.8921782544378697 0.5233577570266272 0.8402551775147928 0.492871671597633 0.8869252342209073 0.5375832100591715 0.9388483111439841
0 0.5609375000000001 0.4893229166666668 0.5404296875000001 0.4346354166666668 0.5154296875 0.45130208333333344 0.5359375 0.5059895833333334
0 0.6369809619920174 0.21521604378326084 0.624451480859942 0.18278679850024193 0.5794559030297532 0.2136928519593614 0.5919853841618287 0.24612209724238035
0 0.19573437499999996 0.4838854166666666 0.18462499999999998 0.46248958333333334 0.16471874999999997 0.4808645833333333 0.17582812499999995 0.5022604166666667