0 0.244140625 0.1848958333333334 0.212890625 0.1848958333333334 0.212890625 0.2408854166666667 0.244140625 0.2408854166666667
0 0.4724111857660782 0.277332256200084 0.4130859375 0.21354166666666663 0.37718833740542246 0.2728923654897015 0.4365135856715006 0.33668295502311896
0 0.5116436298076923 0.16746794871794882 0.4912109375 0.15625000000000008 0.48324241863905326 0.18205282297830383 0.5036751109467457 0.19327077169625256
0 0.654928768382353 0.11772365196078444 0.6370059742647058 0.11174938725490206 0.6324678308823529 0.1359528186274511 0.650390625 0.14192708333333345
0 0.6329091893564356 0.29425794141914197 0.61216932240099 0.2716326320132014 0.5859761757425741 0.31431775990099015 0.6067160426980197 0.3369430693069308
0 0.6860446558852139 0.524536924448768 0.6371633329280156 0.5204634808690014 0.6357345877918289 0.5509433771076524 0.6846159107490272 0.555016820687419
0 0.53125 0.4752604166666668 0.5078125 0.4440104166666668 0.4882812500000001 0.47005208333333354 0.5117187500000001 0.5013020833333335
0 0.43207031250000005 0.4792708333333333 0.4165234375 0.3341666666666666 0.36238281249999993 0.34447916666666667 0.37792968749999994 0.4895833333333333
0 0.33984375 0.4257812500000001 0.2841796875 0.3515625000000001 0.216796875 0.4414062500000001 0.2724609375 0.5156250000000001
0 0.35820979420731713 0.6109133638211384 0.24119759908536595 0.606037855691057 0.2393559451219513 0.6846150914634147 0.3563681402439025 0.689490599593496
0 0.49226562500000004 0.8143750000000001 0.4794921875 0.7916666666666666 0.4440234375 0.8271354166666666 0.45679687500000005 0.84984375
0 0.475224276367962 0.769539510639704 0.39470162569389383 0.6935994498413958 0.34509054693695485 0.7871191845096486 0.42561319761102306 0.8630592453079567
0 0.4736539273648649 0.6862894144144144 0.42160578547297306 0.6495495495495496 0.3993243243243244 0.7056658220720721 0.4513724662162163 0.7424056869369369
0 0.5 0.7070312500000002 0.48077364960407243 0.6948882918552038 0.4746093750000001 0.7122395833333336 0.4938357253959277 0.7243825414781299
0 0.590839561432326 0.6682698888523873 0.5286809091655716 0.6661448067236093 0.5273283508541393 0.7364778389180902 0.5894870031208936 0.7386029210468681
0 0.5200593210334593 0.5226223803741681 0.49010051268213706 0.5207644697787372 0.485663029546681 0.6479723196618097 0.5156218378980032 0.6498302302572405
0 0.5679113051470588 0.6379748774509805 0.5522633272058823 0.6136335784313725 0.5292624080882353 0.6399203431372549 0.5449103860294118 0.6642616421568627
0 0.7172269208715597 0.8457449350152906 0.6518241112385319 0.8195838111620796 0.6396753153669723 0.8735784594801222 0.7050781250000001 0.8997395833333334
0 0.724609375 0.8164062499999999 0.7119140625 0.7656249999999999 0.6626953125 0.7874999999999999 0.675390625 0.8382812499999999