0 0.3188890625 0.14489999999999997 0.2961515625000001 0.08961666666666668 0.23642812500000004 0.13328541666666668 0.25916562500000007 0.18856874999999998
0 0.37561853682873736 0.3279666334059023 0.33920508662917276 0.21397670234639576 0.21405087763062403 0.28505193214804064 0.2504643278301887 0.39904186320754725
0 0.34732572115384613 0.1878806089743591 0.31852463942307685 0.1580128205128206 0.2552133413461538 0.26654647435897444 0.2840144230769231 0.296414262820513
0 0.26501608455882353 0.3824142156862746 0.2410041360294118 0.36204044117647066 0.20087316176470588 0.446124387254902 0.22488511029411767 0.46649816176470593
0 0.27697683345375723 0.5936747350674375 0.26269531250000006 0.5677083333333336 0.24711547145953755 0.582941955684008 0.2613969924132947 0.6089083574181119
0 0.44631288109756095 0.6148691565040652 0.44333555640243894 0.5791412601626017 0.4163252667682927 0.5831427845528455 0.41930259146341464 0.618870680894309
0 0.49571117912371143 0.47606582903780076 0.4742469394329897 0.46505852663230246 0.46035357603092786 0.5132221864261168 0.48181781572164956 0.5242294888316151
0 0.5124655330882353 0.2668504901960785 0.4974724264705882 0.23353247549019615 0.46501608455882354 0.2594975490196079 0.48000919117647056 0.2928155637254902
0 0.6662959487129486 0.30365355239209574 0.5960063011895477 0.17423134425377024 0.5417956562012481 0.22657265665626633 0.612085303724649 0.3559948647945918
0 0.7556640625 0.27786458333333347 0.7369140625 0.26536458333333346 0.7265625 0.2929687500000001 0.7453125 0.3054687500000001
0 0.7564447559408711 0.3712646931610015 0.6562229671280277 0.3645157511534026 0.6540166077244047 0.4227636394090509 0.7542383965372481 0.4295125814166498
0 0.7116985452586208 0.44707255747126445 0.6825431034482758 0.4141792385057473 0.671875 0.4309895833333334 0.7010304418103448 0.46388290229885065
0 0.5901936045486601 0.45493763222849093 0.5651734947990128 0.4060094176069582 0.5146897589033851 0.4519037229666196 0.5397098686530325 0.5008319375881524
0 0.5740076013513513 0.5576787725225224 0.5605468749999999 0.5325520833333333 0.5232263513513513 0.5680954391891891 0.5366870777027026 0.5932221283783784
0 0.6211158441742082 0.607990431749623 0.5780587174773756 0.5874870380844646 0.5485629949095022 0.6976044023378581 0.5916201216063348 0.7181077960030166
0 0.7734375000000001 0.7565104166666669 0.7140846238938053 0.664452894542773 0.6185985896017698 0.7738988753687317 0.6779514657079646 0.8659563974926257
0 0.7434213033536585 0.6370172764227643 0.6779868521341463 0.5805640243902439 0.628467987804878 0.6826028963414635 0.6939024390243902 0.7390561483739838
0 0.6611328125 0.8385416666666667 0.5888671875 0.7421875 0.5634765624999999 0.7760416666666667 0.6357421875 0.8723958333333336