0 0.9765624999999998 0.21223958333333331 0.9755420287781014 0.14556879683597002 0.9276904662781016 0.14687088016930336 0.9287109375 0.21354166666666663
0 0.4346163586689588 0.06926111247544213 0.36986777075147353 0.04964032825802234 0.3601405175589391 0.10670688032089069 0.4248891054764245 0.1263276645383105
0 0.5543795383817428 0.21898772475795308 0.4979739367219917 0.1989323997233749 0.47644904045643155 0.30655688105117573 0.5328546421161826 0.3266122060857539
0 0.53515625 0.16536458333333334 0.528389818727758 0.14814094009489912 0.49759160920818496 0.16965080071174377 0.5043580404804271 0.18687444395017797
0 0.48315907502329913 0.39429097739981367 0.4638671875 0.28906250000000006 0.41914371941985085 0.3036390377446413 0.43843560694315 0.4088675151444549
0 0.5766963766477127 0.418151156091152 0.5075515112109072 0.30978376464633417 0.43528967231519766 0.39175241772206437 0.5044345377520031 0.5001198091668821
0 0.55078125 0.4791666666666668 0.525390625 0.4791666666666668 0.525390625 0.5169270833333335 0.55078125 0.5169270833333335
0 0.6004477896341464 0.6375952743902439 0.5851419588414634 0.6243902439024391 0.573561356707317 0.6482533028455285 0.5888671875000001 0.6614583333333334
0 0.4820922074044586 0.5554007430997878 0.4404296875000001 0.5390625 0.43476935708598735 0.5647226645435244 0.47643187699044587 0.5810609076433122
0 0.4599340596330276 0.46212012614678893 0.39284690366972475 0.41395498853211005 0.3627436926605504 0.4884962729357799 0.4298308486238532 0.5366614105504587
0 0.12945997100515466 0.6256174828178694 0.06816406250000008 0.6177083333333333 0.05947164948453616 0.7374704682130583 0.12076755798969077 0.7453796176975944