0 0.4908627333144796 0.2235836161387633 0.43953796662895916 0.10159431561085976 0.40381080316742074 0.12831707202111617 0.4551355698529411 0.2503063725490197
0 0.4642578125 0.290625 0.417578125 0.10390625 0.2775390625 0.16614583333333333 0.32421875 0.3528645833333333
0 0.5015010917030567 0.30537550036390115 0.45582867085152834 0.2588075418486173 0.3966762759279476 0.3619450509461428 0.44234869677947597 0.40851300946142666
0 0.3369140625 0.5364583333333335 0.23447456954718118 0.5337266135212583 0.2337194028638545 0.5840710590763697 0.33615889581667335 0.5868027788884448
0 0.32595756701995016 0.5164205371986699 0.29926161159601 0.4842158925602659 0.28926706670822944 0.49894469555278476 0.31596302213216954 0.5311493401911886
0 0.24609375 0.6341145833333335 0.2373046875 0.6223958333333335 0.22070312500000006 0.6445312500000001 0.22949218750000006 0.6562500000000001
0 0.4137378407887772 0.761664984780307 0.3687565138631551 0.6130310349391213 0.30675694398491266 0.646387528674784 0.35173827091053467 0.7950214785159697
0 0.494140625 0.7408854166666667 0.47761718749999993 0.7115104166666667 0.4519921875 0.7371354166666666 0.46851562500000005 0.7665104166666666
0 0.7429680995004162 0.8205304173605329 0.7410027776332223 0.6921293887038579 0.5973285608347212 0.6960388912017763 0.5992938827019151 0.8244399198584512
0 0.6971389884663342 0.8093665575644223 0.6706256818890275 0.770294316292602 0.5912026574189527 0.8661062188279303 0.6177159639962594 0.9051784600997507
0 0.7030499454148471 0.958823462518195 0.6940459538755459 0.8961290029112081 0.6196463905567685 0.915124636098981 0.6286503820960698 0.9778190957059678
0 0.6087826588114755 0.43271857923497287 0.5830078125000001 0.4192708333333334 0.574478099385246 0.44833504098360666 0.6002529456967214 0.46178278688524604
0 0.4960903708910035 0.4334225418108421 0.4829253622404844 0.40051002018454446 0.4415143814878893 0.42995782871972316 0.4546793901384083 0.46287035034602086
0 0.4806794605809128 0.5406131137621023 0.4572338563278008 0.48661717669432913 0.4095767959024895 0.5234050829875518 0.4330224001556016 0.577401020055325
0 0.53515625 0.4921875000000001 0.51171875 0.4921875000000001 0.51171875 0.5455729166666666 0.53515625 0.5455729166666666
0 0.7660707339211618 0.5049327887275243 0.7548828124999998 0.4791666666666667 0.7362511345954357 0.49354901452282157 0.7474390560165974 0.5193151365836792
0 0.7092537715517242 0.8793103448275864 0.6543642241379309 0.85003591954023 0.6462823275862069 0.8769755747126436 0.7011718750000001 0.9062500000000001