0 0.5000062201433122 0.4846072186836519 0.4794921875 0.4765625000000001 0.47529359076433125 0.495596138535032 0.4958076234076434 0.5036408572186838
0 0.5618137668918919 0.5478955518018019 0.5361328125 0.5234375000000002 0.5249155405405406 0.5443764076576579 0.5505964949324325 0.5688344594594597
0 0.4701171875 0.553125 0.464453125 0.5002604166666668 0.44421875 0.5041145833333334 0.4498828125 0.5569791666666667
0 0.592415978773585 0.1400795990566038 0.5894383844339622 0.04876670597484277 0.5459573997641509 0.051287342767295595 0.5489349941037737 0.14260023584905662
0 0.5744060359589042 0.31012771118721477 0.5307015196917808 0.2836401255707764 0.4955854023972603 0.3866474029680366 0.5392899186643836 0.413134988584475
0 0.6720991290983607 0.31181693989071035 0.6371189805327868 0.2558487021857924 0.5722816342213115 0.32789019808743175 0.6072617827868851 0.3838584357923497
0 0.4909237132352942 0.4659160539215686 0.4725988051470589 0.36818321078431365 0.40963924632352944 0.3891697303921568 0.4279641544117648 0.4869025735294118
0 0.6195405179042179 0.49377105301698887 0.5964617201230229 0.3487043241066198 0.49462804811072053 0.3775057666959578 0.5177068458919157 0.5225724956063269
0 0.5010780222947121 0.7352621744089081 0.4709550978612773 0.5961229520259 0.2585475326204258 0.6778743173419667 0.28867045705386046 0.8170135397249747
0 0.6871295797413793 0.3169899425287357 0.6802599676724139 0.295617816091954 0.6571592133620691 0.30881824712643674 0.6640288254310345 0.33019037356321845
0 0.67578125 0.24609375 0.6751346982758621 0.23143857758620687 0.6541823814655172 0.23308189655172415 0.6548289331896552 0.24773706896551725
0 0.5802278170620438 0.7282922749391728 0.5721444457116789 0.705196928223844 0.5521498631386861 0.7176380018248174 0.5602332344890512 0.740733348540146