0 0.4462573902027026 0.06171171171171173 0.38855574324324316 0.020981137387387428 0.3751108530405405 0.05484234234234237 0.4328125 0.09557291666666666
0 0.7288161057692311 0.12309695512820511 0.716932091346154 0.10272435897435894 0.6974609375 0.12291666666666673 0.709344951923077 0.14328926282051288
0 0.727222339527027 0.179757882882883 0.6986380912162162 0.17374014639639648 0.6945206925675677 0.20850929054054065 0.7231049408783784 0.21452702702702714
0 0.4876021177030457 0.20017713620981395 0.4658203125 0.16666666666666669 0.45087444479695427 0.18393744712351953 0.4726562499999999 0.2174479166666668
0 0.4295593537895928 0.34483408748114647 0.4057153209841629 0.329774698340875 0.39788072680995473 0.35182763009049794 0.4217247596153846 0.3668870192307694
0 0.44299550513698627 0.3996611015981736 0.44228916952054786 0.37423301940639264 0.4118766053082192 0.3757348744292237 0.4125829409246576 0.40116295662100465
0 0.3393641364644971 0.4291944033530573 0.3212890625 0.41927083333333337 0.314453125 0.44140625000000006 0.3325281989644971 0.45132982001972394
0 0.28520339439655173 0.4653915229885058 0.25868130387931043 0.4235991379310346 0.24055765086206898 0.44404633620689665 0.26707974137931034 0.48583872126436783
0 0.27109642551369867 0.24834118150684936 0.2491572131849315 0.23737157534246578 0.24125107020547945 0.2654823059360731 0.2631902825342466 0.27645191210045666
0 0.2697265625 0.6674479166666668 0.2451171875 0.6510416666666666 0.2302734375 0.690625 0.2548828125 0.7070312500000001
0 0.4238281250000001 0.5820312500000002 0.4019531250000001 0.5778645833333336 0.39984375000000005 0.5975520833333334 0.42171875000000003 0.6017187500000001
0 0.36602235991379306 0.6728089080459768 0.36493130387931033 0.6480783045977011 0.3415746228448276 0.6499102011494252 0.3426656788793103 0.674640804597701
0 0.4030478809012877 0.7385047836194564 0.3773471030042919 0.7303458065092989 0.37273672210300435 0.7561639395565094 0.3984375000000001 0.7643229166666666
0 0.4967830882352941 0.5466452205882354 0.4775390624999999 0.53125 0.46633731617647045 0.5561427696078431 0.48558134191176466 0.5715379901960785
0 0.5944862503769602 0.8262182096903902 0.5013865067098914 0.7691841324889427 0.47643409793425817 0.8415950442299961 0.5695338416013269 0.8986291214314437
0 0.644068137886598 0.8952695446735397 0.6142578125000002 0.8776041666666669 0.5999617429123714 0.9204923754295535 0.6297720682989691 0.9381577534364264
0 0.6646484375000001 0.8479166666666669 0.6318359375000001 0.8333333333333335 0.6175781250000001 0.8903645833333336 0.6503906250000002 0.9049479166666669
0 0.5776642879548307 0.6854562029485572 0.5213116079830616 0.654995294855709 0.5053949870608533 0.7073432925554163 0.5617476670326224 0.7378042006482646
0 0.5789943099710984 0.6135597302504817 0.5433300216763006 0.606243978805395 0.5384867232658961 0.6482192316955685 0.5741510115606937 0.6555349831406552
0 0.6568252354452057 0.6537706906392695 0.6133748929794521 0.6320455194063928 0.607595783390411 0.6525934646118723 0.6510461258561645 0.674318635844749
0 0.6861530172413793 0.6672503591954023 0.6818089978448276 0.6537356321839082 0.6653084590517241 0.6631645114942529 0.6696524784482758 0.6766792385057471
0 0.75390625 0.6731770833333336 0.7392578125 0.6536458333333336 0.7255859375 0.6718750000000001 0.740234375 0.6914062500000001
0 0.814453125 0.5716145833333336 0.8042637087264151 0.5677329009433963 0.8001363502358491 0.5869939072327046 0.810325766509434 0.5908755896226416
0 0.7539062499999999 0.5299479166666667 0.7382812499999999 0.5091145833333334 0.720703125 0.5325520833333334 0.736328125 0.5533854166666666
0 0.8323069852941176 0.48472732843137256 0.7597656249999999 0.4231770833333334 0.7291245404411764 0.4873774509803922 0.801665900735294 0.5489276960784314
0 0.8270040490858503 0.42232834856915763 0.7991153492647058 0.37867647058823556 0.7811320051669315 0.3991019972178063 0.809020704988076 0.4427538751987284
0 0.7719233801605506 0.36306622706422037 0.7192427608944955 0.3419939793577983 0.7119319810779816 0.3744863340978595 0.7646126003440369 0.39555858180428155
0 0.71875 0.3567708333333334 0.669921875 0.3567708333333334 0.669921875 0.4778645833333334 0.71875 0.4778645833333334
0 0.7061195473733584 0.3279276110068794 0.6574453271575985 0.26478267667292066 0.5081269054878048 0.469404217479675 0.5568011257035648 0.5325491518136337
0 0.7005682507276841 0.5170035575679174 0.6495348378880982 0.41563106403622263 0.5804591486093142 0.47745222887020267 0.6314925614489002 0.5788247224018974
0 0.6484375 0.53515625 0.5909705528846154 0.5198317307692308 0.5815805288461539 0.5824318910256411 0.6390474759615385 0.5977564102564104
0 0.5922611424180328 0.5966530054644809 0.5873783299180328 0.5250384221311475 0.5565605788934427 0.528773907103825 0.5614433913934427 0.6003884904371585
0 0.616420083263069 0.3717568683249017 0.5787244413996626 0.26788443296795955 0.539108610876897 0.2934430333052277 0.5768042527403034 0.3973154686621699
0 0.7112098942878339 0.3102628894658756 0.704130540615727 0.27655168150346193 0.66102559347181 0.29264419510385764 0.6681049471439169 0.3263554030662712