0 0.5594386411516854 0.20258368445692893 0.5088548981741573 0.09467169943820229 0.4526751228932584 0.1414881788389514 0.5032588658707866 0.24940016385767802
0 0.6354172872974261 0.3584254349380363 0.5208531935176358 0.24695766801715932 0.4690991048021925 0.34152069431204335 0.5836631985819828 0.45298846123292036
0 0.39667274746192893 0.39804753595600684 0.3374841370558376 0.3296518083756345 0.28406071541878175 0.41184168781725894 0.3432493258248731 0.48023741539763126
0 0.3171915270618556 0.465246456185567 0.3016168653350515 0.4572594501718213 0.2935124033505154 0.4853549183848797 0.30908706507731953 0.4933419243986254
0 0.36786358173076933 0.6530448717948718 0.3396935096153847 0.6455328525641025 0.335712139423077 0.6720753205128205 0.3638822115384617 0.6795873397435896
0 0.41790792603806237 0.642404664071511 0.4091796875000001 0.6041666666666666 0.38967209126297586 0.6120827926758939 0.3984003298010381 0.6503207900807382
0 0.6015625000000001 0.7747395833333335 0.5605114990467113 0.7661872914680649 0.5507458740467113 0.8495206248013983 0.5917968750000001 0.8580729166666669
0 0.5744491748595506 0.7265332397003746 0.5521967169943821 0.719686329588015 0.5454485603932585 0.7586756788389515 0.567701018258427 0.765522588951311
0 0.6956280048076924 0.6885616987179489 0.6884765625 0.6718750000000002 0.6709134615384615 0.6852564102564105 0.6780649038461538 0.7019431089743591
0 0.23561021959459455 0.8294411599099099 0.2336623733108108 0.8129926801801801 0.19976245777027027 0.8201295045045044 0.20171030405405405 0.8365779842342341
0 0.7891544117647058 0.32887561274509813 0.7763671874999998 0.30208333333333337 0.7537454044117645 0.32127757352941183 0.7665326286764704 0.3480698529411766