0 0.7138351690573771 0.0385928961748634 0.7119140625000001 0.010416666666666666 0.6793352971311475 0.014365607923497281 0.6812564036885245 0.04254183743169402
0 0.099609375 0.001302083333333349 0.07519531249999999 1.1102230246251566e-17 0.07455259085463257 0.021424054845580413 0.09896665335463259 0.02272613817891375
0 0.07226562500000001 0.11979166666666667 1.2138833018892222e-17 0.11979166666666667 1.5547273817300382e-17 0.19401041666666666 0.07226562500000003 0.19401041666666666
0 0.03253865979381444 0.09248818728522339 0.014960534793814439 0.08207152061855671 0.009765625000000005 0.09765625000000001 0.027343750000000007 0.1080729166666667
0 0.7158661912751678 0.11058969519015663 0.7144505033557047 0.09989338646532442 0.6888239303691275 0.10592316834451904 0.6902396182885906 0.11661947706935125
0 0.9371898471030043 0.3388881437768242 0.9158312097639486 0.3213631080114451 0.897959696888412 0.36008471924177404 0.9193183342274679 0.37760975500715316
0 0.6413871951219511 0.3763338414634146 0.6036347179878049 0.33606453252032525 0.5867711509146342 0.36417047764227645 0.6245236280487804 0.4044397865853658
0 0.32358122051886795 0.32528007075471704 0.2722840507075472 0.31245577830188687 0.2640698702830189 0.3708677279874214 0.3153670400943397 0.3836920204402517
0 0.34033983126996803 0.16184937433439833 0.25999962559904155 0.15756456336528224 0.25800594049520764 0.22402073349307777 0.3383461461661342 0.22830554446219387
0 0.025631009615384615 0.5220953525641024 0.02273137019230769 0.4911658653846154 -0.0027493990384615365 0.4954126602564103 0.00015024038461538546 0.5263421474358974
0 0.033203125 0.6536458333333334 0.02441406249999998 0.6302083333333334 -0.0048828125000000226 0.6497395833333334 0.00390625 0.6731770833333334
0 0.27824519230769235 0.3885216346153847 0.2575871394230769 0.38301282051282054 0.2490985576923077 0.43960336538461536 0.26975661057692313 0.4451121794871795
0 0.2421875 0.8658854166666666 0.2320625 0.7916354166666668 0.18359375000000003 0.8033854166666669 0.19371875 0.8776354166666667
0 0.14257812499999997 0.765625 0.1349609375 0.7453125 0.1029296875 0.7666666666666667 0.110546875 0.7869791666666667
0 0.34205228365384616 0.8524839743589745 0.32271634615384615 0.8454527243589745 0.31640625 0.8763020833333334 0.3357421875 0.8833333333333333
0 0.462890625 0.7018229166666667 0.4482421875 0.6458333333333335 0.41953200337512053 0.6591869073449053 0.43418044087512053 0.7151764906782386
0 0.5153245192307693 0.7141426282051283 0.4981971153846154 0.6989182692307694 0.470703125 0.75390625 0.48783052884615385 0.7691306089743591
0 0.6051047732945091 0.7885273675818081 0.57861571859401 0.7346198176650028 0.5455832076747087 0.763475804215197 0.5720722623752079 0.8173833541320021
0 0.5703125000000001 0.8789062500000001 0.5337466337522442 0.8715192063135847 0.5278557001795333 0.9233594217534412 0.5644215664272891 0.9307464654398566
0 0.7952409498762376 0.616839418316832 0.7720355043316831 0.6137453589108913 0.7689124381188119 0.6553862417491751 0.7921178836633663 0.6584803011551157
0 0.921875 0.91015625 0.9070455411585365 0.8795985772357724 0.8862328506097562 0.89755462398374 0.9010623094512195 0.9281122967479675