0 0.36734117227157365 0.2867227157360407 0.35180044416243655 0.268764541032149 0.3164855647208122 0.32309512478849417 0.3320262928299493 0.3410532994923859
0 0.6955017225779508 0.4479398663697106 0.6649085641703786 0.36322035077951026 0.5533912165924276 0.43481173440979975 0.5839843749999999 0.5195312500000001
0 0.6718625722119892 0.5917999274391605 0.5770549020428668 0.5047173266912258 0.5328309454537843 0.5903120813797724 0.6276386156229068 0.6773946821277071
0 0.7619217599610222 0.21747780424426172 0.60866192751191 0.17399983759203128 0.587853406507146 0.30439990255521887 0.7411132389562582 0.34787786920744934
0 0.5997171336206897 0.8370779454022987 0.5986328125000001 0.8124999999999999 0.5759630926724137 0.8142780172413793 0.5770474137931034 0.838855962643678
0 0.5077040605087808 0.6225313131362188 0.45067642262899216 0.5060232357474034 0.23794416937019194 0.6911376175304996 0.2949718072499806 0.8076456949193151
0 0.4322547519329897 0.794056056701031 0.4150390625 0.7343750000000001 0.39200426868556704 0.7461877147766324 0.4092199581185567 0.8058687714776632
0 0.27556295955882365 0.7868412990196079 0.22225413602941185 0.7690716911764707 0.21691176470588241 0.7975643382352942 0.2702205882352942 0.8153339460784313
0 0.5625 0.10677083333333327 0.5404296875 0.04791666666666661 0.4892578125 0.08203125 0.511328125 0.14088541666666668
0 0.44355769230769226 0.5060616987179487 0.44098257211538455 0.444258814102564 0.4136147836538461 0.4462860576923076 0.4161899038461538 0.5080889423076923
0 0.7116501266891891 0.7469031531531533 0.7080078125 0.7161458333333334 0.6883498733108108 0.7202843468468468 0.6919921875 0.7510416666666667
0 0.32071786556603776 0.7038374606918241 0.319921875 0.6794270833333335 0.27720371462264154 0.681903498427673 0.2779997051886793 0.7063138757861636
0 0.6670258620689655 0.5268049568965518 0.6198814655172413 0.49986530172413807 0.6071524784482759 0.5394665948275864 0.654296875 0.5664062500000001