0 0.6837368790545411 0.07688861524907906 0.6223631404673233 0.04871706311068404 0.6104191381847669 0.09497637353836307 0.6717928767719845 0.12314792567675807
0 0.7508628408040666 0.2017507124152803 0.7309471031654345 0.12691581947011704 0.6812561373613679 0.1504255237215034 0.701171875 0.22526041666666666
0 0.5757880897373541 0.2529790856031129 0.5570928076361867 0.2247284370946823 0.48758587670233455 0.30650129701686135 0.5062811588035019 0.3347519455252919
0 0.19664062499999999 0.1282291666666667 0.1869140625 0.1109375 0.17082031250000002 0.12703125 0.180546875 0.1443229166666667
0 0.09374999999999997 0.040364583333333336 0.08105468749999999 0.03385416666666667 0.07486307989690721 0.05531840635738832 0.08755839239690719 0.061828823024054985
0 0.06323837652439025 0.18905614837398377 0.054663681402439025 0.1747649898373984 0.035251524390243906 0.19547129065040653 0.04382621951219513 0.2097624491869919
0 0.2507371094227713 0.4124253814051609 0.06639311292344383 0.3833948307753456 0.05040648503424246 0.5638660967245526 0.23475048153356987 0.5928966473543679
0 0.43733567219969594 0.6700291170383511 0.4189453125 0.5703125 0.3833782429992397 0.5819738342625445 0.4017686026989356 0.6816904513008955
0 0.47417968749999995 0.5313541666666667 0.4599609375000001 0.5182291666666667 0.45257812500000016 0.5324479166666668 0.466796875 0.5455729166666666
0 0.6601171874999999 0.6819270833333335 0.6262109375 0.6480208333333335 0.59234375 0.7082291666666668 0.62625 0.7421354166666668
0 0.7702205882352942 0.521063112745098 0.7595358455882353 0.4973192401960784 0.748046875 0.5065104166666667 0.7587316176470588 0.5302542892156863
0 0.814453125 0.3320312500000001 0.7986597521551724 0.32300646551724144 0.7924973060344828 0.34217852011494265 0.8082906788793105 0.3512033045977013
0 0.9330651519495415 0.7042478975535169 0.8916015625 0.6744791666666666 0.8752956565366972 0.7148556957186544 0.9167592459862387 0.7446244266055047
0 0.400390625 0.7682291666666666 0.3691406250000001 0.7682291666666666 0.3691406250000001 0.8255208333333334 0.400390625 0.8255208333333334
0 0.15711434138141814 0.7155823400570498 0.11905705608190713 0.6780766096169519 0.097828163202934 0.7163718673594133 0.135885448502445 0.753877597799511
0 0.3320312500000001 0.7447916666666666 0.3173828125000001 0.7447916666666666 0.3173828125000001 0.7747395833333334 0.3320312500000001 0.7747395833333334
0 0.208984375 0.90234375 0.1943359375 0.8723958333333334 0.1787264796087533 0.8859692749778957 0.1933749171087533 0.9159171916445623
0 0.04370700016578244 0.9741655614500443 0.02711579907161803 0.9402457725464191 -0.0030902892904509207 0.9665119363395225 0.013500911803713489 1.0004317252431476
0 0.2864679641272191 0.9818016518737674 0.2624006102071007 0.968588202662722 0.2539062500000001 0.9960937500000001 0.2779736039201185 1.0093071992110454
0 0.439453125 0.8736979166666666 0.41054146842560557 0.8619656502306804 0.40280668793252605 0.8958513552479815 0.4317183445069205 0.9075836216839678
0 0.5737780005530975 0.9651433443952804 0.5599505669247788 0.9490113384955755 0.5413785951327434 0.9773114859882008 0.5552060287610621 0.9934434918879058
0 0.5145474137931034 0.544585129310345 0.5048828125000001 0.5390625000000001 0.5012459590517242 0.550377155172414 0.5109105603448276 0.5558997844827587
0 0.7323016826923077 0.1223758012820514 0.7101111778846153 0.08433493589743594 0.6672475961538462 0.12878605769230766 0.6894381009615385 0.16682692307692312
0 0.880859375 0.9986979166666669 0.8658662683823529 0.9653799019607843 0.84375 0.9830729166666666 0.8587431066176471 1.0163909313725492