0 0.6448255565068493 0.18377211757990872 0.6305516909246577 0.175121289954338 0.6243980094178083 0.19317208904109603 0.638671875 0.20182291666666677
0 0.5380859375 0.06510416666666678 0.515625 0.03515625000000006 0.482421875 0.0794270833333334 0.5048828125 0.10937500000000012
0 0.46783897860738255 0.22259507829977637 0.3721292994966443 0.20007515380313207 0.3582476929530201 0.30495840324384793 0.4539573720637584 0.3274783277404922
0 0.5463467454663213 0.3260619063039724 0.5041430537564767 0.28926894430051814 0.4428290965025906 0.4143013277202072 0.48503278821243523 0.4510942897236615
0 0.6321602087332053 0.2864158469289828 0.5625487344049904 0.2594694697696738 0.5422714731285988 0.35259466970569425 0.6118829474568137 0.37954104686500323
0 0.7166015625 0.31979166666666686 0.6955078125 0.31041666666666684 0.6876953125 0.3416666666666668 0.7087890625 0.3510416666666668
0 0.5524391923803527 0.5260974233837113 0.5185546875 0.5026041666666667 0.5096327928211587 0.5254808196893367 0.5435172977015114 0.5489740764063813
0 0.5862042569774346 0.4829708531274743 0.5856916196555819 0.46314887668250204 0.5486263175475059 0.464853028503563 0.5491389548693586 0.48467500494853527
0 0.7118265086206896 0.5202137212643679 0.6780509159482758 0.5175646551724139 0.6767645474137931 0.546722341954023 0.7105401400862068 0.5493714080459771
0 0.3514023067823344 0.44231811908517366 0.2877285833990536 0.3342657400105153 0.2403730037460568 0.38387634726603576 0.30404672712933756 0.4919287263406941
0 0.26759299651015234 0.5146005181895092 0.26507475412436554 0.46759332698815564 0.23953541402284265 0.4700256450930626 0.24205365640862944 0.5170328362944162
0 0.24297351371951229 0.47884908536585363 0.22775342987804886 0.4765942581300813 0.22587176067073175 0.4991742886178862 0.24109184451219517 0.5014291158536586
0 0.3414395960365854 0.5498602642276423 0.2520483993902439 0.5366171239837398 0.23773342225609762 0.708396849593496 0.3271246189024391 0.7216399898373985
0 0.3774939903846154 0.6190504807692307 0.37050781250000003 0.5445312500000001 0.32892127403846155 0.5514623397435899 0.3359074519230769 0.6259815705128206
0 0.46532814572281167 0.7342368479221928 0.43253429625331563 0.6671916445623343 0.38379942390583555 0.7095697944297082 0.4165932733753316 0.7766149977895669
0 0.3886718750000001 0.6354166666666666 0.3691406250000001 0.6354166666666666 0.3691406250000001 0.6666666666666666 0.3886718750000001 0.6666666666666666
0 0.4737128586065573 0.6746072404371585 0.45714331454918034 0.6480959699453552 0.4393730788934427 0.667840676229508 0.45594262295081966 0.6943519467213114
0 0.5090619882641922 0.5701874090247455 0.48849447325327516 0.5343261008005824 0.40903896015283847 0.6153395651382826 0.4296064751637555 0.6512008733624456
0 0.4805459551093357 0.9153930561396131 0.43198394133725826 0.8974836609896272 0.42205405014718256 0.9453508287776844 0.4706160639192599 0.9632602239276703
0 0.439025 0.9807437499999999 0.4195015625 0.8914937499999999 0.37825156249999997 0.9075354166666666 0.397775 0.9967854166666666
0 0.6098904969262294 0.7474043715846995 0.5836257684426229 0.6908341871584701 0.5627145235655737 0.7080942622950822 0.5889792520491802 0.7646644467213115