0 0.6021093749999997 0.11057291666666676 0.5754674030172412 0.0488757183908047 0.5401737607758619 0.075969827586207 0.5668157327586205 0.13766702586206905
0 0.6388607855319719 0.12864597326706076 0.6376953124999999 0.03385416666666667 0.5973629139239656 0.034735749149202945 0.5985283869559376 0.129527555749597
0 0.4218750000000001 0.2695312500000001 0.4195118266574586 0.20966419198895028 0.39747172824585636 0.2112108655616943 0.39983490158839785 0.27107792357274413
0 0.2941564611486487 0.38971002252252257 0.28029983108108103 0.376513231981982 0.26789484797297297 0.39966920045045046 0.28175147804054057 0.412865990990991
0 0.6015625000000001 0.3190104166666667 0.5906700721153847 0.24639423076923078 0.5301983173076924 0.26252003205128205 0.5410907451923078 0.33513621794871795
0 0.562814828967333 0.40307312120671196 0.5505706667261692 0.3642295720278472 0.4589627588361299 0.4155654044686422 0.47120692107729384 0.4544089536475069
0 0.5395908043032788 0.31386612021857935 0.5170498206967213 0.31113387978142093 0.5143922899590164 0.3501109972677597 0.5369332735655739 0.35284323770491816
0 0.443359375 0.48046875 0.43888651877133106 0.4297763794084186 0.41633559087030714 0.43331377986348124 0.420808447098976 0.48400615045506257
0 0.36954599056603776 0.6060583726415095 0.3277564858490566 0.5751031839622641 0.2906286851415094 0.6642099056603775 0.3324181898584906 0.6951650943396229
0 0.28203125000000007 0.7403645833333333 0.26855468750000006 0.734375 0.2630859375000001 0.75625 0.2765625000000001 0.7622395833333333
0 0.24023437500000008 0.5794270833333334 0.22558593750000006 0.578125 0.22428097345132744 0.6042242809734513 0.23892941095132753 0.6055263643067846
0 0.49752103365384615 0.597255608974359 0.47062800480769235 0.5434695512820512 0.37845552884615385 0.6254006410256409 0.40534855769230765 0.6791866987179487
0 0.39144531250000014 0.6186458333333335 0.36410156250000014 0.6134375000000001 0.3623828125000001 0.6294791666666667 0.3897265625000001 0.6346875000000001
0 0.5610574103552279 0.726080764075067 0.4781935950067025 0.6774673257372654 0.44645662282171583 0.7736399687220732 0.5293204381702413 0.822253407059875
0 0.39899935787671226 0.9069456335616439 0.38820366010273966 0.8685609303652968 0.3468937285958904 0.8892158961187214 0.357689426369863 0.9276005993150686
0 0.6837890625 0.6828125000000002 0.6460413490853659 0.5462017276422766 0.5916444359756097 0.572923018292683 0.6293921493902438 0.7095337906504066
0 0.701171875 0.5416666666666666 0.681640625 0.5416666666666666 0.681640625 0.5924479166666666 0.701171875 0.5924479166666666
0 0.7520680147058822 0.38993566176470584 0.6742302389705882 0.3276654411764707 0.6108111213235293 0.4685968137254903 0.6886488970588234 0.5308670343137255
0 0.639921875 0.4089062500000001 0.5991796875 0.4011458333333334 0.5908203125 0.47916666666666674 0.6315625 0.4869270833333334
0 0.609375 0.3841145833333333 0.6083984375 0.3645833333333333 0.5916758849557521 0.36606978244837757 0.5926524474557521 0.38560103244837757