0 0.173828125 0.0651041666666667 0.1484375 0.0651041666666667 0.1484375 0.0924479166666667 0.173828125 0.0924479166666667
0 0.03906250000000002 0.4075520833333334 0.0263671875 0.3906250000000001 -0.0068359374999999774 0.43489583333333337 0.005859375000000044 0.4518229166666668
0 0.24218749999999994 0.25130208333333337 0.22406729145010393 0.2255311200623701 0.18430637668918917 0.27523226351351354 0.2024265852390852 0.30100322678447683
0 0.3514423076923078 0.3135216346153847 0.31640625000000006 0.30078125000000006 0.31176382211538467 0.3234775641025642 0.34679987980769234 0.3362179487179488
0 0.52734375 0.09244791666666674 0.50390625 0.08203125000000007 0.4955078125 0.11562500000000006 0.5189453125 0.12604166666666672
0 0.53125 0.31901041666666674 0.4412376415937997 0.26804451510333865 0.42532603835453103 0.31800352742448346 0.5153383967607313 0.36896942898781143
0 0.5732421875000001 0.20052083333333345 0.5036587198780247 0.19921410154700528 0.5005632375545419 0.4922530948367051 0.5701467051765173 0.4935598266230333
0 0.5704627403846153 0.18589743589743593 0.5510817307692306 0.16866987179487186 0.525841346153846 0.21915064102564105 0.5452223557692306 0.23637820512820512
0 0.6338144607444733 0.28855792154312965 0.6195342977893368 0.23436653391850892 0.570809035679454 0.2571927828348504 0.5850891986345904 0.31138417045947114
0 0.650390625 0.1861979166666667 0.6329405737704917 0.1582778346994535 0.593077612704918 0.20257001366120217 0.6105276639344261 0.2304900956284154
0 0.7615004595588235 0.28397671568627453 0.7571116727941176 0.20790441176470587 0.6725758272058824 0.21657475490196074 0.6769646139705883 0.2926470588235294
0 0.713331910175367 0.19377039151712888 0.7124493398246329 0.1525837751495378 0.6676756219412724 0.15428944059271343 0.6685581922920065 0.19547605696030454
0 0.7171146911982249 0.3161211785009863 0.6935385077662722 0.3031773915187378 0.6854081915680473 0.3295041296844182 0.708984375 0.3424479166666668
0 0.6635277478448275 0.3476939655172414 0.5778556034482758 0.3199084051724138 0.5576225754310344 0.4308153735632184 0.6432947198275862 0.45860093390804596
0 0.626953125 0.5039062500000002 0.5908203124999999 0.45572916666666674 0.5664062499999999 0.48828125000000006 0.6025390625 0.5364583333333336
0 0.6484375 0.4752604166666667 0.6357421875 0.4088541666666667 0.5837439361462093 0.4265267749699158 0.5964392486462093 0.4929330249699158
0 0.6728966346153846 0.6382411858974361 0.66171875 0.5835937500000002 0.6040414663461536 0.6045673076923079 0.6152193509615383 0.6592147435897436
0 0.6360792750634519 0.5666243654822336 0.6181640625 0.5390625 0.6014336135786802 0.5583954631979695 0.619348826142132 0.5859573286802031
0 0.671793837969169 0.4262455317247543 0.6580853091487937 0.3847045352993745 0.6292204256032171 0.4016386003127793 0.6429289544235924 0.44317959673815915
0 0.7858738345994476 0.4180191068139964 0.7662940262430941 0.4166450851749541 0.7653552313535913 0.44042788904235747 0.7849350397099448 0.4418019106813998
0 0.7632941988950279 0.703578211325967 0.6762614381906079 0.6974706491712709 0.6732400293508289 0.7740130064456724 0.7602727900552488 0.7801205686003685
0 0.7365072577662721 0.5041142751479291 0.7255859375 0.46875 0.6585902829142011 0.5055319280078895 0.6695116031804733 0.5408962031558187
0 0.388671875 0.4843750000000001 0.3798828125 0.4609375 0.3505859375 0.48046875 0.359375 0.5039062500000001
0 0.42578125 0.3567708333333334 0.40625 0.3567708333333334 0.40625 0.4101562500000001 0.42578125 0.4101562500000001
0 0.4159231693786983 0.5073271079881657 0.4066198224852071 0.4772019847140039 0.37980191383136097 0.49192554240631164 0.38910526072485213 0.5220506656804734
0 0.22355659298780486 0.5644563008130081 0.2158203125 0.5364583333333334 0.19038681402439023 0.5489519817073171 0.19812309451219512 0.5769499491869918
0 0.26631543590764334 0.5960887738853503 0.24241764530254786 0.5867170912951168 0.23629080414012743 0.6144921045647559 0.26018859474522293 0.6238637871549895
0 0.36018361863057324 0.6351761544585988 0.35449218750000006 0.6093750000000001 0.3341896397292993 0.6173367834394906 0.33988107085987257 0.6431379378980893
0 0.3328354779411765 0.6839767156862746 0.29375000000000007 0.6723958333333334 0.28903952205882366 0.7006587009803922 0.328125 0.7122395833333334
0 0.5337890625 0.5848958333333333 0.5300390625 0.5498958333333335 0.5087109374999998 0.5539583333333334 0.5124609375 0.5889583333333334
0 0.504296875 0.66640625 0.4923828125 0.6346354166666667 0.4681640625 0.65078125 0.480078125 0.6825520833333333
0 0.5723975929054055 0.7958192567567568 0.5446684966216215 0.776245777027027 0.5342166385135135 0.8025689752252253 0.5619457347972974 0.8221424549549551
0 0.4378165409482759 0.872539511494253 0.41588766163793106 0.8379849137931036 0.39382408405172414 0.8628771551724139 0.415752963362069 0.8974317528735634
0 0.6663793103448276 0.8574622844827587 0.6461543642241379 0.8255926724137931 0.627155172413793 0.8470276580459771 0.6473801185344827 0.8788972701149427
0 0.3837149784482759 0.1832165948275862 0.3823949353448276 0.15329561781609194 0.35709186422413797 0.15528017241379308 0.3584119073275862 0.18520114942528737
0 0.8504136029411764 0.6982996323529413 0.8105238970588236 0.6147212009803923 0.7589613970588234 0.6584712009803922 0.7988511029411764 0.7420496323529413