0 0.4609375000000001 0.7330729166666667 0.4248046875000001 0.6848958333333335 0.4052734375 0.7109375000000002 0.44140625 0.7591145833333336
0 0.5841246546961327 0.22170666436464098 0.5172867748618785 0.2170162868324126 0.5106558615331492 0.38499942449355434 0.5774937413674033 0.3896898020257827
0 0.5070074490666611 0.34926865624473297 0.42127224054019885 0.22885831893645733 0.36832289998735884 0.29588280064891304 0.454058108513821 0.4162931379571887
0 0.34503692208904113 0.42263127853881277 0.33899561215753427 0.2051441210045662 0.2421955265410959 0.20992437214611873 0.24823683647260278 0.42741152968036533
0 0.803785323580961 0.6311418057218641 0.6029185748532194 0.41476557168746064 0.537509445372552 0.5227135056555552 0.7383761941002935 0.7390897396899586
0 0.765625 0.4635416666666668 0.716796875 0.4635416666666668 0.716796875 0.4986979166666668 0.765625 0.4986979166666668
0 0.5259323677007299 0.2519198600973237 0.49503877737226276 0.23694114963503654 0.47844434306569344 0.29778740875912413 0.5093379333941607 0.3127661192214113
0 0.330078125 0.1614583333333334 0.302734375 0.1614583333333334 0.302734375 0.1940104166666667 0.330078125 0.1940104166666667
0 0.47725089651639346 0.20280481557377053 0.46111360143442626 0.18487448770491807 0.4455846567622951 0.20972079918032793 0.46172195184426224 0.22765112704918036
0 0.2544921875000001 0.5466145833333333 0.19667968750000006 0.5080729166666667 0.17480468750000006 0.5664062500000001 0.23261718750000004 0.6049479166666668
0 0.5507812499999999 0.5638020833333335 0.5415693460051546 0.5318674828178696 0.5013893363402062 0.5524726159793816 0.5106012403350515 0.5844072164948455
0 0.81640625 0.6562500000000002 0.791015625 0.6562500000000002 0.791015625 0.7252604166666669 0.81640625 0.7252604166666669
0 0.7326472355769231 0.2458934294871795 0.7242337740384615 0.2290665064102564 0.7109375 0.24088541666666666 0.7193509615384615 0.25771233974358976
0 0.6389224972345132 0.15475202802359878 0.6374706167035398 0.12571441740412978 0.6142664546460177 0.12777700958702065 0.615718335176991 0.15681462020648965
0 0.5397276182432432 0.08631052927927924 0.5294657939189189 0.060465934684684676 0.5102618243243244 0.07402167792792792 0.5205236486486486 0.09986627252252249
0 0.7378665453767124 0.677689783105023 0.7175995291095891 0.6182398687214614 0.6931720890410958 0.6330443778538815 0.7134391053082192 0.6924942922374431