0 0.42899099182763745 0.043446631996037745 0.38940901281575035 0.015911342248638 0.3536433181649331 0.1073125619118376 0.39322529717682025 0.13484785165923738
0 0.60984375 0.12453125000000007 0.5955468749999999 0.09911458333333337 0.578515625 0.11614583333333334 0.5928125 0.14156250000000004
0 0.537317970717884 0.14330329030226704 0.4672401409005037 0.0755155856423174 0.429814920497481 0.14429707178841308 0.49989275031486136 0.21208477644836274
0 0.6440257352941176 0.24644607843137253 0.6236787683823529 0.2231924019607843 0.6064453124999999 0.24999999999999994 0.6267922794117646 0.2732536764705882
0 0.7734374999999998 0.32161458333333337 0.7504620807926828 0.3074758638211383 0.7382860137195121 0.34265116869918705 0.7612614329268291 0.35678988821138213
0 0.6095274390243903 0.4093686483739836 0.5890386814024391 0.39169207317073157 0.5777724847560977 0.4149072662601625 0.5982612423780489 0.43258384146341455
0 0.5332936356707317 0.4232215447154472 0.5116615853658537 0.412595274390244 0.5025581173780489 0.4455411585365855 0.5241901676829268 0.4561674288617887
0 0.7427734375 0.584375 0.7287109375 0.528125 0.7046875 0.5388020833333333 0.71875 0.5950520833333334
0 0.673828125 0.5611979166666667 0.6554227941176471 0.5557444852941178 0.6515165441176471 0.5791819852941179 0.669921875 0.5846354166666669
0 0.5876652644230769 0.6304086538461539 0.5568659855769231 0.6221955128205129 0.5529597355769231 0.6482371794871795 0.5837590144230769 0.6564503205128206
0 0.5775706647877984 0.5927932968611849 0.5495948690318302 0.5858856929708224 0.5464087367374005 0.6088258454907163 0.5743845324933687 0.6157334493810788
0 0.6132812500000001 0.5611979166666669 0.5947265625000001 0.5468750000000002 0.5836277878630706 0.572435814315353 0.6021824753630706 0.5867587309820196
0 0.517081176035503 0.806482679980276 0.5025483080621302 0.7599775024654832 0.4843807784763313 0.7700705744575936 0.4989136464497041 0.8165757519723865
0 0.5795973557692309 0.9412259615384617 0.523016826923077 0.8981169871794873 0.5115985576923079 0.9247596153846156 0.5681790865384617 0.9678685897435898
0 0.7345703125 0.7481770833333334 0.7107421875 0.7322916666666667 0.7001953124999999 0.7604166666666666 0.7240234375 0.7763020833333335
0 0.43359375 0.6809895833333334 0.415578281414647 0.5780440485598876 0.37279064311116966 0.5913557582543026 0.3908061116965227 0.6943012930277485
0 0.2777542794585987 0.7398819002123143 0.25387514928343957 0.7225152600849258 0.23887216361464975 0.7591892250530787 0.26275129378980894 0.7765558651804673
0 0.30168269230769224 0.6935096153846154 0.2818509615384615 0.6758814102564102 0.2702824519230769 0.6990184294871795 0.29011418269230765 0.7166466346153847
0 0.31640625 0.6549479166666666 0.31189903846153844 0.6248998397435898 0.27433894230769235 0.6349158653846153 0.27884615384615385 0.6649639423076923
0 0.4882812500000001 0.49088541666666685 0.4296875000000001 0.41276041666666685 0.2753906250000001 0.6184895833333335 0.3339843750000001 0.6966145833333335
0 0.5068359375 0.2890625 0.46484375 0.23307291666666666 0.43359375 0.2747395833333333 0.4755859375 0.3307291666666667
0 0.443359375 0.43619791666666674 0.44098944909793814 0.3666800902061856 0.4112214078608248 0.3684842139175258 0.41359133376288665 0.4380020403780069
0 0.462890625 0.3177083333333334 0.439453125 0.3177083333333334 0.439453125 0.3658854166666668 0.462890625 0.3658854166666668
0 0.285546875 0.26796875000000003 0.27050781249999994 0.25520833333333337 0.2598920036764706 0.2774509803921569 0.2749310661764706 0.29021139705882354
0 0.20742187500000003 0.34609375000000003 0.19394531250000005 0.3401041666666667 0.18945312500000006 0.35807291666666674 0.20292968750000004 0.36406250000000007
0 0.2605395047169812 0.4463197720125788 0.18956367924528306 0.3937450864779875 0.16358343160377362 0.45609768081761015 0.2345592570754717 0.5086723663522014
0 0.2065450643776824 0.5373580561516452 0.18377816523605153 0.48802977467811165 0.16438103540772536 0.503945368383405 0.18714793454935622 0.5532736498569385
0 0.28222656250000006 0.40885416666666674 0.26660156250000006 0.38802083333333337 0.24511718750000006 0.4166666666666668 0.26074218750000006 0.4375000000000001
0 0.2768689076834863 0.570252771406728 0.22114213016055057 0.5479620603975536 0.213562571674312 0.5816489870030582 0.2692893491972478 0.6039396980122326
0 0.3336676520270271 0.5456432995495497 0.28840266047297297 0.5025337837837839 0.2642525337837838 0.5476140202702704 0.3095175253378379 0.5907235360360361
0 0.30323710244082847 0.44796289447731763 0.2841796875 0.4375000000000001 0.276575212647929 0.4621240138067062 0.2956326275887574 0.4725869082840237
0 0.44019990808823534 0.4595588235294118 0.3938419117647059 0.35654105392156865 0.2947495404411765 0.43581495098039214 0.3411075367647059 0.5388327205882353
0 0.32031250000000006 0.4934895833333333 0.2978515625 0.48177083333333337 0.29191534323770496 0.5019979508196722 0.31437628073770496 0.5137167008196722
0 0.36132812500000006 0.3919270833333334 0.34092657059585496 0.3760592076856651 0.32725469559585496 0.4073092076856651 0.34765625000000006 0.4231770833333334
0 0.34609375 0.29401041666666666 0.3447265625 0.28125 0.32585937499999995 0.28484375000000006 0.3272265625 0.2976041666666667
0 0.404296875 0.3242187500000001 0.3681640625 0.2760416666666668 0.35546875 0.29296875000000006 0.3916015625 0.34114583333333337