0 0.44158429730662985 0.19852094843462248 0.4403973152624309 0.1684507366482505 0.41907480145027626 0.16994705340699817 0.4202617834944752 0.20001726519337015
0 0.439453125 0.29296875 0.36621093749999994 0.2604166666666667 0.34843749999999996 0.33151041666666675 0.4216796875 0.36406250000000007
0 0.4567440257352941 0.5015318627450981 0.3991842830882353 0.37362132352941185 0.35437729779411764 0.4094669117647059 0.41193704044117646 0.5373774509803921
0 0.5178729363207547 0.35018671383647804 0.4923349056603773 0.3404579402515724 0.47700471698113206 0.4119988207547171 0.5025427476415094 0.42172759433962276
0 0.5390625 0.4674479166666667 0.5361328125 0.4401041666666667 0.5022265625 0.4465625 0.50515625 0.47390625000000003
0 0.7125 0.44244791666666666 0.7052734375 0.41354166666666653 0.656640625 0.43515624999999986 0.6638671875 0.4640625
0 0.5957507621951219 0.24015497967479676 0.5794350228658536 0.22275152439024382 0.5602848704268292 0.25466844512195114 0.5766006097560975 0.27207190040650414
0 0.5655106460492227 0.0641731433506046 0.5444563633419688 0.05678567573402427 0.5404590349740931 0.07703880613126089 0.561513317681347 0.08442627374784123
0 0.81640625 0.66796875 0.7974806882022472 0.6266766151685393 0.7538316362359548 0.6622425093632959 0.7727571980337078 0.7035346441947568
0 0.826171875 0.75390625 0.8255720176781736 0.7003189959168522 0.7554209006124722 0.701715038047513 0.7560207579342985 0.7553022921306608
0 0.6732421874999999 0.6682291666666667 0.6546874999999999 0.5940104166666667 0.5960937499999999 0.6200520833333333 0.6146484374999999 0.6942708333333333
0 0.6284104567307693 0.5912259615384615 0.6148437500000001 0.56796875 0.5913161057692309 0.5923677884615386 0.6048828125000001 0.615625
0 0.5845009865614333 0.6197961106370876 0.5509645637798634 0.495969318828214 0.519383932380546 0.5111748080204779 0.5529203551621159 0.6350015998293516
0 0.607421875 0.7903645833333336 0.591796875 0.7695312500000002 0.564453125 0.8059895833333336 0.580078125 0.8268229166666669
0 0.5917968749999999 0.70703125 0.493359375 0.66328125 0.453515625 0.82265625 0.5519531249999999 0.86640625
0 0.5856250000000001 0.6786979166666668 0.5629296875000002 0.6743750000000001 0.5605468750000002 0.6966145833333336 0.5832421875000001 0.7009375000000002
0 0.4385023548407065 0.7354324859689666 0.41815026359772195 0.662064453339936 0.31979536356883453 0.7105682396555519 0.3401474548118191 0.7839362722845825
0 0.4416123136467891 0.7891102828746177 0.40820312500000017 0.7877604166666666 0.4077479931192662 0.8077862194189603 0.4411571817660551 0.8091360856269115
0 0.34917367788461545 0.48954326923076935 0.27067307692307696 0.4609975961538463 0.24601862980769237 0.5815304487179488 0.3245192307692309 0.6100761217948719
0 0.21875 0.328125 0.18164062500000006 0.328125 0.18164062500000006 0.37890625 0.21875 0.37890625
0 0.322265625 0.22526041666666682 0.3076171875 0.21614583333333348 0.30147981295620435 0.23368118917274958 0.31612825045620435 0.2427957725060829
0 0.306640625 0.11718750000000006 0.27734375 0.11718750000000006 0.27734375 0.2018229166666667 0.306640625 0.2018229166666667