0 0.7070312500000001 0.16536458333333345 0.6939489976415094 0.133967177672956 0.6538178066037738 0.16369398584905656 0.6669000589622642 0.19509139150943403
0 0.5877132624452954 0.2223912746170679 0.5077398454595186 0.14988204321663026 0.45953355785010935 0.2444041757840993 0.5395069748358863 0.3169134071845369
0 0.3925383554864254 0.19512396304675728 0.330829326923077 0.1912059294871796 0.32532787754524894 0.3452465120663651 0.3870369061085973 0.3491645456259428
0 0.3228852650727651 0.3933986269923771 0.24664517281704784 0.33840577356202356 0.18355882926195427 0.49389130717255725 0.2597989215176716 0.5488841606029108
0 0.36124762744034705 0.4348393438177875 0.31914740374186557 0.4052953271872741 0.2915028470715836 0.47532820408532184 0.33360307077006507 0.5048722207158352
0 0.3518301386623165 0.6570210542414355 0.35010004588091354 0.5762833911092985 0.2966280714722675 0.5783204187058183 0.29835816425367045 0.6590580818379553
0 0.32887178308823534 0.5129442401960785 0.31140854779411764 0.507123161764706 0.30664062500000006 0.5325520833333334 0.3241038602941177 0.538373161764706
0 0.38976332720588236 0.5995710784313726 0.3662109375 0.5807291666666666 0.3525965073529412 0.610983455882353 0.3761488970588235 0.629825367647059
0 0.45929733941545575 0.5636476221928667 0.45889536203764864 0.5170182463672391 0.3590297845112285 0.5185487533025099 0.35943176188903564 0.5651781291281375
0 0.5096604567307692 0.5287259615384615 0.4899939903846155 0.5215745192307694 0.48228665865384623 0.5592548076923077 0.501953125 0.56640625
0 0.5683307926829269 0.5375825711382114 0.5412823932926829 0.5142466971544715 0.5332126524390245 0.5308752540650405 0.5602610518292683 0.5542111280487805
0 0.694375 0.4254166666666667 0.6626171875 0.36895833333333344 0.5933984375 0.43817708333333344 0.6251562500000001 0.4946354166666667
0 0.607421875 0.42578125 0.5986328125 0.3958333333333333 0.5826524077868853 0.4041709357923497 0.5914414702868853 0.4341188524590163
0 0.5942187499999999 0.4223437500000001 0.5867578124999999 0.35270833333333335 0.4710937499999999 0.37473958333333335 0.47855468749999996 0.444375
0 0.7421875 0.36067708333333365 0.7275390624999999 0.3515625000000003 0.7227489165145984 0.36524863138686164 0.7373973540145985 0.374363214720195
0 0.7330078125000001 0.5205729166666668 0.7134765625 0.5075520833333335 0.70390625 0.5330729166666668 0.7234375000000001 0.5460937500000002
0 0.7699908088235293 0.716299019607843 0.7562385110294116 0.7005821078431372 0.7400390625 0.7257812499999999 0.7537913602941176 0.7414981617647057
0 0.4632668105544748 0.7198392915045395 0.4340839311770428 0.7174073848897535 0.4310060493677043 0.7830688634889753 0.4601889287451363 0.7855007701037613
0 0.2817843455188679 0.8223761792452831 0.2546985554245283 0.7573702830188679 0.22020563089622636 0.7829205974842767 0.24729142099056603 0.8479264937106918
0 0.24424130154639173 0.7483489046391752 0.20209809922680416 0.7267370060137456 0.17682828608247425 0.8143390249140893 0.21897148840206188 0.8359509235395189
0 0.6446609375000001 0.6799083333333336 0.6123046875000001 0.6562500000000002 0.6014671875000001 0.6826000000000003 0.6338234375 0.7062583333333337
0 0.8221982758620688 0.36610991379310354 0.7578798491379309 0.33180675287356337 0.7471713362068965 0.36750179597701155 0.8114897629310344 0.40180495689655177