0 0.5782626931941433 0.11228138557483741 0.545602714886117 0.11137416395517 0.5434860527386116 0.2468405413955171 0.5761460310466379 0.24774776301518447
0 0.5599724264705882 0.10110294117647069 0.417486213235294 0.058884803921568696 0.38476562499999994 0.2552083333333333 0.5272518382352941 0.29742647058823535
0 0.5522341844512194 0.2898564532520326 0.5339415015243902 0.2593686483739838 0.48951981707317066 0.3067517784552846 0.5078124999999999 0.33723958333333337
0 0.506140625 0.35753125 0.49990625 0.3118125000000001 0.4541015624999999 0.3229166666666668 0.4603359374999999 0.3686354166666667
0 0.5129574769295302 0.4112136465324385 0.46460124790268453 0.39983571029082776 0.4605311451342281 0.43058759787472045 0.5088873741610738 0.4419655341163312
0 0.5223226260729614 0.5177150393419171 0.5040152226394851 0.5026935801144493 0.4841319071888412 0.5457740969241776 0.5024393106223176 0.5607955561516452
0 0.6072671720297029 0.501843543729373 0.5888671875 0.48177083333333354 0.5746828589108911 0.5048860354785479 0.593082843440594 0.5249587458745875
0 0.7270960856958761 0.6484106529209621 0.7087729542525774 0.639014175257732 0.6999134181701031 0.6697272336769761 0.7182365496134019 0.6791237113402062
0 0.6883336509146343 0.8037982723577237 0.6557498094512196 0.798971036585366 0.6535823170731708 0.8249809451219512 0.6861661585365855 0.8298081808943091
0 0.6312710941498894 0.8126475146448277 0.5027505705084457 0.7464785321759655 0.4675303382528579 0.8680936931268841 0.5960508618943015 0.9342626755957462
0 0.5504986913071066 0.8802744289340102 0.44591231757614225 0.8703138219120136 0.4410096763959392 0.9618297906091372 0.5455960501269036 0.9717903976311338
0 0.5153439405487806 0.9726689532520326 0.44078220274390256 0.9513655995934961 0.4335937500000001 0.99609375 0.5081554878048782 1.0173971036585365
0 0.33439338235294125 0.5159957107843137 0.2672242647058824 0.5067310049019608 0.2552090992647059 0.661593137254902 0.32237821691176477 0.670857843137255
0 0.3980583639705883 0.6823529411764706 0.36564797794117654 0.679028799019608 0.3640739889705883 0.7063112745098041 0.3964843750000001 0.7096354166666667
0 0.32945337490004 0.4321162160135946 0.24700158998900443 0.3594468462614955 0.2274637020191924 0.3988566031920566 0.30991548693022797 0.4715259729441558
0 0.3318359375 0.40677083333333336 0.3193359375 0.3567708333333333 0.30234375 0.36432291666666666 0.31484375 0.41432291666666665
0 0.21992722602739728 0.4564426369863014 0.21370665667808217 0.4343250570776256 0.19069723886986303 0.44582976598173524 0.1969178082191781 0.46794734589041104
0 0.1917873475609757 0.606103912601626 0.1759241615853659 0.6037538109756098 0.17358993902439027 0.6317644817073172 0.18945312500000006 0.6341145833333335
0 0.16731194690265494 0.6055839786135693 0.15136718750000006 0.6041666666666665 0.15007086559734517 0.630093104719764 0.16601562500000006 0.6315104166666666
0 0.36568834459459465 0.4939963400900902 0.34472656250000006 0.48958333333333337 0.34127428209459465 0.5187359234234235 0.3622360641891892 0.5231489301801803
0 0.46019531250000006 0.46656250000000005 0.40414062500000003 0.45588541666666665 0.39765625 0.51640625 0.4537109375 0.5270833333333333