0 0.44453125 0.29348958333333336 0.4166015625 0.21901041666666674 0.3220703125 0.28203125000000007 0.35 0.35651041666666666
0 0.5366261158548419 0.3342023153987969 0.4326171875 0.26562500000000006 0.3685455529545895 0.4383811109224401 0.4725544813094314 0.5069584263212369
0 0.3773754222972973 0.39270129504504514 0.31049408783783783 0.32900478603603617 0.2603462837837838 0.42261402027027034 0.3272276182432433 0.48631052927927937
0 0.3566179644337017 0.6440636510128913 0.3342703297651934 0.6424953959484346 0.33312111533149175 0.6716088282688765 0.35546875000000006 0.6731770833333333
0 0.40934375 0.5997083333333334 0.391640625 0.5954166666666667 0.38659375 0.6324270833333333 0.4042968750000001 0.63671875
0 0.5769301470588235 0.7050857843137256 0.5612132352941177 0.7004289215686277 0.5557444852941178 0.7332414215686275 0.5714613970588236 0.7378982843137256
0 0.466796875 0.8190104166666666 0.4507662259615385 0.8131810897435898 0.4449068509615385 0.8418269230769231 0.4609375 0.84765625
0 0.33984375000000006 0.9986979166666667 0.3393241377714709 0.9675211829549195 0.27924096125370185 0.9693014252221126 0.27976057348223093 1.0004781589338598
0 0.603515625 0.7877604166666666 0.560546875 0.7877604166666666 0.560546875 0.8736979166666666 0.603515625 0.8736979166666666
0 0.7118625439624853 0.8119367306565066 0.6510889873974207 0.7485208455451349 0.5993437683177022 0.8366793669402111 0.6601173248827668 0.9000952520515828
0 0.751953125 0.2447916666666668 0.708984375 0.2447916666666668 0.708984375 0.2838541666666668 0.751953125 0.2838541666666668