0 0.9546121510152284 0.03427056895093076 0.9328997461928934 0.009180678934010207 0.914726760786802 0.03713911802030457 0.9364391656091371 0.06222900803722512
0 0.77965625 0.06253124999999991 0.7614765625000001 0.04574999999999996 0.7480468750000001 0.07161458333333333 0.7662265625000001 0.08839583333333328
0 0.7506610576923076 0.17033253205128215 0.7451171874999998 0.14322916666666669 0.7161959134615383 0.1537459935897436 0.7217397836538461 0.18084935897435905
0 0.6024714803200693 0.12321583044982705 0.5926551686851211 0.08021103662053054 0.5584585856401384 0.09408791089965396 0.5682748972750866 0.13709270472895047
0 0.458984375 0.16406250000000006 0.443359375 0.16406250000000006 0.443359375 0.21484375000000006 0.458984375 0.21484375000000006
0 0.39538388324873097 0.1806987626903553 0.3812708201142131 0.15898635786802034 0.3423074635152284 0.20401068104906944 0.35642052664974616 0.2257230858714044
0 0.3408203124999999 0.01562500000000006 0.274609375 -0.013802083333333274 0.2439453125 0.1088541666666667 0.31015624999999997 0.13828125000000002
0 0.1818916148190045 0.28890577865761696 0.15136718749999997 0.23697916666666669 0.1275293410633484 0.2618907899698341 0.15805376838235294 0.31381740196078434
0 0.19335937500000003 0.23828125000000003 0.18863665471311478 0.16901468579234974 0.15235975922131148 0.17341188524590165 0.15708247950819673 0.24267844945355194
0 0.0879157642326733 0.3404393564356436 0.05236695544554458 0.32973648927392746 0.04452931621287132 0.3760158828382839 0.08007812500000003 0.38671875000000006
0 0.11854516006097562 0.30662474593495936 0.09253525152439027 0.26327489837398377 0.07264672256097561 0.2844893292682927 0.09865663109756097 0.32783917682926833
0 0.021484375000000035 0.359375 3.330704429321659e-17 0.359375 3.767224040345862e-17 0.4544270833333333 0.021484375000000038 0.4544270833333333
0 0.1250751201923077 0.7260616987179487 0.1083984375 0.6927083333333334 0.06580528846153846 0.7305689102564102 0.08248197115384617 0.7639222756410255
0 0.1640625 0.6184895833333334 0.1552734375 0.5989583333333334 0.12999770220588233 0.6191789215686274 0.13878676470588233 0.6387101715686274
0 0.346593237704918 0.6956070696721313 0.3238889600409836 0.6264130806010931 0.2988889600409836 0.6409964139344264 0.321593237704918 0.7101904030054645
0 0.3641188788659794 0.6586850300687286 0.3608952158505155 0.564124248281787 0.314294056056701 0.5669485609965635 0.3175177190721649 0.6615093427835053
0 0.3998798076923078 0.7150841346153846 0.3746394230769231 0.6718149038461537 0.3497596153846154 0.6976161858974359 0.3750000000000001 0.7408854166666666
0 0.38686899038461553 0.6617588141025642 0.3548978365384616 0.6373998397435898 0.3372896634615385 0.678485576923077 0.36926081730769245 0.7028445512820514
0 0.33639934002707583 0.7504888688327317 0.3319572145758123 0.7232438327316487 0.293684425767148 0.7343373947051746 0.29812655121841153 0.7615824308062575
0 0.2897075688073395 0.868752389143731 0.2509765625000001 0.8671875000000001 0.24983156536697257 0.9175673738532112 0.288562571674312 0.9191322629969421
0 0.2486221104452055 0.9610623573059361 0.23631474743150682 0.9549086757990868 0.22776648116438353 0.9853025114155252 0.24007384417808222 0.9914561929223745
0 0.4140624999999999 0.9986979166666666 0.4111328124999999 0.9583333333333334 0.3881000322164948 0.9613053049828177 0.3910297197164948 1.0016698883161512
0 0.6406249999999999 0.9283854166666667 0.6103515625000001 0.9218750000000001 0.6047358329107506 0.9682983646044626 0.6350092704107505 0.9748087812711292
0 0.4589843750000001 0.6445312499999999 0.4482421875000001 0.6041666666666666 0.42222158040665436 0.6164774915280345 0.43296376790665436 0.6568420748613678
0 0.43316995872641517 0.5768474842767296 0.4209168632075472 0.5474400550314464 0.39355468750000006 0.5677083333333334 0.40580778301886794 0.5971157625786164
0 0.4902343750000001 0.5143229166666669 0.4619140625000001 0.47656250000000017 0.4462890625000001 0.49739583333333354 0.4746093750000001 0.5351562500000001
0 0.5097497330146461 0.45870414632492545 0.4284860659072417 0.45251262883102794 0.42630091792107405 0.503499415174939 0.5075645850284785 0.5096909326688366
0 0.5932729252049181 0.32184084699453547 0.5580398309426231 0.29275956284153004 0.5448450307377051 0.32117913251366115 0.5800781250000001 0.35026041666666663
0 0.85546875 0.31640625000000006 0.841796875 0.29817708333333354 0.83203125 0.3111979166666668 0.845703125 0.3294270833333333
0 0.92578125 0.3307291666666668 0.89453125 0.3307291666666668 0.89453125 0.4049479166666668 0.92578125 0.4049479166666668
0 0.945868389423077 0.4380809294871797 0.8908203125 0.42890625000000016 0.8872896634615385 0.4665665064102565 0.9423377403846155 0.475741185897436
0 0.6784078663793104 0.5269845545977012 0.655980603448276 0.45222701149425293 0.6078259698275863 0.4779094827586208 0.6302532327586208 0.5526670258620691
0 0.782560397224951 0.6160209970530452 0.7469206624508841 0.5861012197118534 0.7236980445726916 0.6352785281597906 0.7593377793467584 0.6651983055009825
0 0.7477587090163935 0.5934298155737706 0.7307569159836066 0.5745389344262296 0.7134669569672132 0.6022028688524591 0.7304687500000001 0.6210937500000001
0 0.7998963635568854 0.6044188264169518 0.7697731897925084 0.5979638606102995 0.7508126384247745 0.7552662126981659 0.7809358121891515 0.7617211785048181
0 0.6264101985559567 0.7365138011432009 0.6201171875 0.6979166666666666 0.5961156080776174 0.7048736462093863 0.602408619133574 0.7434707806859205
0 0.984375 0.6783854166666669 0.9547063372461928 0.6441016285956008 0.9259002220812181 0.6884187288494078 0.9555688848350254 0.7227025169204739
0 0.9999999999999998 0.6575520833333334 0.9970703124999998 0.6302083333333335 0.9847656249999996 0.6325520833333335 0.9876953124999996 0.6598958333333333
0 0.9726562499999998 0.7981770833333335 0.9685156249999999 0.7595312500000001 0.9408984374999999 0.7647916666666668 0.9450390624999999 0.8034375
0 0.9756169887718599 0.9031283121356655 0.9443359374999998 0.8541666666666671 0.9287000695548489 0.8719259240858509 0.959981120826709 0.9208875695548494
0 0.9136942879098358 0.9255891393442623 0.9096599641393441 0.8664190573770492 0.8603515625 0.8723958333333334 0.8643858862704917 0.9315659153005466
0 0.8947687922297298 0.8197142454954958 0.869114231418919 0.8140132319819823 0.8649704391891893 0.84716356981982 0.8906250000000002 0.8528645833333336
0 1 0.8932291666666669 0.982421875 0.8932291666666669 0.982421875 0.9440104166666669 1 0.9440104166666669