0 0.41731900716957604 0.49777769118869497 0.1919819591645885 0.36587307772236083 0.14684869856608476 0.5029444617622612 0.3721857465710723 0.6348490752285952
0 0.5578216348830737 0.3554339504454344 0.49796640103006695 0.32750150798069794 0.47363716244432075 0.4201843216406831 0.5334923962973275 0.4481167641054196
0 0.4747149493243244 0.4383445945945946 0.45563766891891894 0.4305180180180181 0.4437711148648648 0.48193975225225233 0.4628483952702703 0.48976632882882887
0 0.513671875 0.46484375 0.5045381433823529 0.44454656862745096 0.48816636029411764 0.45764399509803927 0.49730009191176466 0.47794117647058826
0 0.5199474897540984 0.5316555669398908 0.4984631147540985 0.5290514002732242 0.49518122438524603 0.5771857923497269 0.5166655993852459 0.5797899590163935
0 0.6493612753378379 0.5764006193693695 0.6353198902027029 0.4640695382882883 0.5053051097972974 0.4929617117117117 0.5193464949324326 0.6052927927927929
0 0.66015625 0.4309895833333333 0.6470106948187163 0.37471738220643475 0.5708914518005879 0.4063297454270783 0.5840370069818716 0.46260194655397685
0 0.7295849830316744 0.4628464366515839 0.6533203125000002 0.45052083333333354 0.6464340002828056 0.5262702677224738 0.7226986708144798 0.5385958710407242
0 0.7370266879562044 0.5475688108272507 0.727995266879562 0.5217647506082725 0.7086422217153284 0.5338066453771291 0.7176736427919708 0.559610705596107
0 0.773093162933526 0.48725012042389204 0.7537877077312138 0.4683736753371868 0.7409964324421965 0.49163053949903657 0.7603018876445087 0.5105069845857418
0 0.8232421875 0.28125000000000006 0.79296875 0.2408854166666666 0.74609375 0.30338541666666663 0.7763671875000001 0.34375000000000006