0 0.7929687500000001 0.2096354166666666 0.7919921875000001 0.1953125 0.7810738985655739 0.19663592896174864 0.7820504610655739 0.21095884562841524
0 0.8625000000000002 0.7231770833333335 0.849609375 0.7174479166666669 0.84375 0.7408854166666669 0.8566406250000002 0.7466145833333335
0 0.7549486481741573 0.17670294943820233 0.7392578124999999 0.17187500000000008 0.7362622893258426 0.18918246722846452 0.751953125 0.19401041666666677
0 0.6023046875 0.3902083333333334 0.590546875 0.38796875000000003 0.5878515624999999 0.4131250000000001 0.599609375 0.41536458333333337
0 0.8359375 0.6263020833333336 0.8242834944751379 0.6090368899631675 0.8047522444751379 0.6324743899631676 0.81640625 0.6497395833333336
0 0.4726562500000001 0.5351562500000001 0.4638671875 0.5052083333333334 0.4458247950819672 0.5146217554644809 0.45461385758196726 0.5445696721311477
0 0.673828125 0.83984375 0.6692216981132075 0.8183470911949686 0.6454893867924527 0.8273879716981134 0.6500958136792452 0.8488846305031447
0 0.017578125000000045 0.33984375 0.0009765625000000334 0.3333333333333333 -0.007296228105095515 0.3708366507430998 0.009305334394904496 0.3773470674097665
0 0.01953125000000009 0.9401041666666666 8.891844679356026e-17 0.9401041666666666 9.148972669411378e-17 0.99609375 0.01953125000000009 0.99609375
0 0.541015625 0.73046875 0.5322265625 0.7083333333333333 0.5069203969594593 0.7261965090090089 0.5157094594594595 0.7483319256756757
0 0.13574931569343066 0.5178775091240876 0.12402343749999997 0.48437499999999994 0.09921732436131384 0.4998099148418491 0.1109432025547445 0.5333124239659367
0 0.5490234375 0.6177083333333333 0.52265625 0.6059895833333333 0.51484375 0.6372395833333333 0.5412109375 0.6489583333333333
0 0.709566835126113 0.523082035113749 0.6762420020400594 0.5106407640949556 0.6696291960311573 0.5421303165182988 0.7029540291172108 0.5545715875370921
0 0.41796875 0.9192708333333334 0.3769531250000001 0.9192708333333334 0.3769531250000001 0.96484375 0.41796875 0.96484375
0 0.08904122834158419 0.6950288778877888 0.06489789603960401 0.6686906971947195 0.03679030012376239 0.7144956683168319 0.06093363242574257 0.7408338490099011
0 0.306640625 0.5950520833333334 0.2919921875 0.5598958333333334 0.25733343160377353 0.5855689858490566 0.27198186910377353 0.6207252358490566
0 0.76171875 0.8658854166666669 0.7314453124999999 0.8255208333333335 0.7060546875 0.859375 0.7363281250000001 0.8997395833333335
0 0.20295266544117654 0.8688725490196079 0.1794002757352942 0.8500306372549019 0.1525160845588236 0.9097732843137255 0.17606847426470593 0.9286151960784313
0 0.6727033943965518 0.4177352729885058 0.6413456357758621 0.41425107758620694 0.6378098060344828 0.47082435344827595 0.6691675646551725 0.4743085488505748
0 0.38964843750000006 0.7239583333333336 0.36425781250000006 0.6901041666666669 0.3359375000000001 0.7278645833333335 0.3613281250000001 0.7617187500000001
0 0.42880595439189184 0.33569819819819824 0.38671875 0.30598958333333337 0.36804793074324327 0.35301238738738744 0.41013513513513516 0.3827210022522523
0 0.932890113264192 0.35924990902474546 0.9071114219432314 0.31430244723435247 0.8604240584061136 0.361905249272198 0.8862027497270744 0.406852711062591
0 0.7128621122262774 0.3230212135036496 0.703765111770073 0.21790031934306567 0.6623246464416057 0.22427577554744527 0.6714216468978103 0.3293966697080292
0 0.12816244332901555 0.8480542962003456 0.10392547765544044 0.7252536701208983 0.032975429080310925 0.7501484240069086 0.05721239475388602 0.8729490500863559
0 0.535106222690975 0.18473005656421074 0.5270322564317463 0.007871748028727832 0.3333206303205515 0.02359327130731757 0.34139459657978005 0.2004515798428005