0 0.12500000000000003 0.0013020833333333556 0.1123046875 1.850371707708594e-17 0.11153492647058824 0.01334252450980394 0.12423023897058827 0.014644607843137277
0 0.1591796875 0.5338541666666666 0.1480451014472191 0.5305952634317064 0.1392560389472191 0.583980680098373 0.150390625 0.5872395833333334
0 0.44140625 0.7669270833333334 0.4248046875000001 0.7395833333333335 0.41469124571917815 0.7504994292237445 0.4312928082191781 0.7778431792237444
0 0.1882421875 0.0829166666666667 0.1767578125 0.0807291666666667 0.1738671875 0.10770833333333335 0.18535156249999998 0.10989583333333336
0 0.34765625 0.053385416666666664 0.3251953125 0.03124999999999997 0.30904024679095354 0.06039247147514259 0.33150118429095354 0.08252788814180928
0 0.06501608455882353 0.7454350490196079 0.06176470588235296 0.6890778186274511 0.04653033088235294 0.6906403186274511 0.04978170955882352 0.7469975490196078
0 0.21484375000000008 0.6419270833333335 0.18158818260159665 0.6190848754233189 0.1718537395682149 0.6442799044508952 0.2051093069666184 0.6671221123609097
0 0.8305367661741213 0.38638178913738014 0.8294541234025559 0.35029369675186367 0.7945100339456868 0.35215738152289666 0.7955926767172523 0.3882454739084132
0 0.1233162715517242 0.5629040948275861 0.0950363685344828 0.5606860632183908 0.09281384698275866 0.6110632183908045 0.12109375000000004 0.61328125
0 0.7973545792079209 0.9024881394389441 0.7666015625000002 0.8932291666666669 0.760158183787129 0.931275783828383 0.7909112004950496 0.9405347566006603
0 0.4810697115384615 0.5623998397435896 0.44666466346153844 0.49358974358974356 0.4263822115384615 0.5116185897435898 0.4607872596153846 0.5804286858974358
0 0.2582328497309762 0.9986358650397132 0.25767438508839363 0.9606602693440944 0.20074927339546506 0.9621485075582885 0.2013077380380477 1.0001241032539074
0 0.7231564405487806 0.9864710365853658 0.7177734375 0.9218749999999999 0.6800447789634146 0.9274644308943089 0.6854277820121952 0.9920604674796748
0 0.27501502403846156 0.35536858974358976 0.24094050480769233 0.3200320512820513 0.2170673076923077 0.36095753205128206 0.2511418269230769 0.3962940705128205
0 0.732587139423077 0.753846153846154 0.720868389423077 0.6965544871794872 0.6793870192307692 0.7116386217948718 0.6911057692307692 0.7689302884615385
0 0.15514005335365857 0.055951473577235795 0.1079220655487805 0.042460619918699205 0.10121951219512196 0.08416539634146346 0.14843750000000003 0.09765625000000003
0 0.2953151860265227 0.8330365913555993 0.25905382797151283 0.802594957432875 0.23814694867387037 0.8468683488867061 0.27440830672888017 0.8773099828094304
0 0.4141706406144497 0.767588235707855 0.38378906249999994 0.6588541666666666 0.3577937732106684 0.6717668593855504 0.38817535132511816 0.7805009284267386