0 0.646484375 0.3346354166666669 0.6328124999999999 0.3164062500000001 0.6015624999999999 0.3580729166666668 0.615234375 0.3763020833333336
0 0.5943551485655739 0.348155737704918 0.5692078637295083 0.32739924863387965 0.5509765625 0.36666666666666653 0.5761238473360657 0.38742315573770486
0 0.3816856971153847 0.13962339743589744 0.3734224759615385 0.0845352564102564 0.35013521634615385 0.0907451923076923 0.35839843750000006 0.14583333333333337
0 0.3913881288794511 0.5748742581400414 0.2492585654197975 0.5542008670913644 0.24525979561417843 0.6030747202711534 0.3873893590738321 0.6237481113198303
0 0.37326215555111814 0.5501447683706071 0.37207031249999994 0.5104166666666666 0.3486702525958466 0.5116646698615548 0.3498620956469648 0.5513927715654953
0 0.46134906873441406 0.485118583748961 0.4376777782107232 0.4835404977140483 0.4352327189837905 0.5487420770989194 0.45890400950748134 0.5503201631338321
0 0.4199218750000001 0.6210937500000001 0.4086705974355799 0.5930905702841097 0.3441729512512389 0.639160317558639 0.3554242288156591 0.6671634972745294
0 0.28868774308556616 0.6822297698789975 0.2426618544727744 0.6243686527657737 0.2112430450518583 0.6687992923509076 0.25726893366465 0.7266604094641314
0 0.49662252286585373 0.7534806910569107 0.4687452362804879 0.7397865853658538 0.46104230182926836 0.7676638719512197 0.4889195884146342 0.7813579776422765
0 0.3945312500000001 0.9557291666666666 0.3750000000000001 0.9557291666666666 0.3750000000000001 0.9973958333333334 0.3945312500000001 0.9973958333333334
0 0.6777505017201836 0.6620508409785933 0.5705454415137615 0.6577193233944955 0.5683307052752294 0.7551677178899083 0.6755357654816515 0.7594992354740062
0 0.7493860867042439 0.6757881576038903 0.7138671874999999 0.6432291666666666 0.6897328829575595 0.6900350906277631 0.7252517821618036 0.7225940815649868
0 0.7758973817567567 0.43530405405405415 0.723194679054054 0.4136824324324325 0.7083298141891892 0.47809684684684695 0.7610325168918918 0.4997184684684686
0 0.7058661099137932 0.7959410919540232 0.6826239224137931 0.7941181752873565 0.6814722521551724 0.8202227011494254 0.7047144396551724 0.8220456178160921
0 0.8138739224137931 0.7159931752873565 0.7976764547413794 0.6977191091954025 0.7827114762931034 0.7213002873563219 0.7989089439655171 0.7395743534482759