0 0.3873046875 0.33177083333333335 0.3656550480769231 0.32389823717948724 0.358984375 0.35651041666666666 0.380634014423077 0.3643830128205129
0 0.57203125 0.43838541666666675 0.532421875 0.40182291666666675 0.5167421875 0.4320208333333334 0.5563515625000001 0.4685833333333334
0 0.466015625 0.4627604166666667 0.3869140625 0.4276041666666667 0.3728515625 0.48385416666666675 0.451953125 0.5190104166666667
0 0.449731203589109 0.7412077145214523 0.39219136757425743 0.6784369843234324 0.3694790377475248 0.7154496699669968 0.4270188737623763 0.7782204001650167
0 0.251953125 0.6393229166666666 0.234375 0.6236979166666666 0.21875000000000006 0.6549479166666666 0.236328125 0.6705729166666666
0 0.20151654411764713 0.5304840686274511 0.18579963235294125 0.525827205882353 0.1815487132352942 0.5513327205882353 0.19726562500000008 0.5559895833333335
0 0.6544800318019345 0.7129152649285116 0.5923923399390244 0.6686356707317077 0.5628096417682926 0.7423780487804881 0.6248973336312027 0.7866576429772922
0 0.6696063701923077 0.6557091346153847 0.6282602163461538 0.648818108974359 0.6257361778846154 0.6757411858974359 0.6670823317307694 0.6826322115384615
0 0.8697265625000001 0.45729166666666693 0.8544921874999998 0.4505208333333334 0.8476562499999998 0.4778645833333334 0.8628906250000001 0.48463541666666693
0 0.4557603809931508 0.09002211757990874 0.4379949700342466 0.08113941210045664 0.43016909246575336 0.10896475456621006 0.44793450342465757 0.11784746004566218
0 0.710253633793344 0.3979974176298658 0.6479957309934237 0.3243842998538594 0.5928407732164209 0.40731232147601976 0.6550986760163412 0.4809254392520261