0 0.36456824764663287 0.1675180651098239 0.34211296727914553 0.09965321777697325 0.26469510884322955 0.1451931345039826 0.28715038921071684 0.21305798183683325
0 0.5559686783256882 0.22564267966360868 0.48106902236238547 0.19568281727828757 0.4691890051605506 0.248482893730887 0.5440886611238533 0.27844275611620806
0 0.5885974188535912 0.24381330570902407 0.5589714261049725 0.24173428867403327 0.5577250949585636 0.27330801104972385 0.5873510877071824 0.27538702808471466
0 0.5960129310344826 0.2374910201149425 0.5947265624999998 0.20833333333333334 0.564385775862069 0.2107130028735632 0.5656721443965518 0.23987068965517236
0 0.6392187500000002 0.23317708333333348 0.592734375 0.22432291666666682 0.5858593750000001 0.2884895833333335 0.6323437500000002 0.2973437500000002
0 0.73046875 0.2721354166666668 0.703125 0.23567708333333334 0.69140625 0.2513020833333333 0.71875 0.2877604166666668
0 0.4194896260245902 0.21371243169398907 0.41611168032786894 0.1641692281420765 0.3872310450819672 0.16766991120218577 0.3906089907786885 0.21721311475409835
0 0.314453125 0.2942708333333333 0.287109375 0.2942708333333333 0.287109375 0.3333333333333333 0.314453125 0.3333333333333333
0 0.3671875 0.4596354166666668 0.3402248475609756 0.41469766260162605 0.3047351371951219 0.45255335365853655 0.3316977896341463 0.49749110772357735
0 0.38494613863447125 0.7656998074521231 0.38354593828059946 0.6742200509991674 0.32617187499999994 0.67578125 0.32757207535387173 0.7672610064529557
0 0.4158432904411765 0.668887867647059 0.39286534926470595 0.6612285539215688 0.3832720588235295 0.7123927696078433 0.40625 0.7200520833333335
0 0.505859375 0.5065104166666669 0.462890625 0.44921875000000017 0.4179687500000001 0.5091145833333335 0.4609375000000001 0.5664062500000001
0 0.6133787230300188 0.5889144582551595 0.6123046875000001 0.4843750000000001 0.5264100609756098 0.4859438516260164 0.5274840965056286 0.5904833098811758
0 0.6605753755364808 0.5127637696709587 0.6431397532188842 0.49845761802575134 0.6210099248927039 0.5464055793991418 0.6384455472103006 0.5607117310443492
0 0.5976562499999999 0.71484375 0.5556765425319489 0.6631764177316293 0.5316400009984025 0.6978958666134185 0.5736197084664536 0.7495631988817892
0 0.7042518028846155 0.7197516025641026 0.678176258484163 0.718096012443439 0.6770494555995475 0.7496464932126697 0.7031250000000001 0.7513020833333335
0 0.841796875 0.5611979166666669 0.8199688170600858 0.5542683744635196 0.81640625 0.5742187500000001 0.8382343079399142 0.5811482922031475
0 0.998046875 0.5013020833333335 0.9267479565285954 0.4750074467339502 0.9111911269974768 0.5499993429352397 0.9824900454688814 0.576293979534623
0 0.5536605992268041 0.8387161726804123 0.5380859375000001 0.8307291666666666 0.5332534632731959 0.8474817439862543 0.5488281249999999 0.85546875