0 0.7541245404411765 0.18216911764705881 0.7515510110294119 0.13756127450980393 0.7091337316176471 0.14191176470588238 0.7117072610294117 0.18651960784313726
0 0.5589843749999999 0.03671875 0.5527343749999999 0.01171875 0.512890625 0.029427083333333333 0.519140625 0.054427083333333334
0 0.5438397381756758 0.1714175112612614 0.4051150760135135 0.14058980855855865 0.37872149493243246 0.3517384572072073 0.5174461570945947 0.38256615990991005
0 0.22460937500000006 0.56640625 0.213220356969599 0.44796046248382926 0.19208340071151359 0.4515736173997413 0.20347241874191466 0.5700194049159121
0 0.19921875000000006 0.4973958333333333 0.18164062500000006 0.4973958333333333 0.18164062500000006 0.52734375 0.19921875000000006 0.52734375
0 0.17578125000000006 0.48828125000000006 0.1513671875 0.4765625 0.14489365704674223 0.5005385387157696 0.16930771954674226 0.5122572887157697
0 0.47954687499999993 0.4854270833333334 0.47203124999999996 0.43031250000000004 0.43765624999999997 0.43864583333333335 0.44517187499999994 0.4937604166666667
0 0.444140625 0.5838541666666667 0.42503906249999995 0.5498958333333334 0.3958203125 0.5791145833333334 0.414921875 0.6130729166666667
0 0.4633923946823204 0.603857331952118 0.44083973584254144 0.5767941413443831 0.4130157976519337 0.6180147905156538 0.43556845649171266 0.6450779811233887
0 0.2373046875 0.6848958333333335 0.22070312500000008 0.6627604166666669 0.20312500000000008 0.6861979166666667 0.21972656250000006 0.7083333333333335
0 0.2845360971715329 0.6764370437956206 0.2646484375000001 0.6640625000000001 0.2545691719890512 0.6928604014598542 0.27445683166058404 0.7052349452554746
0 0.3359375000000001 0.6263020833333334 0.31057391826923075 0.6101282051282051 0.30065805288461533 0.6377724358974357 0.3260216346153847 0.653946314102564
0 0.2678460315265487 0.8855664638643069 0.2507000138274337 0.8655627765486726 0.215733891039823 0.918844487463127 0.23287990873893802 0.9388481747787611
0 0.83984375 0.9622395833333335 0.8125000000000002 0.9257812500000002 0.7705078125000001 0.9817708333333337 0.7978515625 1.018229166666667
0 0.7452137185415404 0.6727964865069741 0.5911241187841115 0.5285423931170407 0.5225083146983021 0.6588431119870629 0.6765979144557308 0.8030972053769964
0 0.6609515947164948 0.5027115549828179 0.6151437661082474 0.4792203608247423 0.6055794942010309 0.5123765034364263 0.6513873228092784 0.5358676975945017
0 0.8300242456896552 0.6905441810344828 0.8134765625 0.6718750000000002 0.7890288254310345 0.7103987068965519 0.8055765086206896 0.7290678879310345
0 0.513671875 0.69140625 0.5130399816176471 0.6737132352941178 0.49197539592760187 0.6750506693061842 0.4926072893099548 0.6927436840120664
0 0.4940029456967213 0.911782786885246 0.463367699795082 0.895799180327869 0.44397412909836065 0.9618809767759563 0.4746093750000001 0.9778645833333334