0 0.2988281250000001 0.0690104166666666 0.2714843750000001 0.022135416666666637 0.2361929086538462 0.05873397435897436 0.26353665865384623 0.10560897435897433
0 0.3240160672169812 0.6122739779874214 0.28587485259433965 0.5207350628930818 0.20295916863207547 0.5821540880503145 0.241100383254717 0.6736930031446542
0 0.3255795338114754 0.4756873292349727 0.2904232838114754 0.4366248292349727 0.255523181352459 0.492464993169399 0.290679431352459 0.531527493169399
0 0.4197721146166133 0.6525600705537806 0.41634322583865807 0.5382637779552717 0.3367050219648562 0.542511148828541 0.34013391074281146 0.6568074414270499
0 0.46625808189655177 0.5463811063218389 0.4482758620689656 0.48644037356321845 0.42133620689655177 0.5008081896551725 0.4393184267241379 0.560748922413793
0 0.453125 0.3033854166666669 0.4352185111899563 0.2851278202328968 0.4230221411026201 0.30639328602620103 0.4409286299126637 0.32465088245997104
0 0.3910006009615385 0.256610576923077 0.3669621394230769 0.25020032051282054 0.36283052884615385 0.2777443910256411 0.3868689903846154 0.2841546474358975
0 0.5553782393292683 0.3081173780487806 0.48828125 0.29817708333333337 0.4805640243902439 0.3907837906504066 0.5476610137195123 0.40072408536585374
0 0.5814453124999999 0.2515625 0.5701171875 0.20625000000000002 0.5419921875 0.21874999999999997 0.5533203125 0.2640625
0 0.5732827368079585 0.17763300173010385 0.5649329584775087 0.14105302047289506 0.5423943014705882 0.15019914215686278 0.550744079801038 0.18677912341407157
0 0.6079044117647059 0.09299938725490199 0.6064453125 0.06770833333333333 0.5858340992647059 0.06982230392156863 0.5872931985294118 0.09511335784313729
0 0.8044921875 0.5825520833333334 0.7529296874999999 0.5481770833333334 0.7197265624999999 0.63671875 0.7712890625 0.67109375
0 0.5200482536764706 0.7316176470588236 0.502297794117647 0.692172181372549 0.47472426470588225 0.7142310049019608 0.4924747242647058 0.7536764705882353
0 0.6862191396763497 0.411602090338751 0.6543007060877079 0.4039180229933372 0.6259313191784981 0.613415034015194 0.65784975276714 0.6210991013606079
0 0.6367077773876405 0.370596324906367 0.61792266502809 0.3549420646067416 0.6020123771067417 0.3888840121722847 0.6207974894662922 0.4045382724719101
0 0.6228852370689655 0.3424299568965518 0.5998450969827586 0.30612428160919547 0.5688510237068964 0.3410919540229886 0.5918911637931035 0.377397629310345
0 0.5823534660532996 0.2817457170050763 0.5576469305203047 0.2793927136209815 0.5552476602157361 0.324179092639594 0.5799541957487311 0.32653209602368877
0 0.6246632543103449 0.5210129310344828 0.5843884698275862 0.3867636494252873 0.5072737068965518 0.42789152298850575 0.5475484913793103 0.5621408045977013
0 0.5943992872672709 0.5702136156704233 0.4939583269536992 0.49990494345092296 0.4712098274436551 0.5576789104605588 0.5716507877572268 0.627987582680059
0 0.6742092225609758 0.8665205792682928 0.6557736280487806 0.8637893800813009 0.653415586890244 0.8920858739837398 0.6718511814024393 0.8948170731707317
0 0.447610294117647 0.9005055147058824 0.43830422794117635 0.8798253676470587 0.41934742647058815 0.8949908088235293 0.42865349264705876 0.915670955882353