0 0.6449068509615385 0.07822516025641028 0.6321364182692308 0.05268429487179489 0.6062199519230769 0.0757211538461539 0.6189903846153846 0.10126201923076929
0 0.5166792068445338 0.5015208431929327 0.5154928197468055 0.3987006280564758 0.37676363582584005 0.4015463549061367 0.37795002292356844 0.5043665700425936
0 0.4365234375 0.5026041666666667 0.400390625 0.5026041666666667 0.400390625 0.5247395833333335 0.4365234375 0.5247395833333335
0 0.53984375 0.5867187499999998 0.5361328125 0.5520833333333333 0.49320312499999996 0.5602604166666666 0.4969140625 0.5948958333333333
0 0.5175062402114331 0.8081797751892456 0.4912109375 0.7395833333333334 0.4524619775352388 0.7659900319759854 0.47875728024667186 0.8345864738318977
0 0.7650589752809741 0.5815897890464723 0.7627969669855499 0.5355956203728481 0.6159195628177682 0.5484373606279547 0.6181815711131924 0.5944315293015789
0 0.8383596186330562 0.5467288201663202 0.8376246589137215 0.5163504851004851 0.7655600311850312 0.519450038981289 0.7662949909043659 0.549828374047124
0 0.84375 0.5533854166666667 0.8289910082547169 0.5424528301886793 0.8192253832547169 0.5658903301886793 0.833984375 0.5768229166666667
0 0.7115127354452055 0.4907605593607307 0.6844365368150686 0.4743507420091325 0.6735338184931507 0.5063320490867581 0.7006100171232876 0.5227418664383563
0 0.7146484375 0.45104166666666656 0.7099609375 0.4322916666666666 0.6871093749999999 0.44244791666666655 0.6917968749999999 0.46119791666666654
0 0.22327665441176475 0.7241421568627452 0.21190257352941186 0.7207720588235295 0.2073759191176471 0.7479319852941178 0.21875000000000008 0.7513020833333335
0 0.25058593749999997 0.7354166666666667 0.24492187499999996 0.7127604166666667 0.2279296875 0.7203125 0.23359375 0.74296875
0 0.40234375 0.0833333333333334 0.380859375 0.0833333333333334 0.380859375 0.1184895833333334 0.40234375 0.1184895833333334