0 0.9987056487529692 0.998128835114806 0.997608465706651 0.9557044239904989 0.9316174287410928 0.9587384946555821 0.932714611787411 1.0011629057798892
0 0.7246093749999999 0.032552083333333454 0.6685331665800416 -0.0010936417186416137 0.6509550415800416 0.05098969161469172 0.7070312499999999 0.08463541666666678
0 0.3612879922945206 0.11212186073059366 0.3505859375 0.08072916666666667 0.3198309075342466 0.0993685787671233 0.3305329623287671 0.1307612728310503
0 0.5657699377828054 0.3208015177224736 0.5499284148755655 0.26165983220211164 0.5307506716628958 0.2707920908748115 0.5465921945701356 0.32993377639517346
0 0.5841502063679245 0.2527270047169812 0.5751953124999998 0.21093750000000003 0.5294074292452831 0.2283805031446541 0.5383623231132075 0.27017000786163525
0 0.6724609375 0.25364583333333335 0.665625 0.22630208333333332 0.6451171875 0.23541666666666666 0.651953125 0.26276041666666666
0 0.41203425480769235 0.21274038461538472 0.3838641826923076 0.20522836538461545 0.3800330528846153 0.2307692307692308 0.4082031250000001 0.23828125000000006
0 0.4623415389150944 0.2956613600628932 0.4436799823113208 0.27285279088050324 0.4106021521226415 0.320965998427673 0.42926370872641517 0.34377456761006303
0 0.330078125 0.3697916666666667 0.30859375 0.3697916666666667 0.30859375 0.41015625 0.330078125 0.41015625
0 0.38848845970812185 0.4249616645516074 0.3852167274746193 0.3638893295262267 0.360787793464467 0.3662158946700507 0.3640595256979695 0.42728822969543145
0 0.4140625 0.3958333333333334 0.392578125 0.3958333333333334 0.392578125 0.4257812500000001 0.4140625 0.4257812500000001
0 0.3830228365384616 0.485516826923077 0.3583984375000001 0.47656250000000006 0.34338942307692316 0.549939903846154 0.3680138221153847 0.558894230769231
0 0.23639547413793105 0.6095994971264368 0.21447332974137936 0.5970725574712644 0.19810748922413796 0.6479885057471265 0.22002963362068964 0.6605154454022989
0 0.4189453125 0.5572916666666669 0.4010491565265486 0.547285213864307 0.38572490320796454 0.5960084808259588 0.4036210591814159 0.6060149336283188
0 0.3892147090517241 0.6454813218390804 0.3822319504310344 0.607205459770115 0.3187877155172414 0.6277819683908045 0.32577047413793103 0.6660578304597701
0 0.32960695876288665 0.8041854596219934 0.28419378221649483 0.7378678049828179 0.2320936694587629 0.801294029209622 0.27750684600515474 0.8676116838487976
0 0.6133393158783784 0.13547297297297298 0.61015625 0.10859374999999999 0.5856841216216215 0.11374577702702701 0.5888671875 0.140625
0 0.5175781249999999 0.23828125000000003 0.5165132705479452 0.19994648972602744 0.5029323630136987 0.20061715182648404 0.5039972174657534 0.23895191210045663
0 0.5012620192307693 0.2685697115384616 0.4810997596153845 0.2612379807692308 0.47397836538461535 0.29605368589743597 0.4941406250000001 0.3033854166666668
0 0.564453125 0.4804687500000001 0.4736328125 0.3593750000000001 0.40625 0.44921875000000017 0.4970703125 0.5703125000000002
0 0.49453125 0.35390625000000003 0.476953125 0.34609375000000003 0.47265625 0.36328125 0.490234375 0.37109375
0 0.5257946498180874 0.3726232241857243 0.4902343750000001 0.3710937500000001 0.4896334134615386 0.3959334935897437 0.5251936882796259 0.3974629677754679
0 0.5980468750000001 0.44895833333333335 0.5927734375 0.4348958333333333 0.5720703125 0.44869791666666664 0.57734375 0.4627604166666667
0 0.6718750000000001 0.39453125000000006 0.6713030904696133 0.38004287523020264 0.6502881129143647 0.3815176104972376 0.6508600224447514 0.396005985267035
0 0.774390243902439 0.4039316565040649 0.7529296875000001 0.3854166666666664 0.745017149390244 0.4017212906504063 0.7664777057926829 0.42023628048780476
0 0.7851476078539823 0.5167542404129792 0.7841796875 0.4973958333333333 0.7655126521017699 0.4990551253687316 0.7664805724557522 0.5184135324483775
0 0.814453125 0.48567708333333337 0.8137787033839778 0.4685917357274402 0.7929687500000001 0.47005208333333337 0.7936431716160222 0.48713743093922657
0 0.7896667817679559 0.4879647214548804 0.7887927313535912 0.46582211095764275 0.765625 0.46744791666666674 0.7664990504143647 0.48959052716390433
0 0.6357421875 0.5559895833333335 0.5787109375 0.5179687500000001 0.5375 0.6278645833333333 0.59453125 0.6658854166666668
0 0.5925091911764706 0.5358302696078432 0.568014705882353 0.5333180147058825 0.56640625 0.5611979166666667 0.5909007352941177 0.5637101715686277
0 0.638725630733945 0.5192923356269113 0.6272487815366972 0.4908734709480123 0.5904440223623854 0.5172974006116209 0.6019208715596331 0.54571626529052
0 0.7709031682525952 0.6049686418685122 0.6940115430363323 0.5502901528258363 0.6229421226211073 0.7279637038638985 0.6998337478373702 0.7826421929065746
0 0.8048046874999999 0.6807812500000001 0.7896484375 0.665625 0.7683203125 0.7035416666666666 0.7834765625 0.7186979166666667
0 0.5810546875 0.7005208333333335 0.5556640625 0.6666666666666667 0.5341796875 0.6953125000000002 0.5595703125 0.7291666666666669
0 0.5449955778301887 0.7717914701257861 0.4946933962264152 0.6510662342767296 0.3607016509433963 0.7503193789308177 0.41100383254716977 0.8710446147798742
0 0.5414177389705882 0.6662071078431373 0.485696231617647 0.6216299019607843 0.4724264705882352 0.6511182598039215 0.5281479779411764 0.6956954656862746
0 0.4187950721153847 0.816706730769231 0.3935546875000001 0.8151041666666667 0.3925162613122173 0.8441800999245853 0.41775664592760187 0.8457826640271494
0 0.61328125 0.8307291666666666 0.525390625 0.8307291666666666 0.525390625 0.85546875 0.61328125 0.85546875