0 0.7294925882232253 0.16427515045821378 0.50227129924087 0.12717779715497207 0.4903097109663522 0.25742620281083306 0.7175309999487075 0.29452355611407477
0 0.6094898897058824 0.11649816176470588 0.5940372242647058 0.0340839460784314 0.5705997242647058 0.0418964460784314 0.5860523897058822 0.12431066176470588
0 0.44174455109699773 0.10285255484988456 0.3620814087759815 0.08453918879907625 0.35430048354503463 0.14471167725173215 0.43396362586605086 0.16302504330254047
0 0.26953125 0.2447916666666667 0.19140625000000006 0.2447916666666667 0.19140625000000006 0.35546875 0.26953125 0.35546875
0 0.4800330528846155 0.539022435897436 0.4350811298076923 0.5226762820512821 0.4283203125000001 0.5557291666666668 0.47327223557692316 0.5720753205128207
0 0.4172131292420815 0.6228730674962294 0.34297670390271506 0.5875223887631977 0.31741374434389147 0.6829574377828055 0.39165016968325794 0.7183081165158371
0 0.34684056925498424 0.7185108976040574 0.2921827862670514 0.5615449567156349 0.2621706535283316 0.5801238960300805 0.3168284365162644 0.737089836918503
0 0.4575790777439025 0.7863948170731706 0.4365234375 0.7682291666666665 0.422584794207317 0.796951219512195 0.4436404344512194 0.8151168699186991
0 0.6342486213235295 0.7553615196078433 0.5880629595588236 0.6527267156862745 0.4970128676470589 0.7255667892156862 0.5431985294117648 0.8282015931372549
0 0.5281400885193133 0.6854490790414879 0.5220418119635193 0.6512987303290416 0.5011819340128755 0.6579209138054364 0.5072802105686695 0.6920712625178828
0 0.5567091792842396 0.44256405568937845 0.5010457888850655 0.37920735116999327 0.4787219599535444 0.41407504588208316 0.5343853503527185 0.47743175040146835
0 0.637623856707317 0.4513783028455286 0.5591653963414633 0.43975482723577247 0.5547351371951219 0.49291793699187003 0.6331935975609756 0.5045414126016261
0 0.6982974646226413 0.34465900157232715 0.6840359669811319 0.2781053459119498 0.5648584905660377 0.32350628930817626 0.5791199882075471 0.3900599449685536
0 0.47745803766375544 0.1954717066957788 0.45123157751091697 0.19080922489082977 0.44630185589519644 0.240106441048035 0.4725283160480349 0.24476892285298407
0 0.6318359375 0.2994791666666668 0.6167156776685394 0.2948267790262173 0.6137859901685394 0.31175386235955066 0.62890625 0.3164062500000001