0 0.7161164541967509 0.1252538357400722 0.7107400722021661 0.09227869283995185 0.65625 0.10807291666666664 0.6616263819945848 0.141048059566787
0 0.4726562499999999 0.07421875000000021 0.44956783795248867 0.05963659502262469 0.4370006716628959 0.0950108408748117 0.46008908371040713 0.10959299585218722
0 0.5614843749999999 0.12463541666666664 0.5543359375 0.05791666666666663 0.4646484374999999 0.07499999999999998 0.4717968749999999 0.14171875
0 0.4964431622706423 0.15259461009174313 0.4833984375 0.14322916666666666 0.47480647935779824 0.1645044915902141 0.4878512041284404 0.17386993501529055
0 0.43473614386792453 0.20324783805031454 0.42850825471698106 0.17418435534591203 0.39432856721698106 0.18720518867924535 0.40055645636792453 0.21626867138364786
0 0.3083343679057889 0.26014324394627314 0.2998046875 0.20833333333333337 0.24026873758513054 0.22575848940597806 0.24879841799091942 0.2775684000189179
0 0.34275663019287833 0.4776729413946589 0.2917870224406528 0.40274326162215635 0.21555313427299705 0.49493307987141455 0.2665227420252226 0.569862759643917
0 0.3640148628048781 0.47791539634146357 0.3561451981707317 0.4494347052845529 0.330078125 0.4622395833333334 0.33794778963414634 0.49072027439024407
0 0.37890625 0.41406250000000006 0.353515625 0.4140625 0.353515625 0.44140625000000006 0.37890625 0.4414062500000001
0 0.4375000000000001 0.53515625 0.4169921875000001 0.5234375000000001 0.40537446120689663 0.559581537356322 0.42588227370689663 0.571300287356322
0 0.474609375 0.4635416666666668 0.4453125 0.4635416666666668 0.4453125 0.5312500000000001 0.474609375 0.5312500000000001
0 0.4220703125000001 0.5005208333333334 0.3998046875 0.49062500000000014 0.3880859375 0.5375 0.4103515625000001 0.5473958333333333
0 0.4481894003378379 0.4821931306306307 0.43736803209459457 0.4619932432432432 0.4151974239864865 0.48310810810810806 0.4260187922297298 0.5033079954954955
0 0.42578125 0.8697916666666666 0.3359375000000001 0.8697916666666666 0.3359375000000001 0.9309895833333334 0.42578125 0.9309895833333334
0 0.47461610991379305 0.9493714080459769 0.4736328124999999 0.9270833333333331 0.45703125 0.9283854166666664 0.45801454741379305 0.9506734913793102
0 0.5473500844594595 0.9920819256756759 0.5436813766891893 0.9627322635135135 0.522777660472973 0.9673775337837837 0.5264463682432433 0.996727195945946
0 0.6188548018292683 0.9301638719512195 0.6165920350609757 0.9030106707317072 0.5951552972560976 0.9061864837398373 0.5974180640243902 0.9333396849593497
0 0.619444800204918 0.8937841530054644 0.6180840163934426 0.8738259904371585 0.5976562499999999 0.8763020833333334 0.5990170338114753 0.8962602459016392
0 0.5898437499999999 0.8971354166666665 0.5888671874999999 0.875 0.5700902478448275 0.8764727011494252 0.5710668103448275 0.8986081178160918
0 0.6171875000000001 0.86328125 0.6162109375000001 0.8385416666666667 0.5935557665745856 0.8401315032228361 0.5945323290745856 0.8648710865561694
0 0.5897358425414365 0.8683600943830572 0.5887215124309393 0.8426637315837939 0.5661688535911604 0.8442463743093924 0.5671831837016577 0.8699427371086557
0 0.7232259399030061 0.4749978154491438 0.6933853165414192 0.4571222729523478 0.6283625016384132 0.6500932075032042 0.6582031250000001 0.6679687500000002
0 0.6708984375 0.4036458333333334 0.6468599759615384 0.397235576923077 0.6412259615384615 0.4347956730769232 0.6652644230769231 0.44120592948717957
0 0.6481435290763968 0.23626947928544295 0.6171429589509693 0.22771759787153187 0.5990637471493729 0.34422807392626387 0.6300643172748005 0.352779955340175
0 0.7929687499999999 0.41276041666666663 0.7918107024336283 0.389599465339233 0.7750881498893805 0.3910859144542772 0.7762461974557521 0.4142468657817108
0 0.5724609374999999 0.2768229166666668 0.562725360576923 0.25410657051282054 0.5390625 0.2721354166666667 0.5487980769230769 0.2948517628205129
0 0.6181381360619469 0.27552313790560473 0.6171874999999999 0.2565104166666667 0.5760940956858407 0.26016316371681414 0.5770447317477876 0.27917588495575224
0 0.4536267696823205 0.2379719152854512 0.45251532285911605 0.20981526243093923 0.4253496201657459 0.21172162753222837 0.4264610669889503 0.23987828038674028
0 0.45236395474137947 0.7999371408045979 0.41825835129310357 0.796147629310345 0.41558459051724145 0.8389278017241381 0.44969019396551735 0.8427173132183909
0 0.4376502403846154 0.7411858974358976 0.4216646634615385 0.7290064102564104 0.4095252403846155 0.7573317307692309 0.4255108173076924 0.769511217948718
0 0.6333088743093923 0.6649185658379373 0.6322297997237569 0.6375820096685082 0.6072168508287294 0.6393373043278084 0.6082959254143648 0.6666738604972375
0 0.23398437500000005 0.6434895833333333 0.21582031250000006 0.6354166666666666 0.2103515625 0.6572916666666667 0.228515625 0.6653645833333334
0 0.5943570523648649 0.3245706644144145 0.5088418496621622 0.30556728603603617 0.49097339527027034 0.4485149211711713 0.576488597972973 0.4675182995495497
0 0.7563852163461539 0.6397235576923078 0.7490234375 0.6250000000000001 0.7294170673076923 0.6424278846153847 0.736778846153846 0.6571514423076924
0 0.802734375 0.6940104166666667 0.76171875 0.6393229166666667 0.7080078125 0.7109375000000002 0.7490234375 0.7656250000000002
0 0.556640625 0.5481770833333336 0.5380859375 0.5234375000000002 0.5244140625 0.5416666666666667 0.54296875 0.5664062500000001
0 0.10627120897487843 0.5137847784981091 0.10480873936385737 0.4910352512155591 0.058441805105348445 0.4963343294165315 0.05990427471636952 0.5190838566990815
0 0.9999999999999998 0.9986979166666669 0.9729151257396447 0.957234652366864 0.9394531249999998 0.99609375 0.9665379992603548 1.037557014299803