0 0.621844951923077 0.21464342948717954 0.6018629807692308 0.08143028846153848 0.4335937500000001 0.12630208333333331 0.45357572115384626 0.2595152243589744
0 0.47205113327377257 0.09495901957737729 0.4326171875 0.03385416666666673 0.41758455853791177 0.05110090377045786 0.4570185043116843 0.11220575668116843
0 0.4277869378541076 0.18976481350330507 0.3974249734419264 0.17519107058545808 0.38671875000000006 0.21484375000000008 0.4170807144121813 0.2294174929178471
0 0.4547355276639344 0.1857539275956285 0.4338338883196721 0.17356130464480882 0.414289830942623 0.23312414617486343 0.43519147028688526 0.24531676912568312
0 0.3218381839057508 0.23705404685835993 0.31985697883386577 0.17101387779552715 0.2409207767571885 0.17522380857294992 0.2429019818290735 0.2412639776357827
0 0.6081379279600571 0.234391717189729 0.5833923078637661 0.21204083452211137 0.5352384428495007 0.3068198704232051 0.5599840629457916 0.3291707530908227
0 0.5431354801829268 0.3314278455284552 0.5400390625 0.2942708333333333 0.49395007621951226 0.301098831300813 0.49704649390243905 0.3382558434959349
0 0.5156249999999999 0.43098958333333337 0.4501327963668043 0.3926900490449149 0.4375161331956633 0.43104470508518333 0.5030083368288589 0.46934423937360187
0 0.6044248383620688 0.4372755028735632 0.5885304418103448 0.3842941810344828 0.5186557112068966 0.4215607040229885 0.5345501077586208 0.4745420258620689
0 0.4757665733381504 0.5692738439306361 0.4345703125000001 0.5598958333333335 0.4304134302745665 0.5923591040462429 0.4716096911127169 0.6017371146435454
0 0.20026676829268303 0.4392466971544716 0.1241663490853659 0.42797256097560976 0.11799733231707321 0.5020007621951219 0.19409775152439032 0.5132748983739838
0 0.4433593750000001 0.6809895833333335 0.4257812500000001 0.6575520833333335 0.36328125000000006 0.7408854166666669 0.38085937500000006 0.7643229166666669
0 0.4587641819267515 0.7425955414012739 0.4297770700636942 0.7010831342887475 0.408203125 0.7278645833333335 0.43719023686305725 0.7693769904458599
0 0.3955133480455834 0.7827119990946311 0.3077454276393482 0.6760137429145019 0.2862379878660841 0.7074654827979848 0.3740059082723194 0.8141637389781139
0 0.525390625 0.7955729166666669 0.5182623407643312 0.7781482218683653 0.49677796576433114 0.7937732218683653 0.50390625 0.8111979166666669
0 0.6800140894286008 0.6730440432225415 0.6101259553241691 0.6001909579742856 0.5408052453067296 0.7184123238955001 0.6106933794111613 0.7912654091437562
0 0.6533203125 0.7708333333333334 0.6418781853540773 0.7672009120171673 0.6369953728540773 0.7945446620171673 0.6484375 0.7981770833333334
0 0.5622702205882353 0.6420036764705884 0.5400390625 0.6354166666666667 0.5343175551470589 0.6697457107843139 0.5565487132352942 0.6763327205882355