0 0.4033336444112628 0.11964057167235502 0.3871853668941979 0.09236792519908997 0.33715736988054607 0.1450289746871446 0.35330564739761094 0.17230162116040965
0 0.6196317954881657 0.04844674556213026 0.6025390625 0.03906250000000009 0.5942873982988166 0.0657821745562131 0.6113801312869823 0.07516642011834328
0 0.7234184451219512 0.25003175813008144 0.7021484375 0.23958333333333348 0.6944121570121952 0.2675813008130083 0.7156821646341464 0.27802972560975625
0 0.6992011938202247 0.42159995318352067 0.6788996664325844 0.3773057116104869 0.6284958742977528 0.41837546816479415 0.6487974016853931 0.46266970973782784
0 0.5832690172295979 0.33550482802941567 0.50372626659508 0.32206098285175067 0.4933070577899258 0.4316556236170767 0.5728498084244437 0.4450994687947417
0 0.5689858490566038 0.286777712264151 0.5356537441037735 0.26208726415094347 0.5233085200471698 0.2917158018867926 0.556640625 0.3164062500000001
0 0.34044989224137934 0.3638649425287357 0.302734375 0.34375 0.27269665948275856 0.44387571839080464 0.31041217672413796 0.4639906609195403
0 0.32682737585616445 0.30354594748858454 0.30504869434931514 0.29034674657534254 0.29267444349315075 0.3266445490867581 0.31445312500000006 0.3398437500000001
0 0.35041390058290156 0.3232674870466321 0.3271484375 0.3151041666666667 0.32095004857512954 0.3465093372193438 0.3442155116580311 0.3546726575993092
0 0.3758961397058823 0.2694393382352941 0.3427619485294118 0.23157169117647058 0.31105238970588234 0.2808976715686275 0.3441865808823529 0.31876531862745094
0 0.20145376932989692 0.5086581829896907 0.1841776739690722 0.4997986469072165 0.17632490335051548 0.5270215850515464 0.19360099871134023 0.5358811211340205
0 0.273343857020548 0.5398294805936074 0.22989351455479454 0.5181043093607307 0.22082352311643838 0.5503531678082193 0.2642738655821918 0.5720783390410961
0 0.2484224759615385 0.6965144230769231 0.23354867788461542 0.5973557692307693 0.17720853365384617 0.6123798076923077 0.19208233173076925 0.7115384615384616
0 0.46297601599761534 0.6904933426073131 0.4482421875000001 0.640625 0.4126341414944357 0.6593282160837308 0.42736796999205096 0.7091965586910439
0 0.34546332851423495 0.6953310349940689 0.3192629559608541 0.677032362099644 0.3072210020017793 0.7076846085409252 0.33342137455516024 0.7259832814353498
0 0.668388513201625 0.6560211256770064 0.5998300752400296 0.6525053083456426 0.5974095850258494 0.7364156357705566 0.6659680229874447 0.7399314531019204
0 0.640625 0.6471354166666669 0.6243855337078651 0.6124912219101124 0.5906776685393258 0.6405811095505618 0.6069171348314607 0.6752253043071162
0 0.7718337872706422 0.47030294342507645 0.7580902379587157 0.4604357798165138 0.75 0.48046875 0.7637435493119266 0.4903359136085627
0 0.5381198893526989 0.5265968092406222 0.49449622598353155 0.4609267783623056 0.45162307725297346 0.5115579254345837 0.4952467406221409 0.5772279563129002