0 0.7607943171708187 0.09743383007117436 0.7326964245996443 0.025911921708185008 0.7050364212633454 0.04523001927639374 0.7331343138345198 0.1167519276393831
0 0.8330937499999997 0.28778125000000004 0.7930156249999997 0.21059375000000002 0.7572656249999998 0.24359375000000003 0.7973437499999998 0.3207812500000001
0 0.6971050941780822 0.1335438070776257 0.6719418878424658 0.11829337899543386 0.6584305436643836 0.15792665525114163 0.68359375 0.17317708333333348
0 0.6665527809223069 0.1540628972036862 0.625046547306959 0.11367845368605038 0.599609375 0.16015625000000017 0.6411156086153479 0.200540693517636
0 0.5301049280674329 0.5529677465354067 0.4584743905272942 0.359143939073855 0.4290477913216157 0.37847735690946993 0.5006783288617542 0.5723011643710215
0 0.5733014676517572 0.5410385050585731 0.5496143670127795 0.5118851504259853 0.5160680411341853 0.5603409544728435 0.5397551417731629 0.5894943091054313
0 0.4414062500000001 0.5247395833333333 0.4404296875000001 0.4609375 0.38628291527893416 0.4624108815570358 0.38725947777893416 0.5262129648903691
0 0.37587825083892623 0.5539447007829977 0.3319657088926175 0.5129596616331097 0.303016201761745 0.5681015799776287 0.3469287437080537 0.6090866191275168
0 0.39465946600444224 0.6626408769332017 0.39354215510858837 0.5956022231819678 0.32213644496544913 0.5977179479269495 0.323253755861303 0.6647566016781836
0 0.42584859913793116 0.6143588362068966 0.4150390625000001 0.5807291666666667 0.3931169181034483 0.5932561063218391 0.40392645474137934 0.626885775862069
0 0.6364889705882353 0.40372242647058826 0.6201171874999999 0.390625 0.6113281249999999 0.41015625000000006 0.6276999080882353 0.42325367647058837
0 0.6780821265243903 0.39662093495934975 0.6533727134146341 0.3844829776422766 0.6468702362804878 0.4080157520325204 0.671579649390244 0.4201537093495935
0 0.7123989762931037 0.37635596264367827 0.6767578125000001 0.37239583333333354 0.6745824353448276 0.4072018678160922 0.7102235991379312 0.41116199712643703
0 0.7249668996003782 0.6086462988426722 0.635610927294603 0.5273276362151944 0.5959716880800963 0.604762429099347 0.6853276603858715 0.6860810917268249
0 0.7606670673076923 0.22445913461538472 0.7351262019230769 0.21764823717948728 0.7296424278846153 0.25420673076923084 0.7551832932692307 0.2610176282051283
0 0.7623058386542241 0.7500588367714475 0.6923732195481336 0.6913499713490505 0.6393721604862476 0.8035875081859857 0.709304779592338 0.8622963736083825
0 0.517578125 0.6914062500000001 0.4901300537833828 0.6708201965875371 0.4697091756305639 0.719225241097923 0.4971572468471811 0.7398112945103859
0 0.5340813758389262 0.6465761325503355 0.5087890625 0.640625 0.5044436870805369 0.6734567253914989 0.5297360004194631 0.6794078579418344
0 0.553491485252809 0.707865168539326 0.5379432935393259 0.7030811095505619 0.531326808286517 0.7413096910112361 0.5468750000000001 0.7460937500000001
0 0.4505357654816514 0.8183653478593274 0.4130859375000001 0.8033854166666667 0.4072265625000001 0.8294270833333336 0.4446763904816514 0.8444070145259942
0 0.4394531250000001 0.7721354166666669 0.4208984375000001 0.7578125000000002 0.4119837590767636 0.7783432745504844 0.4305384465767636 0.792666191217151
0 0.5861557904411764 0.9303308823529411 0.5592945772058824 0.8740502450980393 0.5283318014705882 0.9003216911764707 0.5551930147058822 0.9566023284313726
0 0.2697265625000001 0.7533854166666667 0.18144531250000007 0.69453125 0.15839843750000007 0.7559895833333333 0.24667968750000008 0.81484375
0 0.2012519211065574 0.631382342896175 0.18252113217213112 0.6105703551912569 0.16931352459016397 0.6317025273224044 0.18804431352459022 0.6525145150273224
0 0.2749513533921933 0.6339645291201984 0.2721305762081784 0.605129917905824 0.23555849210037172 0.6114902803593556 0.2383792692843866 0.64032489157373
0 0.5888671875 0.6901041666666666 0.5688543450342465 0.6800977454337899 0.5641186857876711 0.696935644977169 0.5841315282534246 0.7069420662100457
0 0.3632812500000001 0.8632812500000002 0.3437500000000001 0.8372395833333336 0.3193359375 0.8697916666666669 0.3388671875 0.8958333333333336
0 0.35546875 0.8138020833333336 0.3330078125000001 0.7968750000000002 0.32169479763610326 0.8235621119866288 0.3441557351361032 0.840489195319962
0 0.018046339897260344 0.7681578196347033 0.0009765625000000445 0.7578125000000001 -0.010595034246575308 0.7917558504566211 0.006474743150684992 0.8021011700913243
0 0.6640625 0.03255208333333339 0.65625 0.022135416666666727 0.625 0.06380208333333345 0.6328125 0.07421875000000012