0 0.3217486213235294 0.09260110294117653 0.27027803308823534 0.07544424019607848 0.24661075367647062 0.20166973039215688 0.29808134191176466 0.21882659313725494
0 0.3858711674528302 0.08979461477987426 0.3701171875 0.07812500000000006 0.3572191922169811 0.10908018867924536 0.3729731721698113 0.12074980345911955
0 0.4004233955536913 0.1737975391498882 0.36053507760067116 0.164412052572707 0.3566222734899329 0.193975461409396 0.3965105914429531 0.20336094798657722
0 0.23275533536585363 0.32431402439024387 0.20119569359756095 0.29065040650406504 0.18204554115853658 0.3225673272357723 0.21360518292682923 0.3562309451219512
0 0.47687634505021526 0.3144783446915352 0.44582109711262563 0.2241358052367288 0.3251364665530846 0.29788752391200374 0.35619171449067427 0.3882300633668102
0 0.4320312500000001 0.38515625000000014 0.405078125 0.3731770833333334 0.3966796875 0.4067708333333334 0.42363281250000007 0.4187500000000001
0 0.5967198869174449 0.43738548183576625 0.5804385915824192 0.4015807284583069 0.44176264351369116 0.51368621928552 0.4580439388487171 0.5494909726629795
0 0.5290865384615385 0.3634415064102565 0.48215144230769236 0.3463741987179488 0.4664663461538462 0.4230568910256411 0.5134014423076924 0.4401241987179488
0 0.7959922709074732 0.6287857725385528 0.758260815169039 0.6024336447212336 0.7329918260676155 0.6667547078884934 0.7707232818060497 0.6931068357058127
0 0.7943359375 0.6916666666666667 0.7582421874999999 0.6847916666666668 0.7544140625 0.7205208333333334 0.7905078125 0.7273958333333334
0 0.8325902478448277 0.6512122844827588 0.7941204202586208 0.6469378591954025 0.7924501616379312 0.6736619971264368 0.8309199892241381 0.6779364224137931
0 0.8659402073019802 0.6682652640264027 0.8310546875 0.6302083333333335 0.823222849628713 0.6429713283828385 0.8581083694306931 0.6810282590759079
0 0.8724636294027567 0.7643089586523738 0.859165629785605 0.7343032159264931 0.8087941472052067 0.7739898385655946 0.8220921468223585 0.8039955812914755
0 0.7455353093251089 0.8572735244315431 0.7160187431966618 0.8109730285437832 0.6650787486393324 0.8687050223754232 0.6945953147677794 0.9150055182631832
0 0.6178782393292683 0.7517784552845529 0.6005859375 0.7161458333333334 0.5712700076219512 0.7414380081300813 0.5885623094512196 0.7770706300813008
0 0.646167652027027 0.7279349662162162 0.6312024915540542 0.7136824324324327 0.6124630489864866 0.7486627252252254 0.6274282094594594 0.762915259009009
0 0.5999999999999999 0.6169270833333333 0.5888671874999999 0.6119791666666666 0.5826171874999999 0.6369791666666667 0.5937499999999999 0.6419270833333334
0 0.4830780458638156 0.6728348926092668 0.42383801702307267 0.6404300905083476 0.38258168612830623 0.7745131659163387 0.44182171496904915 0.8069179680172578
0 0.3726351351351352 0.7827210022522522 0.28101245777027034 0.7180461711711712 0.24343327702702705 0.8126900337837839 0.3350559543918919 0.877364864864865
0 0.2222029265300231 0.6160057015011549 0.20214843750000006 0.578125 0.16162222142032337 0.6162673210161664 0.18167671045034645 0.6541480225173211
0 0.26894531250000003 0.41953125000000013 0.2486328125 0.4059895833333334 0.23125 0.45234375000000004 0.2515625 0.4658854166666668
0 0.30078125 0.4205729166666667 0.28469050480769237 0.40831330128205134 0.27639723557692314 0.4276642628205129 0.29248798076923077 0.4399238782051283
0 0.3716285910757946 0.5173409484515078 0.3319787209657702 0.4782657141401793 0.31375353377139364 0.511142522412388 0.3534034038814181 0.5502177567237164
0 0.35007812500000013 0.5672395833333332 0.32027343750000004 0.5615625000000001 0.317734375 0.5852604166666668 0.34753906250000005 0.5909375000000001
0 0.39453124999999994 0.5455729166666666 0.3939384484824281 0.525812866080937 0.3670283795926518 0.5272480697550584 0.3676211811102236 0.547008120340788
0 0.37695312500000006 0.6210937500000001 0.36230468750000006 0.6067708333333335 0.3490166636560694 0.6309308766859345 0.3636651011560694 0.6452537933526012
0 0.4861254422169812 0.560903105345912 0.4404296875 0.5494791666666667 0.434791420990566 0.5895735062893082 0.4804871757075472 0.6009974449685535