0 0.697147923895179 0.23554487764791843 0.6042446585098611 0.17492714420501607 0.5657542572132943 0.27979954194058954 0.6586575225986121 0.34041727538349187
0 0.7370542629885605 0.54395679416905 0.6659597682316492 0.47478377224340657 0.6508784407769304 0.5023397779631398 0.7219729355338417 0.5715127998887831
0 0.7366856971153846 0.4757932692307693 0.7167638221153846 0.4461057692307694 0.68359375 0.4856770833333334 0.703515625 0.5153645833333333
0 0.7714365883782938 0.5279678351108325 0.7418088829203263 0.5112547704935175 0.6959692597239651 0.6557190375365958 0.7255969651819324 0.6724321021539107
0 0.6030993852459017 0.5238430669398908 0.5988409323770492 0.46138575819672134 0.5708408043032787 0.4647797131147541 0.5750992571721312 0.5272370218579235
0 0.6156820913461539 0.8212860576923078 0.5621364182692308 0.8173197115384615 0.5582421875000001 0.91078125 0.6117878605769231 0.9147475961538463
0 0.49862961065573774 0.45958845628415307 0.4629226434426229 0.4483862704918033 0.4464011270491802 0.5420081967213115 0.48210809426229506 0.5532103825136613
0 0.49296447308394165 0.42390891119221413 0.4603815009124087 0.33081470498783444 0.41943002965328463 0.35629562043795615 0.45201300182481746 0.44938982664233584
0 0.3817717837591242 0.4159253345498784 0.30053889142335777 0.376539689781022 0.28981808850364976 0.4158493004866181 0.3710509808394161 0.4552349452554746
0 0.3966346153846154 0.49449118589743596 0.38859675480769235 0.44090544871794873 0.3623046875 0.4479166666666667 0.3703425480769231 0.5015024038461539
0 0.3776578608247423 0.636879832474227 0.28837789948453607 0.3690399484536083 0.18888933634020616 0.42799613402061865 0.2781692976804124 0.6958360180412373
0 0.40703125 0.6908854166666667 0.3943359375 0.6570312499999998 0.3669921875 0.6752604166666666 0.3796875 0.7091145833333333
0 0.4008529494734203 0.8135147630391174 0.33674167032347047 0.7557568538950185 0.3097564176905718 0.8090077524239386 0.3738676968405216 0.8667656615680374
0 0.2502213728479197 0.6068717120994741 0.23192028335724535 0.5882801291248206 0.19452788737446197 0.6537168220946916 0.2128289768651363 0.6723084050693449
0 0.7578125 0.3606770833333334 0.7353515625 0.3307291666666668 0.724609375 0.34505208333333354 0.7470703125 0.37500000000000017
0 0.6346227134146342 0.34155868902439035 0.6099704649390243 0.33790650406504075 0.6080173399390243 0.3613440040650407 0.6326695884146342 0.36499618902439035
0 0.58671875 0.5489583333333334 0.5762019230769231 0.5409455128205128 0.56640625 0.5638020833333335 0.5769230769230769 0.571814903846154