0 0.5788904138513514 0.4951787725225226 0.5193464949324325 0.4819467905405406 0.5116131756756757 0.5438133445945947 0.5711570945945946 0.5570453265765767
0 0.4128958102876107 0.4428120390855458 0.39277689435840707 0.419339970501475 0.37263205199115046 0.4500368731563423 0.392750967920354 0.4735089417404131
0 0.328125 0.2356770833333334 0.31079636177007297 0.22727531934306575 0.3024136062956204 0.2580120894160584 0.31974224452554745 0.26641385340632606
0 0.6615757893041236 0.02346434707903793 0.5894611791237113 -0.013517504295532579 0.5716414304123711 0.04825762457044679 0.6437560405927835 0.0852394759450173
0 0.7525878205703013 0.42795948409851753 0.691119025735294 0.3903952205882354 0.6433725452833572 0.5292940728120518 0.7048413401183644 0.5668583363223338
0 0.6612912735849056 0.34965113993710695 0.6310436320754716 0.3220568003144655 0.6173901827830188 0.3486635220125788 0.6476378242924528 0.3762578616352202
0 0.7105164134174312 0.7093367737003058 0.668121057912844 0.6043577981651377 0.6343445384174312 0.6286076070336393 0.6767398939220184 0.7335865825688074
0 0.82421875 0.49088541666666685 0.8083984375 0.48385416666666686 0.8013671875 0.5119791666666669 0.8171875 0.5190104166666668
0 0.848828125 0.4992187500000001 0.8306640625 0.49114583333333345 0.82265625 0.5231770833333335 0.8408203125 0.5312500000000001
0 0.5005408653846155 0.5677483974358976 0.4614182692307692 0.5379407051282052 0.44975961538461534 0.5651442307692309 0.4888822115384617 0.5949519230769232
0 0.5065665409482759 0.4509249281609195 0.49909078663793105 0.42600574712643674 0.46087015086206895 0.4463900862068966 0.4683459051724138 0.47130926724137934
0 0.3846491542431193 0.7032086200305812 0.34970792717889915 0.6892321292048931 0.3195509604357799 0.8232630925076452 0.3544921875 0.8372395833333333
0 0.4098557692307693 0.13211137820512822 0.4054987980769231 0.10306490384615387 0.376953125 0.11067708333333333 0.38131009615384615 0.13972355769230768
0 0.4446231617647059 0.6564797794117648 0.43151424632352936 0.6290134803921569 0.38260569852941173 0.6705116421568628 0.3957146139705882 0.6979779411764707
0 0.49039062500000014 0.6300520833333335 0.4395312500000001 0.6203645833333334 0.43546875000000007 0.6582812500000003 0.4863281250000001 0.6679687500000002
0 0.49508797951885575 0.8084041097745991 0.37372119839076723 0.7515475996965756 0.3434769688719116 0.86632057325531 0.4648437500000001 0.9231770833333335
0 0.5327829649390246 0.7705309959349597 0.4951848323170732 0.7171659044715449 0.432649580792683 0.7954928861788619 0.4702477134146343 0.8488579776422767
0 0.4821920955882352 0.7396599264705882 0.4697265624999999 0.7135416666666666 0.43118106617647045 0.7462469362745099 0.4436465992647058 0.7723651960784313
0 0.621654349662162 0.09155686936936945 0.5196473817567568 0.0883938626126127 0.5188956925675676 0.13149070945945956 0.6209026604729728 0.13465371621621633
0 0.59765625 0.1679687500000001 0.4970703125 0.03385416666666673 0.427734375 0.1263020833333334 0.5283203125 0.2604166666666668