0 0.32814611486486484 0.11727899774774779 0.30957031249999994 0.10416666666666671 0.2997835726351351 0.12881475225225228 0.31835937499999994 0.14192708333333337
0 0.2048828125 0.38463541666666673 0.18652343750000006 0.37239583333333337 0.17460937500000004 0.40416666666666673 0.19296875 0.41640625000000003
0 0.201171875 0.4778645833333333 0.17285156250000006 0.4609375 0.1657120204207921 0.48217306105610563 0.19403233292079208 0.499100144389439
0 0.3966072921828543 0.708374628344896 0.3818359375 0.6432291666666667 0.3339340467046581 0.6625384559795177 0.3487054013875124 0.7276839176577469
0 0.45084934059633025 0.6925769304281346 0.4111328125 0.6640625 0.3898097047018349 0.7168625764525994 0.42952623279816515 0.7453770068807339
0 0.5369936771103296 0.8416611710169074 0.4358939686690116 0.7510581536159447 0.38550789927341733 0.8510110067259039 0.4866076077147353 0.9416140241268667
0 0.5673722550675675 0.8271677927927926 0.5634448902027026 0.7940033783783783 0.5414801520270269 0.7986275337837837 0.5454075168918918 0.831791948198198
0 0.768630684581712 0.6546287289234762 0.7420697045233464 0.6144921368352791 0.7186208049610896 0.6420790774967577 0.7451817850194552 0.6822156695849547
0 0.7685546875 0.6536458333333336 0.7402343749999999 0.6158854166666666 0.7197265624999999 0.6432291666666666 0.748046875 0.6809895833333336
0 0.855083209056399 0.5884767037237888 0.8346071719088937 0.500505581164136 0.7250118627982645 0.5458553642443962 0.7454878999457699 0.633826486804049
0 0.6046047794117647 0.426951593137255 0.5100551470588235 0.3755912990196079 0.43999080882352926 0.6048927696078432 0.5345404411764705 0.6562530637254902
0 0.620777027027027 0.5430391328828832 0.6026710304054054 0.5257953265765767 0.5811602618243243 0.5659487612612614 0.5992662584459459 0.5831925675675679
0 0.6695312499999999 0.5856770833333333 0.6624999999999999 0.5575520833333333 0.6443359375 0.565625 0.6513671874999999 0.59375
0 0.6703836361821085 0.46200662273695414 0.6691699530750798 0.421550519169329 0.6339918630191693 0.4234266839723109 0.6352055461261981 0.46388278753993606
0 0.6986832826327435 0.410176069321534 0.5918006775442478 0.24439896755162244 0.5681951742256638 0.2714555678466077 0.6750777793141595 0.43723266961651924
0 0.5946730522260274 0.3521867865296805 0.5781918878424657 0.34394620433789963 0.5703660102739725 0.37177154680365304 0.5868471746575342 0.38001212899543385
0 0.49202823229613735 0.261048149141631 0.4590220962982833 0.25057001072961377 0.4500737660944205 0.3006806598712447 0.4830799020922746 0.3111587982832619
0 0.525390625 0.25781250000000006 0.5 0.25781250000000006 0.5 0.2903645833333334 0.525390625 0.2903645833333334
0 0.4876953124999998 0.2354166666666667 0.4474765624999998 0.1579583333333334 0.3926328124999999 0.2085833333333334 0.4328515624999998 0.2860416666666667
0 0.4065504807692307 0.3378405448717949 0.3870192307692308 0.33263221153846156 0.3828125 0.36067708333333337 0.40234375 0.36588541666666674
0 0.37198941383136097 0.4117202909270218 0.3525390625 0.40104166666666674 0.3435997596153846 0.4299879807692309 0.36305011094674555 0.4406666050295859
0 0.7713848527070064 0.22154491772823792 0.7149183917197452 0.1994012075371551 0.6961646596337581 0.284418126326964 0.7526311206210192 0.30656183651804686
0 0.41803209459459456 0.09819115990990997 0.3966638513513513 0.07747043918918926 0.37605574324324315 0.11525197072072078 0.39742398648648647 0.1359726914414415
0 0.22453425480769237 0.6294070512820512 0.2027493990384616 0.6235977564102563 0.19906850961538464 0.6481370192307693 0.22085336538461542 0.6539463141025641