0 0.7537554146039606 0.23731177805280534 0.6858330754950496 0.09392017326732678 0.6079033879950495 0.15954517326732678 0.6758257271039604 0.30293677805280533
0 0.6026821257961783 0.17564855360934187 0.5966796874999999 0.14843750000000006 0.5761656548566878 0.15648221868365184 0.5821680931528662 0.18369327229299368
0 0.3828125 0.20703125 0.3768581081081081 0.1567497184684684 0.34997888513513514 0.16240850225225223 0.35593327702702704 0.21269003378378376
0 0.3502400905754893 0.1927702217303511 0.2910019731477167 0.17549243748058407 0.27593487884436163 0.26732996466293885 0.33517299627213426 0.28460774891270585
0 0.2911166487068965 0.22297054597701152 0.27747844827586204 0.18054058908045972 0.22585533405172414 0.21003951149425285 0.23949353448275862 0.25246946839080464
0 0.27382308873892025 0.5378191730459307 0.23427978318896056 0.47148846696212743 0.18483865078565676 0.523887615834005 0.22438195633561642 0.5902183219178083
0 0.37932812499999996 0.62809375 0.35031249999999997 0.41531250000000003 0.32092187499999997 0.4224375 0.34993749999999996 0.63521875
0 0.3873506433823529 0.40939031862745107 0.3588579963235294 0.39989276960784326 0.35236672794117646 0.43451286764705893 0.380859375 0.4440104166666668
0 0.42665678879310337 0.2939565373563219 0.4101562499999999 0.28515625000000006 0.4023437499999999 0.31119791666666674 0.41884428879310337 0.31999820402298856
0 0.61328125 0.3997395833333334 0.54296875 0.3059895833333334 0.408203125 0.4856770833333334 0.4785156250000001 0.5794270833333335
0 0.4756196120689656 0.3534033764367816 0.47077047413793105 0.3383171695402299 0.44366244612068967 0.3538074712643678 0.4485115840517242 0.36889367816091956
0 0.451171875 0.4348958333333334 0.4296875 0.4348958333333334 0.4296875 0.4674479166666668 0.451171875 0.4674479166666668
0 0.697265625 0.3502604166666668 0.670521692576142 0.3091159052453469 0.6349044257614211 0.3502736357868021 0.6616483581852791 0.39141814720812196
0 0.7403143664675766 0.3714892633674632 0.6851269197952218 0.36283240898748587 0.6795741787542662 0.4257634741183163 0.7347616254266212 0.4344203284982936
0 0.8119414214494164 0.7046246757457848 0.7919921875 0.6744791666666667 0.7755198200389105 0.6938584225032426 0.7954690539883268 0.7240039315823606
0 0.7734375 0.7721354166666666 0.758203125 0.7450520833333333 0.737578125 0.7656770833333334 0.7528124999999999 0.7927604166666667
0 0.5133107311320755 0.6634188286163524 0.4398253242924529 0.6591588050314467 0.43527785966981136 0.798614386792453 0.5087632665094339 0.8028744103773586
0 0.4458295036764707 0.6495863970588237 0.4267578125 0.6432291666666667 0.4198644301470589 0.6799938725490197 0.43893612132352944 0.6863511029411765
0 0.4866406249999999 0.8870312499999999 0.47363281249999983 0.8619791666666665 0.44824218749999983 0.8854166666666665 0.4612499999999999 0.9104687499999999
0 0.5645323057432433 0.9264498873873873 0.5537109375000001 0.9062500000000001 0.5333878800675677 0.9256052927927929 0.5442092483108109 0.9458051801801801
0 0.6962890625 0.8776041666666669 0.6787109375000001 0.8541666666666671 0.6562500000000001 0.8841145833333337 0.673828125 0.9075520833333336
0 0.635546875 0.6424479166666667 0.62171875 0.6178645833333334 0.60171875 0.6378645833333334 0.6155468749999999 0.6624479166666667
0 0.4122596153846154 0.5237379807692308 0.3927283653846155 0.5185296474358975 0.3879206730769232 0.5505809294871794 0.4074519230769232 0.5557892628205128
0 0.841796875 0.5403645833333336 0.828125 0.5221354166666667 0.8134765625 0.5416666666666666 0.8271484375 0.5598958333333335