0 0.5044990494876382 0.12544391129906748 0.49256173247397533 0.00038630448926480675 0.31318746950227716 0.03082557335718931 0.3251247865159401 0.155883180166992
0 0.29296875 0.1783854166666666 0.27674434267241377 0.15281968390804596 0.2387459590517241 0.19568965517241382 0.2549703663793103 0.22125538793103447
0 0.2486478365384616 0.2943709935897436 0.21499399038461547 0.23667868589743596 0.16604567307692314 0.28743990384615387 0.19969951923076926 0.3451322115384616
0 0.34679444190002623 0.2710718725464539 0.27327086332112016 0.255001144988223 0.25062156503533106 0.43921543771264066 0.32414514361423713 0.45528616527087157
0 0.17702868385036494 0.4579911800486618 0.16894531249999997 0.4348958333333333 0.1472399635036496 0.4484013838199513 0.15532333485401456 0.47149673053527974
0 0.16885937499999998 0.41538541666666673 0.1533203125 0.40104166666666674 0.143265625 0.42040625000000004 0.15880468749999999 0.43475
0 0.4736328125 0.26041666666666674 0.4326171875 0.20572916666666669 0.37109374999999994 0.2877604166666667 0.412109375 0.3424479166666668
0 0.548828125 0.3398437500000001 0.5023276969178083 0.31166167237442927 0.4816593535958905 0.3722888127853883 0.5281597816780822 0.4004708904109591
0 0.6088649482484076 0.4236664012738854 0.5805757364649681 0.3545149946921445 0.530764828821656 0.39074110934182593 0.5590540406050956 0.4598925159235669
0 0.5613491960580912 0.4942459802904564 0.548593101659751 0.43046550829875513 0.5196609180497925 0.4407525069156292 0.5324170124481328 0.5045329789073305
0 0.6448987603710082 0.38224176841995416 0.5888671875000001 0.3645833333333334 0.577300700532248 0.4298301828950116 0.6333322734032562 0.4474886179816323
0 0.7283651169265035 0.3527004454342986 0.5983365812917596 0.3305679287305124 0.5941606347438754 0.3741833704528583 0.7241891703786193 0.39631588715664456
0 0.656790331535533 0.3024138113367176 0.6366196065989846 0.27138192681895107 0.5824129520939085 0.33402072758037243 0.6025836770304569 0.36505261209813894
0 0.7545036764705882 0.2981158088235294 0.7156594669117646 0.2537224264705881 0.6738166360294118 0.3188112745098038 0.7126608455882353 0.3632046568627451
0 0.621484375 0.6117187500000001 0.5984375 0.5502604166666668 0.5484375000000001 0.5835937500000001 0.571484375 0.6450520833333334
0 0.70703125 0.6549479166666667 0.6757467830882352 0.5893995098039216 0.6279756433823529 0.6299325980392158 0.6592601102941176 0.6954810049019609
0 0.45214843750000017 0.8020833333333335 0.4146599264705883 0.7982383578431375 0.4113396139705883 0.8557904411764707 0.4488281250000002 0.8596354166666668
0 0.4112830528846153 0.5315504807692307 0.39505709134615385 0.49909855769230776 0.36959134615384615 0.5217347756410257 0.38581730769230765 0.5541866987179487
0 0.3935933632425742 0.6427134900990098 0.3857421875 0.5963541666666666 0.35684754022277226 0.6050536303630364 0.3646987159653465 0.6514129537953796
0 0.507307275236593 0.5468462473711884 0.41488811119873825 0.5320591811251315 0.4009050916798108 0.6874260646687698 0.4933242557176656 0.7022131309148265