0 0.5641935822147651 0.06418484340044753 0.47748269714765107 0.0470567673378077 0.4694657088926175 0.11920966163310971 0.5561765939597316 0.13633773769574953
0 0.455078125 0.19921875000000006 0.4365234375 0.17447916666666666 0.416015625 0.20182291666666669 0.4345703125 0.22656250000000008
0 0.412109375 0.3177083333333334 0.37890625 0.3177083333333334 0.37890625 0.3736979166666668 0.412109375 0.3736979166666668
0 0.3371458535992217 0.5635386267833981 0.2908940296692607 0.5091247162775616 0.24455480909533076 0.5791484273670557 0.2908066330252918 0.6335623378728922
0 0.3631269040805022 0.5727743414574102 0.3485606882385524 0.5547913589364845 0.32126165528064987 0.5941019663958642 0.33582787112259965 0.6120849489167898
0 0.5144636824324325 0.5362823761261262 0.5027185388513514 0.44232122747747743 0.43905722128378366 0.45646818693693686 0.4508023648648648 0.5504293355855856
0 0.6144401603818131 0.5950710559453138 0.5492692382285482 0.5159004542183846 0.4907339871154884 0.6015617973106675 0.5559049092687534 0.6807323990375967
0 0.631561033847185 0.6506821101429849 0.6215100326742627 0.6202245308310992 0.5821071757707775 0.6433408735478106 0.5921581769436998 0.6737984528596963
0 0.4915910759228188 0.7641568791946309 0.4815239618288591 0.6880942393736018 0.4400757655201343 0.6978467561521253 0.45014287961409394 0.7739093959731543
0 0.39967512376237624 0.8198870668316832 0.3857421875000001 0.8046875000000001 0.3742554919554456 0.8234065594059408 0.38818842821782173 0.8386061262376239
0 0.5746247366573034 0.8504359784644194 0.5527672928370786 0.8322214419475656 0.5377348139044944 0.8642907303370787 0.5595922577247191 0.8825052668539326
0 0.7528336321721312 0.8280182718579235 0.7366002817622951 0.8099812158469947 0.7243532274590164 0.8295765027322406 0.7405865778688525 0.8476135587431695
0 0.9168036099137931 0.9092672413793104 0.8679081357758621 0.832219827586207 0.8208041487068964 0.8853627873563219 0.8696996228448276 0.9624102011494252
0 0.7938142302852349 0.46626817673378085 0.7752071098993288 0.4618900307606265 0.7685022546140938 0.512548937360179 0.787109375 0.5169270833333335
0 0.7410525760135135 0.4205377252252253 0.7133393158783784 0.3688063063063064 0.6747255067567568 0.40558136261261263 0.7024387668918919 0.4573127815315316
0 0.693359375 0.37890625 0.673828125 0.3528645833333334 0.65625 0.3763020833333334 0.6757812499999999 0.40234375
0 0.7182559742647059 0.3547181372549021 0.6853745404411765 0.336856617647059 0.6763763786764707 0.36630514705882367 0.7092578125 0.3841666666666668
0 0.6839225468892955 0.3352143851021652 0.6306047361047575 0.2549510140286672 0.6000525360247027 0.29103170745654167 0.6533703468092404 0.3712950785300397
0 0.5890692349137931 0.195941091954023 0.5771484375 0.1588541666666666 0.5523976293103449 0.17299748563218387 0.564318426724138 0.21008441091954028
0 0.813767149390244 0.5360962906504063 0.789229230182927 0.5149263211382114 0.778120236280488 0.537817581300813 0.802658155487805 0.5589875508130081