0 0.7684531385398614 0.08789626660889661 0.7339688041594454 0.04559548310225298 0.7034499566724438 0.08982569685153088 0.7379342910528598 0.1321264803581745
0 0.47726862980769225 0.19689503205128212 0.43327824519230773 0.18956330128205134 0.42671274038461543 0.2595953525641026 0.4707031249999999 0.2669270833333333
0 0.42969487028301884 0.23590310534591197 0.35805571933962266 0.148344143081761 0.3026017099056603 0.22900452044025157 0.37424086084905656 0.31656348270440254
0 0.45666082974137934 0.40176005747126436 0.42931707974137934 0.310614224137931 0.3500134698275862 0.3529094827586207 0.3773572198275862 0.44405531609195403
0 0.5044768258426966 0.4324672284644196 0.48927975772471904 0.4000468164794008 0.44951501053370785 0.4331841058052435 0.46471207865168535 0.4656045177902623
0 0.37652343750000006 0.5636979166666668 0.3502734375 0.5374479166666667 0.33257812500000006 0.5689062500000001 0.35882812500000005 0.59515625
0 0.2275390625 0.5390625 0.20531765919811323 0.5226022012578616 0.19573629127358488 0.5455974842767296 0.2179576945754717 0.562057783018868
0 0.5078087647418189 0.4964999247414648 0.4629856665692732 0.4877843223190254 0.4473644018274543 0.6306073142442272 0.4921875 0.6393229166666667
0 0.6197770365168539 0.5714097612359552 0.5783554248595506 0.48304365636704116 0.4879410990168539 0.5583889279026217 0.5293627106741573 0.6467550327715358
0 0.6677361813583815 0.4962864282273603 0.6476077041184972 0.41279052263969174 0.5782525740606937 0.4425141498073218 0.5983810513005781 0.5260100553949904
0 0.6469193504366811 0.358516421033479 0.6289403657205239 0.34018490720524036 0.6152471683951963 0.3640602256186319 0.6332261531113537 0.3823917394468706
0 0.6474609374999999 0.2760416666666667 0.6449218749999999 0.25234375 0.6230468749999999 0.25651041666666663 0.6255859374999999 0.28020833333333334
0 0.6856316332547169 0.5377555031446541 0.6845703124999999 0.5052083333333334 0.661939858490566 0.5065202437106918 0.663001179245283 0.5390674135220126
0 0.7357421874999999 0.4820312500000001 0.7091796875 0.4643229166666668 0.6951171875 0.5018229166666669 0.7216796874999999 0.5195312500000001
0 0.6523437500000002 0.6080729166666669 0.6329421680497926 0.5930962569156295 0.6214422328838175 0.619580956085754 0.6408438148340251 0.6345576158367915
0 0.6682729252049181 0.6021174863387979 0.6668801229508197 0.5816897199453552 0.642578125 0.5846354166666666 0.6439709272540984 0.6050631830601093
0 0.683506729579208 0.5415248556105612 0.6398031404702971 0.5356977103960398 0.6365350402227723 0.5792723803630365 0.6802386293316832 0.585099525577558
0 0.857905321782178 0.4844394595709572 0.8416325030940592 0.4579207920792082 0.8264232673267327 0.4745126856435647 0.8426960860148514 0.5010313531353137
0 0.78515625 0.46484375000000006 0.7734375 0.44140625000000006 0.755859375 0.45703125 0.767578125 0.48046875
0 0.6343069972113642 0.7017573718101505 0.6294225088485556 0.6612656711793309 0.4725859568655258 0.6948996170591414 0.4774704452283344 0.735391317689961
0 0.31640625 0.8346354166666666 0.30398437500000003 0.8125520833333333 0.28335937499999997 0.8331770833333334 0.29578125 0.8552604166666667
0 0.556913550764192 0.8998646743085881 0.5500477620087335 0.831206786754003 0.4833941730349345 0.8430563136826783 0.49025996179039294 0.9117142012372633