0 0.8221583559962854 0.314744530489962 0.7876765533795435 0.10254882207924298 0.690201676091138 0.13070823107367122 0.72468347870788 0.34290393948439024
0 0.857421875 0.2929687500000001 0.8251953125000002 0.2760416666666668 0.8172632651033387 0.3028885963169053 0.8494898276033387 0.3198156796502386
0 0.6727987753378377 0.09593186936936941 0.6343697212837837 0.059332770270270355 0.617213893581081 0.09135698198198211 0.6556429476351349 0.12795608108108117
0 0.5824969951923077 0.01977163461538473 0.5226412259615385 0.009795673076923158 0.5155649038461538 0.08527644230769238 0.5754206730769231 0.09525240384615395
0 0.609667123763906 0.23160827410383195 0.5964189489338689 0.1326885687062217 0.4580440261897404 0.16563497888339515 0.4712922010197774 0.26455468428100537
0 0.6924749410377359 0.26454402515723285 0.5929024174528302 0.2266116352201259 0.5723393278301887 0.32257272012578625 0.6719118514150944 0.36050511006289315
0 0.4664247959940653 0.5484235905044511 0.4617813427299703 0.421502534619189 0.3572283011869436 0.4283027324431257 0.3618717544510386 0.5552237883283878
0 0.473584533005618 0.3730220037453185 0.4498617450842697 0.3468925561797753 0.431640625 0.37630208333333337 0.4553634129213483 0.4024315308988766
0 0.4023437499999999 0.3919270833333333 0.3662109375 0.3802083333333333 0.3598100754310345 0.41529454022988505 0.3959428879310344 0.427013290229885
0 0.28725601537539924 0.5660859291799787 0.28577089157348234 0.5165818024494142 0.23733276757188496 0.5191651690628327 0.23881789137380185 0.5686692957933972
0 0.5174383839434277 0.6469880927620634 0.4934500441971714 0.5981697171381033 0.443359375 0.6419270833333335 0.46734771474625625 0.6907454589572936
0 0.5225681900289018 0.7835756864161852 0.48568460982658956 0.7165146315028905 0.4358121838872833 0.7652787813102122 0.47269576408959546 0.832339836223507
0 0.6462602459016393 0.5448898565573772 0.6019787397540983 0.4956881830601094 0.564116931352459 0.5562670765027323 0.6083984375 0.60546875
0 0.574636034866469 0.5348432863501483 0.5617784449183978 0.5043660361028686 0.5237127920994066 0.5329152757171118 0.5365703820474779 0.5633925259643917
0 0.642578125 0.4908854166666667 0.6313878676470589 0.4237438725490196 0.5829963235294118 0.4380821078431372 0.5941865808823529 0.5052236519607843
0 0.7058262185013263 0.7259912411582671 0.6716734706564987 0.5521227066755083 0.6359017531498674 0.5646144175508401 0.670054500994695 0.7384829520335986
0 0.723412258861355 0.57870170692179 0.6565747039680049 0.5409984708281054 0.6480294757685068 0.5679288869719783 0.7148670306618568 0.6056321230656628
0 0.65234375 0.62109375 0.6349609375 0.5747395833333334 0.5904296875 0.6044270833333335 0.6078125 0.65078125
0 0.7700462245058872 0.6898960961592377 0.7106779594196804 0.6475559381132607 0.6900116300462573 0.6990720055368661 0.7493798951324642 0.7414121635828431