0 0.5875319411863271 0.1578104054959786 0.56487988019437 0.08014619638069709 0.49956277228552287 0.11401432640750668 0.52221483327748 0.1916785355227882
0 0.544921875 0.04427083333333341 0.4873046875 0.044270833333333405 0.4873046875 0.09635416666666675 0.544921875 0.09635416666666675
0 0.6253412523234201 0.15018974597273865 0.6034902125929367 0.1277784231722429 0.5781867158457248 0.17163781753407686 0.6000377555762082 0.1940491403345726
0 0.45987578395328726 0.29077277970011545 0.4345703125 0.25520833333333337 0.3146984483131488 0.40684111880046137 0.34000391976643607 0.44240556516724344
0 0.365234375 0.21484375000000006 0.3271484375 0.16406250000000006 0.2744140625 0.23437500000000008 0.3125 0.2851562500000001
0 0.47710129310344823 0.3302352729885058 0.47433324353448275 0.28594647988505756 0.44653151939655167 0.28903556034482764 0.44929956896551715 0.33332435344827593
0 0.5703125 0.27473958333333337 0.5544921875 0.2677083333333334 0.5474609375 0.2958333333333334 0.56328125 0.3028645833333334
0 0.42419109513274333 0.4200198193215339 0.4232058904867257 0.4003157264011799 0.400390625 0.40234375 0.40137582964601765 0.422047842920354
0 0.385397518382353 0.5877757352941176 0.38272058823529415 0.5413756127450982 0.34358915441176474 0.545389093137255 0.3462660845588236 0.5917892156862745
0 0.3728328339041096 0.6196846461187214 0.3266079837328767 0.5533105022831051 0.2755912885273972 0.6164740296803654 0.3218161386986301 0.6828481735159818
0 0.37304687500000006 0.5195312500000001 0.35546875000000006 0.49609375000000006 0.333984375 0.5247395833333335 0.3515625 0.5481770833333335
0 0.26876429115853673 0.6788173272357725 0.22874904725609765 0.6673844004065042 0.2229182545731708 0.7036648882113822 0.2629334984756099 0.7150978150406505
0 0.28125 0.79296875 0.2634465144230769 0.7771434294871795 0.24992487980769235 0.8041866987179488 0.2677283653846154 0.8200120192307694
0 0.3865234375 0.9028645833333333 0.3720703125000001 0.8932291666666666 0.3603515625000001 0.9244791666666667 0.3748046875 0.9341145833333334
0 0.5027343750000001 0.92890625 0.4794921875 0.9088541666666665 0.4661299542682927 0.9363884654471543 0.48937214176829275 0.9564405487804878
0 0.5625574448529411 0.9098498774509806 0.5391199448529413 0.9020373774509806 0.5318244485294119 0.9409466911764708 0.5552619485294118 0.9487591911764708
0 0.6770814071745563 0.8635355029585801 0.6528175850591716 0.850214188856016 0.6451726608727811 0.8749691814595661 0.6694364829881658 0.8882904955621302
0 0.7332083102876106 0.5821349557522125 0.6673033047566372 0.5452848451327434 0.6334641178097347 0.6528761061946905 0.699369123340708 0.6897262168141595
0 0.712328933189655 0.6750287356321841 0.6847144396551723 0.6110793821839082 0.6445312499999999 0.6419270833333335 0.6721457435344826 0.7058764367816094
0 0.6072088871606335 0.40787848793363507 0.4422652714932126 0.40319923642533945 0.440188419117647 0.5333486519607843 0.6051320347850678 0.53802790346908
0 0.5735115840517242 0.3576688218390806 0.5440463362068966 0.340831537356322 0.5372777478448276 0.36188936781609204 0.5667429956896552 0.37872665229885066
0 0.8359375 0.5742187500000001 0.8086439816565809 0.4225880925365607 0.7127606136535553 0.45327077029752894 0.7400541319969743 0.6049014277609683
0 0.7628739895504733 0.38169525499474255 0.7318365536277605 0.3767292652471085 0.7293412361987384 0.404455014458465 0.7603786721214513 0.409421004206099
0 0.6263894714765101 0.46302607662192397 0.6035483955536913 0.45765170581655484 0.6000091757550335 0.48439247762863535 0.6228502516778524 0.4897668484340045
0 0.5033777573529411 0.3970894607843137 0.4859260110294117 0.3771446078431372 0.4691750919117646 0.40320159313725484 0.486626838235294 0.42314644607843127