0 0.6356788609215017 0.2785791737770193 0.624166755546075 0.14810864618885095 0.5442752773037542 0.16064064277588166 0.5557873826791809 0.29111117036405
0 0.5154296875 0.07213541666666673 0.5009765625 0.06250000000000006 0.491796875 0.08697916666666676 0.50625 0.09661458333333342
0 0.7830336898659305 0.2627333070452157 0.74514183261041 0.2566706098843324 0.7374987677444794 0.3415935528391168 0.7753906249999999 0.34765625000000006
0 0.720703125 0.5013020833333335 0.7048932137573964 0.4925187993096648 0.6938852163461539 0.5277443910256411 0.7096951275887574 0.5365276750493098
0 0.7562634698275861 0.4726113505747127 0.7367322198275861 0.46219468390804597 0.7226562499999998 0.5091145833333334 0.7421874999999998 0.5195312500000001
0 0.6140595256979695 0.34786114636209825 0.5947265625 0.3255208333333334 0.5798401808375635 0.3484229589678512 0.599173144035533 0.37076327199661596
0 0.5878838900862069 0.32406609195402303 0.5869005926724138 0.3017780172413793 0.5664062500000001 0.3033854166666667 0.5673895474137931 0.3256734913793104
0 0.5097656250000001 0.3710937500000001 0.4873046875000001 0.3463541666666668 0.4754213483146068 0.3655342930711612 0.4978822858146068 0.3902738764044945
0 0.5423746922866519 0.35847180433989806 0.5136868332877461 0.3324614788475568 0.5006090160010941 0.35810425784099226 0.5292968749999999 0.38411458333333354
0 0.32412019782110096 0.26389287079510715 0.2958984375000001 0.25260416666666674 0.2876469323394496 0.28927752293577996 0.31586869266055045 0.30056622706422037
0 0.17187500000000006 0.2994791666666667 0.14843750000000006 0.2994791666666667 0.14843750000000006 0.3268229166666667 0.17187500000000006 0.3268229166666667
0 0.2587355522260274 0.19854095319634707 0.2448228809931507 0.19158461757990872 0.23804045376712332 0.21569991438356168 0.25195312500000006 0.22265625000000003
0 0.265625 0.16015625000000006 0.2543362958715596 0.1556407683486239 0.24804687499999994 0.18359375000000003 0.25933557912844035 0.1881092316513762
0 0.28125 0.2096354166666667 0.2626953125 0.20312500000000006 0.25841968911917096 0.22478815846286704 0.27697437661917096 0.2312985751295337
0 0.2879595588235294 0.1680759803921569 0.2722426470588235 0.16341911764705888 0.2674862132352941 0.19195772058823532 0.283203125 0.1966145833333334
0 0.2955887957317073 0.12611153455284557 0.27565262957317077 0.1231580284552846 0.2727943978658537 0.1574568089430895 0.2927305640243903 0.16041031504065048
0 0.2015165441176471 0.452359068627451 0.18579963235294122 0.44770220588235293 0.18154871323529415 0.47320772058823535 0.19726562500000006 0.47786458333333337
0 0.21147108569587628 0.41924398625429554 0.1962890625 0.4114583333333333 0.18919136597938144 0.43606368127147765 0.2043733891752577 0.4438493341924399
0 0.22508119733146068 0.46298572097378277 0.20753599016853932 0.4575871956928839 0.203125 0.48307291666666674 0.22067020716292135 0.4884714419475656
0 0.232421875 0.4283854166666668 0.2158203125 0.4218750000000001 0.21043988853503187 0.4462662553078557 0.22704145103503187 0.45277667197452237
0 0.45273765587504283 0.7299237230030855 0.3365511575462804 0.580641676665524 0.3098471781796366 0.6175905789338362 0.42603367650839896 0.7668726252713977
0 0.2903017925126904 0.7568144564297801 0.2711621589467005 0.6570563663282571 0.18982094701776647 0.6848006556683586 0.20896058058375636 0.7845587457698816
0 0.5043413521039604 0.6908132219471949 0.4780418471534654 0.6873066212871287 0.47565362004950507 0.7191496493399342 0.501953125 0.7226562500000002
0 0.604365269629964 0.692445096269555 0.5489021604241877 0.6763688327316487 0.5431908562725632 0.7113981648616127 0.5986539654783394 0.7274744283995188
0 0.6317806603773585 0.7430965015723271 0.6157502948113208 0.7046236242138365 0.5878906250000001 0.7252604166666666 0.6039209905660379 0.7637332940251572
0 0.6408203125 0.6255208333333333 0.6208984375 0.6166666666666667 0.6134765625 0.6463541666666667 0.6333984375 0.6552083333333333
0 0.6236903901734105 0.5758896315028903 0.5402027637283238 0.4942572856454722 0.4917076860549134 0.582430154142582 0.5751953125000001 0.6640625000000001
0 0.5420425257731958 0.424304660652921 0.497019974226804 0.4012161726804123 0.4857945393041236 0.44013101374570446 0.5308170908505154 0.46321950171821313
0 0.7343750000000002 0.6705729166666667 0.7197265625000001 0.6640625 0.7138671875000001 0.6875000000000001 0.7285156250000002 0.6940104166666669
0 0.7421874999999999 0.62890625 0.7264122596153847 0.6246995192307694 0.7225060096153847 0.650741185897436 0.7382812499999999 0.6549479166666667
0 0.7519531250000002 0.5950520833333336 0.7361328125000002 0.5880208333333335 0.7291015625000001 0.6161458333333336 0.7449218750000002 0.6231770833333335
0 0.7579218750000001 0.6749791666666667 0.7397031249999999 0.6705625000000001 0.7356874999999999 0.7000104166666667 0.7539062500000001 0.7044270833333335
0 0.7656249999999998 0.6393229166666666 0.7518184267241379 0.6319594109195403 0.7440059267241379 0.658001077586207 0.7578124999999998 0.6653645833333334
0 0.7734375000000001 0.6002604166666666 0.7580378605769229 0.5961538461538463 0.7539062499999998 0.6236979166666666 0.769305889423077 0.6278044871794873
0 0.7893612132352942 0.606280637254902 0.7815027573529412 0.603952205882353 0.777297794117647 0.6291819852941178 0.7851562500000001 0.6315104166666667
0 0.8214261729942693 0.5884185470391596 0.7939453125000002 0.5677083333333336 0.7811408712392551 0.5979136819484244 0.8086217317335244 0.6186238956542505
0 0.7835787259615385 0.5639022435897437 0.7632962740384615 0.5584935897435898 0.7590144230769231 0.5870392628205129 0.7792968750000001 0.5924479166666667
0 0.6758217292746115 0.765159488341969 0.6474609375 0.7552083333333334 0.6407565576424871 0.7891771912780657 0.6691173494170986 0.7991283462867014
0 0.706640625 0.8231770833333336 0.6837890625 0.8130208333333335 0.6685546875000001 0.8739583333333336 0.69140625 0.8841145833333336