0 0.9777133413461538 0.025765224358974517 0.9462890624999998 0.02343750000000015 0.943185096153846 0.09793269230769243 0.974609375 0.10026041666666681
0 0.8729121767241379 0.1050197557471265 0.8575902478448276 0.09626436781609206 0.849609375 0.12109375000000018 0.8649313038793103 0.12984913793103464
0 0.6996887107463294 0.09395391517128887 0.66015625 0.09244791666666678 0.6596241588499184 0.11727883700380652 0.6991566195962479 0.11878483550842861
0 0.8388671875 0.3333333333333334 0.8125 0.2981770833333334 0.78515625 0.33463541666666685 0.8115234375 0.36979166666666685
0 0.6183363970588235 0.2522212009803922 0.5014361213235294 0.15870098039215697 0.4337086397058824 0.3092064950980393 0.5506089154411764 0.4027267156862745
0 0.48580114976415106 0.41824390723270455 0.44971624410377364 0.4092226808176102 0.4419442806603774 0.46448997641509443 0.4780291863207548 0.47351120283018877
0 0.4220358455882353 0.5790900735294117 0.4088235294117647 0.4998161764705882 0.36663602941176465 0.5123161764705881 0.3798483455882352 0.5915900735294117
0 0.30273437500000006 0.5091145833333335 0.28417968750000006 0.4843750000000001 0.2666015625 0.5078125000000001 0.28515625 0.5325520833333335
0 0.23753446691176477 0.5157015931372549 0.21455652573529416 0.5080422794117647 0.2090418198529412 0.5374540441176471 0.23201976102941183 0.5451133578431374
0 0.25083391104948816 0.28588328356086473 0.23043608681740615 0.276062108930603 0.19980268771331058 0.3891700440841866 0.22020051194539256 0.39899121871444826
0 0.22137500000000002 0.31668750000000007 0.20143750000000002 0.31185416666666665 0.196859375 0.34542708333333333 0.216796875 0.3502604166666667
0 0.2037557757782101 0.29600863326848253 0.1845703125 0.2734375 0.16929489907587547 0.2965203469520104 0.18848036235408558 0.31909148022049294
0 0.14858566810344837 0.6603897270114943 0.13317618534482759 0.6361081178160919 0.09298895474137929 0.6814475574712644 0.10839843750000007 0.7057291666666667
0 0.19367487980769238 0.5044471153846154 0.18452524038461543 0.4887620192307692 0.16748798076923074 0.5064302884615385 0.17663762019230772 0.5221153846153846
0 0.6551499046565896 0.7976854915482493 0.5586930660525216 0.5793490816847776 0.45723178679646137 0.6590355658493546 0.5536886254005293 0.8773719757128263
0 0.6366725904726735 0.5960560530526836 0.5974918066838997 0.5476847150418516 0.5782706910081241 0.5753631216149682 0.6174514747968981 0.6237344596258002
0 0.8258107311320755 0.6699145047169812 0.8246314858490565 0.6337509827044027 0.7811505011792452 0.6362716194968555 0.7823297464622642 0.672435141509434
0 0.72265625 0.8658854166666669 0.7158203125 0.8411458333333336 0.6803401295731707 0.8585746951219514 0.6871760670731707 0.8833142784552847
0 0.33008225714033845 0.9083252527033381 0.3212890624999999 0.8463541666666666 0.2934632294605077 0.8533732957216738 0.3022564241008462 0.9153443817583451
0 0.3007812500000001 0.5755208333333334 0.2792968750000001 0.5755208333333334 0.2792968750000001 0.6119791666666666 0.3007812500000001 0.6119791666666666
0 0.20565257352941177 0.10761335784313728 0.20467601102941177 0.09068627450980395 0.18525965073529413 0.09267769607843139 0.18623621323529413 0.10960477941176472