0 0.4717830882352942 0.09898897058823537 0.4541015625 0.09375000000000006 0.4491153492647058 0.1236672794117648 0.466796875 0.1289062500000001
0 0.7082189611486487 0.1376337274774776 0.6695787584459459 0.12904701576576588 0.662109375 0.18880208333333348 0.7007495777027027 0.1973887950450452
0 0.7740436422413792 0.24407327586206906 0.6816069504310345 0.1947737068965518 0.6569571659482758 0.27693965517241387 0.7493938577586206 0.32623922413793116
0 0.5857502140410958 0.27320562214611877 0.5620317851027397 0.18887343036529686 0.5164410316780821 0.21166880707762564 0.5401594606164383 0.2960009988584476
0 0.5548304115853658 0.29468368902439024 0.5402629573170732 0.26466590447154476 0.51953125 0.2825520833333333 0.5340987042682925 0.3125698678861788
0 0.4453125 0.2682291666666668 0.3828125 0.2682291666666668 0.3828125 0.3684895833333334 0.4453125 0.3684895833333334
0 0.47305126404494374 0.2613968867041198 0.4689365344101123 0.23762289325842692 0.4411209620786517 0.24618153089887637 0.4452356917134831 0.26995552434456926
0 0.7408424233490566 0.4123427672955976 0.6872788915094339 0.37266607704402527 0.6650759139150944 0.42595322327044033 0.7186394457547169 0.46562991352201266
0 0.8210862619808307 0.3786566493610223 0.8200129792332268 0.3428805577742278 0.7767228684105432 0.34518936368477093 0.7777961511581469 0.3809654552715654
0 0.742412860576923 0.5662059294871795 0.7284405048076923 0.538261217948718 0.6980168269230769 0.5653044871794872 0.7119891826923077 0.5932491987179488
0 0.7472226204128442 0.5323609518348624 0.7387560923165137 0.4947319380733945 0.7176121702981652 0.5031895068807339 0.7260786983944955 0.5408185206422018
0 0.36680877097576137 0.3773816229024239 0.3116369348197638 0.3140837023513569 0.2945698512274704 0.3405299940439196 0.349741687383468 0.4038279145949866
0 0.20469555412371135 0.3224199957044674 0.18100636275773196 0.3102716924398626 0.16343830541237114 0.3711742912371134 0.1871274967783505 0.3833225945017182
0 0.3703425480769231 0.4598357371794872 0.29175526997041423 0.4166897805719922 0.24972841161242604 0.5527767504930968 0.3283156897189349 0.5959227071005918
0 0.41129389497422686 0.6124624140893471 0.32674573131443296 0.569104381443299 0.2878342461340206 0.7039975300687286 0.37238240979381443 0.7473555627147768
0 0.35063983679525235 0.743709044263106 0.2775002318249259 0.7248894967853611 0.2656487620548962 0.8067723788328389 0.33878836702522264 0.8255919263105838
0 0.3434806034482758 0.8785021551724138 0.31940328663793116 0.86566091954023 0.30936826508620696 0.8991109913793104 0.33344558189655166 0.9119522270114943
0 0.33972293814432997 0.8485958977663229 0.32414827641752575 0.8406088917525772 0.316698211984536 0.8664357817869416 0.3322728737113402 0.8744227878006873
0 0.4974208082737322 0.7652965160381449 0.46133498252600785 0.7483914445166884 0.43071104925227577 0.8646053451452104 0.466796875 0.8815104166666666
0 0.515403891509434 0.6877702437106918 0.5088443396226415 0.657159001572327 0.4740197523584905 0.6704255110062893 0.48057930424528295 0.7010367531446542
0 0.5453982469512195 0.6111852134146342 0.5205078125000001 0.5989583333333335 0.5126381478658537 0.627439024390244 0.5375285823170731 0.6396659044715449
0 0.5051229508196722 0.5680925546448087 0.4764664446721311 0.522242144808743 0.4531249999999999 0.5481770833333333 0.4817815061475409 0.5940274931693988
0 0.45448545258620693 0.5503681752873564 0.4524447737068965 0.5041127873563218 0.42714170258620676 0.506097341954023 0.4291823814655172 0.5523527298850575
0 0.4673828125000001 0.46250000000000013 0.4521484375000001 0.4557291666666668 0.4449218750000001 0.48463541666666676 0.4601562500000001 0.4914062500000001
0 0.5530348557692308 0.4133613782051283 0.5350060096153847 0.408553685897436 0.528846153846154 0.4496193910256411 0.5468750000000001 0.4544270833333333
0 0.4287109375 0.40494791666666674 0.3901079963235294 0.3920802696078432 0.38470818014705876 0.42087928921568635 0.42331112132352944 0.4337469362745099
0 0.6470853365384616 0.3254206730769232 0.6027644230769231 0.3136017628205129 0.5978064903846153 0.3466546474358975 0.6421274038461539 0.35847355769230776
0 0.6645658827319588 0.24653672680412378 0.6507027222938145 0.2383215206185568 0.6385812661082475 0.2746858891752578 0.6524444265463918 0.2829010953608248
0 0.6671134159482759 0.4811332614942529 0.6179754849137932 0.47567349137931036 0.6135169719827587 0.5470096982758622 0.6626549030172414 0.5524694683908048
0 0.8145208634393063 0.5501941835260118 0.7809282424132947 0.4891166907514454 0.7598446531791906 0.5097317557803471 0.7934372742052022 0.5708092485549136
0 0.734375 0.6471354166666667 0.69140625 0.6471354166666666 0.69140625 0.6848958333333334 0.734375 0.6848958333333335
0 0.781640625 0.6638020833333333 0.7640625 0.6559895833333335 0.7578125 0.6809895833333335 0.775390625 0.6888020833333334
0 0.6760456232734807 0.6928953729281769 0.6746751985497238 0.6581779465930019 0.6472019595994476 0.6601058931860038 0.6485723843232044 0.6948233195211788
0 0.6390632572920337 0.7301075446481027 0.6333646347373986 0.6486986510104572 0.5251149018549524 0.6621697288802727 0.5308135244095875 0.7435786225179182
0 0.26542968750000007 0.6270833333333333 0.24316406250000006 0.6171875 0.23710937500000004 0.64140625 0.259375 0.6513020833333333