0 0.66796875 0.4895833333333334 0.623046875 0.4895833333333334 0.623046875 0.5377604166666666 0.66796875 0.5377604166666666
0 0.7001810213414636 0.5670985772357725 0.6559641768292683 0.5398882113821138 0.6449885670731708 0.5715955284552847 0.6892054115853661 0.5988058943089434
0 0.5062614889705882 0.432751225490196 0.49230238970588225 0.40173100490196084 0.4512293198529411 0.43458946078431376 0.4651884191176471 0.46560968137254893
0 0.410501063997478 0.4104058296553174 0.3666111680327869 0.2129012978142077 0.3243172682849937 0.22960999894913836 0.36820716424968475 0.427114530790248
0 0.3181838132022472 0.2358233848314607 0.2696848665730337 0.22090063202247193 0.25585937499999994 0.30078125 0.3043583216292135 0.3157040028089888
0 0.451171875 0.3450520833333333 0.44274400684931503 0.3150863299086758 0.41288527397260266 0.33001569634703204 0.4213131421232876 0.35998144977168955
0 0.3510667067307693 0.5886217948717949 0.33034855769230775 0.553104967948718 0.3107421875000001 0.5734375 0.3314603365384616 0.6089543269230769
0 0.48428771339828386 0.7667930111130976 0.430895895714158 0.6417310958169469 0.3688036987173757 0.6888574812298892 0.4221955164015016 0.8139193965260401
0 0.5221578663793104 0.818651221264368 0.48420662715517243 0.7969647988505747 0.4640018857758621 0.8598239942528736 0.5019531250000001 0.8815104166666667
0 0.40957704741379314 0.8618265086206898 0.3895272090517242 0.8392061781609196 0.3753771551724138 0.8615032327586207 0.3954269935344828 0.884123563218391
0 0.5224609375 0.9453125000000001 0.5019531250000001 0.9179687500000002 0.4843750000000001 0.9414062500000002 0.5048828125 0.96875
0 0.67219889728803 0.7348523223192022 0.623784776340399 0.7316247142560268 0.6211935980361597 0.8007228023690774 0.6696077189837906 0.8039504104322527
0 0.7158203125 0.1575520833333335 0.7021484375 0.1484375000000001 0.69453125 0.16875000000000007 0.708203125 0.17786458333333346
0 0.7395586993243244 0.1416033220720722 0.7173036317567567 0.12589386261261276 0.7095122466216216 0.1455166103603604 0.7317673141891892 0.16122606981981988