0 0.6005859375000001 1.0362081563168128e-16 0.5489681603773585 -0.002992334905660288 0.5479915978773585 0.026955581761006382 0.5996093750000001 0.029947916666666775
0 0.2699353448275862 0.18094468390804605 0.24636314655172414 0.16837284482758627 0.23228717672413796 0.21529274425287362 0.255859375 0.2278645833333334
0 0.5149186643835616 0.20641766552511426 0.4723699700342466 0.20431649543379002 0.4691700556506849 0.3195134132420092 0.51171875 0.3216145833333334
0 0.453125 0.22656250000000006 0.4326171875 0.22656250000000006 0.4326171875 0.26171875000000006 0.453125 0.26171875000000006
0 0.4173828125 0.33619791666666676 0.3916015625 0.31901041666666674 0.3703125 0.37578125 0.39609375 0.39296875000000014
0 0.44988281249999995 0.3304166666666667 0.44617187499999994 0.29578125 0.4212890624999999 0.30052083333333335 0.42499999999999993 0.33515625000000004
0 0.6035156250000001 0.2109375 0.5966796875000001 0.19270833333333334 0.5728515625 0.20859375000000005 0.5796875 0.22682291666666674
0 0.351171875 0.2861979166666668 0.3251953125 0.28125000000000006 0.3228515625 0.30312500000000003 0.34882812500000004 0.3080729166666668
0 0.32015251706484643 0.48646811006825946 0.29355535409556316 0.45847109641638223 0.2794568579351536 0.48228188993174065 0.3060540209044369 0.5102789035836178
0 0.36523437500000006 0.42968750000000006 0.337890625 0.4296875 0.33789062500000006 0.4986979166666667 0.3652343750000001 0.49869791666666674
0 0.396484375 0.4557291666666668 0.3740234375 0.4557291666666668 0.37402343750000006 0.4856770833333334 0.39648437500000006 0.4856770833333334
0 0.5509470813679245 0.46757075471698123 0.44299086084905664 0.38760318396226423 0.39757149174528306 0.4966096698113208 0.5055277122641508 0.5765772405660379
0 0.46875 0.3763020833333334 0.453125 0.35546875 0.4326171875 0.3828125 0.4482421875 0.4036458333333334
0 0.4950781249999999 0.4084895833333333 0.4928125 0.38734375000000004 0.460546875 0.39348958333333334 0.46281249999999996 0.41463541666666665
0 0.6367187499999999 0.3424479166666667 0.6303777825342465 0.3199022545662102 0.6085455907534245 0.33081835045662117 0.614886558219178 0.35336401255707767
0 0.7379676748853212 0.3117235282874619 0.7076852780963304 0.2996105695718656 0.7034116972477066 0.31860426223241606 0.7336940940366974 0.3307172209480124
0 0.7795775234187007 0.5047875845078493 0.6895484648934342 0.4821387647530653 0.6621684588776212 0.6756241405981437 0.7521975174028876 0.6982729603529277
0 0.8282810188609467 0.5622611563116372 0.8130258413461536 0.5537860576923078 0.7999953772189348 0.5954835428994084 0.8152505547337278 0.6039586415187378
0 0.6427734375 0.52265625 0.6149609375 0.49484375000000014 0.5619921875 0.5890104166666669 0.5898046875 0.6168229166666668
0 0.5940784015486725 0.5417242809734514 0.5927561532079645 0.515279314159292 0.5730520602876106 0.5170307890855457 0.5743743086283186 0.5434757558997051
0 0.6366922369909502 0.47600278092006043 0.6209169966063348 0.4528657616892912 0.5883015766402714 0.49239960407239836 0.6040768170248868 0.5155366233031676
0 0.5786974676724138 0.4374551005747128 0.5710196659482758 0.41186242816091945 0.5418911637931034 0.4273976293103447 0.5495689655172413 0.45299030172413807
0 0.6311531832020058 0.5884334706303725 0.5916653608524356 0.5738083512416429 0.580752484777937 0.626190156399236 0.6202403071275071 0.6408152757879658
0 0.60546875 0.6510416666666666 0.580078125 0.6510416666666666 0.580078125 0.6888020833333334 0.60546875 0.6888020833333334
0 0.5894577876326261 0.7628550508399646 0.49651597728779845 0.6820360853227232 0.4502004932029178 0.7767255194518126 0.5431423035477454 0.8575444849690541
0 0.5754250919117647 0.6574754901960785 0.5265969669117647 0.6184129901960786 0.49850643382352944 0.6808363970588237 0.5473345588235294 0.7198988970588237
0 0.38671875 0.62890625 0.38290005387931036 0.5423491379310345 0.355078125 0.5445312499999999 0.35889682112068966 0.6310883620689655
0 0.43359375 0.6041666666666666 0.412109375 0.6041666666666666 0.412109375 0.6497395833333334 0.43359375 0.6497395833333334
0 0.4236607748101952 0.6989250045191613 0.41304780707700656 0.6720388195950833 0.3570617543383948 0.7113272776572668 0.36767472207158347 0.7382134625813449
0 0.270130724009901 0.7801284034653464 0.2650158570544555 0.7119301773927392 0.23852297339108913 0.7154625618811881 0.24363784034653468 0.7836607879537953
0 0.40688631221719457 0.8719068156108598 0.3432462528280543 0.8317130938914026 0.31230557126696834 0.9188053827300151 0.37594563065610864 0.9589991044494721
0 0.4726455479452055 0.7985623573059362 0.4508026541095891 0.7671982020547945 0.41424443493150687 0.8124607591324201 0.4360873287671233 0.8438249143835618
0 0.4965967465753426 0.8581942066210045 0.4677734375000001 0.8567708333333334 0.46703767123287687 0.8832584189497718 0.49586098030821935 0.8846817922374429
0 0.6836303772807908 0.8115701290336206 0.6785891765395338 0.784235618347694 0.597883933096807 0.8106963539026864 0.6029251338380639 0.8380308645886129
0 0.7172916321286472 0.6711773320070734 0.6884765625000001 0.6640625000000001 0.685186816147215 0.6877486737400531 0.7140018857758621 0.6948635057471265
0 0.8021282327586207 0.3990211925287356 0.7867052801724139 0.3476113505747127 0.7382139008620688 0.37347341954022995 0.7536368534482758 0.4248832614942529