0 0.5432314800126903 0.20282096023688673 0.5223370082487309 0.17867623730964471 0.49546418940355325 0.22001903553299493 0.5163586611675127 0.2441637584602369
0 0.4622656250000001 0.06963541666666677 0.4373828125000001 0.06489583333333343 0.4344531250000001 0.09223958333333343 0.4593359375000001 0.09697916666666677
0 0.4845030737704919 0.13078466530054655 0.46826972336065575 0.11274760928961752 0.45234054815573765 0.13823428961748638 0.4685738985655738 0.15627134562841544
0 0.5479204963235293 0.05818014705882349 0.5377872242647058 0.03694852941176467 0.518072150735294 0.05367647058823526 0.5282054227941175 0.07490808823529409
0 0.48828125 0.06380208333333333 0.4806640625 0.04348958333333333 0.4615234375 0.05625 0.469140625 0.0765625
0 0.47525656434911256 0.03985607741617357 0.46777343750000017 0.01562499999999997 0.45136834319526625 0.0246317184418146 0.45885147004437876 0.0488627958579882
0 0.5103056066176471 0.05493259803921569 0.5089039522058825 0.030637254901960786 0.4872472426470589 0.032858455882352935 0.48864889705882353 0.05715379901960784
0 0.5400318018122677 0.017435331474597356 0.5104735420539035 0.012294764560099213 0.5083062267657994 0.0344495430607188 0.5378644865241636 0.03959010997521694
0 0.372521522505423 0.17861702368040488 0.3523335818872017 0.1274742407809111 0.30355206073752716 0.16170688720173534 0.32374000135574843 0.21284967010122913
0 0.3773053278688525 0.12634477459016397 0.36621093750000006 0.08854166666666667 0.33749039446721313 0.10352629781420768 0.3485847848360656 0.14132940573770497
0 0.6287376876172608 0.18802034474671672 0.6188987746247655 0.16265781347717326 0.5723535705909943 0.19475795419011888 0.5821924835834896 0.22012048545966234
0 0.5097656249999999 0.18880208333333345 0.49971277573529405 0.16773897058823534 0.47443704044117635 0.1891850490196079 0.48448988970588225 0.210248161764706
0 0.428515625 0.24401041666666673 0.41796875 0.2252604166666667 0.399375 0.24385416666666673 0.40992187500000005 0.2626041666666667
0 0.41014122596153857 0.369951923076923 0.39499699519230774 0.34399038461538456 0.3741736778846154 0.36558493589743585 0.3893179086538462 0.39154647435897433
0 0.7104768573113208 0.3543632075471698 0.6756522700471699 0.27078419811320753 0.5814600530660379 0.34055621069182396 0.6162846403301887 0.42413522012578625
0 0.8372059339887639 0.3994294241573034 0.7867055828651685 0.2892468398876406 0.7153660463483147 0.34737535112359563 0.7658663974719101 0.45755793539325845
0 0.5752322635135135 0.49163147522522516 0.5671083192567568 0.42302927927927936 0.5345122466216216 0.42989161036036044 0.5426361908783782 0.4984938063063062
0 0.5507812500000001 0.4752604166666667 0.3869646552037468 0.4653961916036665 0.3855448792005899 0.5073133878873475 0.5493614739968431 0.5171776129503477
0 0.4863281249999999 0.5716145833333334 0.45529159869494273 0.5277983109026645 0.414945070350734 0.5786050502990755 0.4459815966557912 0.6224213227297445
0 0.6330709395336226 0.536071380151844 0.6025390625 0.5234375000000001 0.5960378253796096 0.5513687409616777 0.6265697024132322 0.5640026211135215
0 0.6424632352941178 0.5944393382352942 0.6372931985294118 0.5668658088235294 0.6129365808823529 0.574984681372549 0.6181066176470589 0.6025582107843138
0 0.6767578125 0.5442708333333335 0.6611328125 0.5234375000000001 0.6494140625 0.5390625000000002 0.6650390625 0.5598958333333336
0 0.6745174632352942 0.4846047794117647 0.6650390625 0.4635416666666666 0.6443589154411764 0.48008578431372534 0.6538373161764706 0.5011488970588236
0 0.828125 0.5885416666666669 0.77734375 0.5885416666666669 0.77734375 0.6549479166666669 0.828125 0.6549479166666669
0 0.556640625 0.6861979166666669 0.5078461745689655 0.6583153735632185 0.48006465517241387 0.7447467672413793 0.5288591056034482 0.7726293103448276
0 0.5390625 0.6171875 0.5126953125 0.6171875 0.5126953125 0.6549479166666666 0.5390625 0.6549479166666666
0 0.5010992150238474 0.7161603239268682 0.4830553209459459 0.6550886824324326 0.43110343799682027 0.6823765401430842 0.4491473320747218 0.74344818163752
0 0.5846773330479452 0.9267694063926941 0.5533845248287671 0.8752283105022831 0.47860124143835614 0.9559467751141553 0.5098940496575344 1.0074878710045663
0 0.45196821351931327 0.9328449123748211 0.4462890625 0.9010416666666666 0.42164448095493556 0.9088653433476395 0.42732363197424894 0.9406685890557941
0 0.4794859673566879 0.8452843020169851 0.4716796875 0.8098958333333334 0.4510599124203821 0.8179820196390658 0.4588661922770701 0.8533704883227176
0 0.677734375 0.8229166666666666 0.65234375 0.8229166666666666 0.65234375 0.8671875 0.677734375 0.8671875
0 0.650390625 0.8346354166666666 0.6416015625 0.796875 0.6130969529555315 0.8086700108459869 0.6218860154555315 0.8464304275126537
0 0.6995569740853658 0.7212461890243902 0.6906678734756098 0.6955665650406504 0.6572884908536585 0.7161077235772358 0.6661775914634147 0.7417873475609756
0 0.6616078969594594 0.6965090090090091 0.643871410472973 0.6796171171171171 0.6285631334459459 0.7081925675675678 0.6462996199324325 0.7250844594594597