0 0.3340246330418489 0.9444674877680617 0.27652699972673334 0.8638725145742244 0.244140625 0.9049479166666667 0.3016382583151155 0.985542889860504
0 0.8194942989864865 0.9752252252252253 0.7965002111486488 0.9173141891891893 0.7711940456081082 0.9351773648648648 0.794188133445946 0.9930884009009008
0 0.5906403075108854 0.7924566098209965 0.5696052363026125 0.7594604196903724 0.5229173281023222 0.8123733823173681 0.543952399310595 0.8453695724479923
0 0.5673828125000001 0.5208333333333334 0.5096374035220015 0.5164751892595222 0.5057803628459902 0.6073299251833453 0.5635257718239888 0.6116880692571566
0 0.44736420544164046 0.4628803562039959 0.41270701892744494 0.45733520636172464 0.40788273856466895 0.5109383215036805 0.44253992507886447 0.5164834713459517
0 0.494140625 0.4492187500000001 0.4805163871951219 0.42651168699187 0.45788871951219506 0.4506478658536585 0.47151295731707316 0.4733549288617887
0 0.380859375 0.2968750000000001 0.3515625 0.29687500000000006 0.3515625 0.33463541666666674 0.380859375 0.3346354166666668
0 0.6510810609076434 0.17421377388535042 0.628663664410828 0.1654226380042464 0.6239363554936306 0.18685310509554148 0.646353751990446 0.19564424097664554
0 0.5977084992038215 0.47851811305732483 0.5646907344745221 0.43123341295116785 0.5412407941878981 0.4603436836518048 0.5742585589171973 0.5076283837579618
0 0.6512004573170731 0.5396659044715446 0.6314310213414634 0.5185785060975608 0.6169493140243902 0.5427146849593495 0.63671875 0.5638020833333333
0 0.7971383426966291 0.5674888810861423 0.7842455231741573 0.5399841994382023 0.7368438377808989 0.5794856039325844 0.7497366573033707 0.6069902855805244
0 0.7168590764331209 0.30887572983014855 0.7117585589171973 0.2857533837579618 0.693359375 0.29296875 0.6984598925159234 0.3160910960721868
0 0.7353515625000001 0.3151041666666669 0.7221727715163935 0.30422643442622965 0.7071048924180328 0.3366803278688526 0.7202836834016394 0.34755806010928986