0 0.3551305259146342 0.18630589430894315 0.33042111280487807 0.17416793699187 0.3240186737804879 0.19733866869918706 0.3487280868902439 0.20947662601626021
0 0.5127289870689655 0.12293462643678171 0.4970703125 0.11458333333333341 0.49201912715517243 0.13142061781609202 0.507677801724138 0.13977191091954033
0 0.49639001053370785 0.25219452247191015 0.450660551264045 0.20182584269662926 0.4248924683988764 0.2434164325842697 0.4706219276685394 0.2937851123595506
0 0.19579145103503187 0.3121516719745223 0.17622910031847136 0.30448016188959665 0.17184389928343952 0.32435973991507433 0.19140625000000003 0.33203125
0 0.37890625 0.39973958333333337 0.3633077630090498 0.3768618024132731 0.333317130938914 0.41321408371040735 0.34891561792986425 0.4360918646304677
0 0.47734375000000007 0.3861979166666668 0.39531250000000007 0.34973958333333344 0.36796875000000007 0.45911458333333344 0.45000000000000007 0.4955729166666668
0 0.5679700307377048 0.4853833674863389 0.5261744364754097 0.4236313183060111 0.48075307377049176 0.4782846653005466 0.5225486680327867 0.5400367144808745
0 0.630859375 0.2942708333333334 0.611328125 0.2942708333333334 0.611328125 0.3424479166666668 0.630859375 0.3424479166666668
0 0.697748161764706 0.2585631127450982 0.6366613051470589 0.2522977941176472 0.6310202205882354 0.35007659313725503 0.6921070772058824 0.35634191176470603
0 0.6677787572957199 0.57045942769131 0.637455921692607 0.5246382538910506 0.615234375 0.55078125 0.6455572106031129 0.5966024238002594
0 0.6707835477941176 0.7051164215686275 0.6526884191176471 0.6906403186274511 0.6376953125 0.7239583333333334 0.6557904411764706 0.7384344362745098
0 0.6603064903846154 0.8903245192307693 0.6494140625 0.8177083333333334 0.5667818509615385 0.8397435897435898 0.577674278846154 0.9123597756410255
0 0.47538458440721654 0.7220521907216496 0.403662612757732 0.6852716924398627 0.38901417525773196 0.7360529424398627 0.46073614690721654 0.7728334407216496
0 0.36922461949481866 0.6781681778929189 0.3322893053756476 0.6348904360967185 0.3035874757124352 0.6784380397236615 0.3405227898316062 0.7217157815198618
0 0.39896627286585373 0.6857723577235774 0.3704554115853659 0.6717670223577237 0.3625190548780488 0.7004890752032522 0.3910299161585366 0.7144944105691058
0 0.26926081730769236 0.6442508012820514 0.21801382211538467 0.5911057692307693 0.20202824519230772 0.6185096153846156 0.25327524038461535 0.6716546474358975
0 0.5235426682692308 0.8829927884615384 0.5026292067307694 0.8795072115384616 0.5005709134615386 0.9014623397435898 0.521484375 0.9049479166666666
0 0.5511857433431954 0.7968672953648916 0.5322265625000001 0.7864583333333334 0.5162490754437871 0.8381949580867851 0.5352082562869823 0.8486039201183433
0 0.06250000000000001 0.38671875000000006 0.05339937773522976 0.29638664752005833 -0.002838655634573306 0.30645913110867984 0.006261966630196947 0.39679123358862156