0 0.7031238219993969 0.18528221753116217 0.6164748096351025 0.1321999396863692 0.6084443795235223 0.1555039329513471 0.6950933918878166 0.20858621079614004
0 0.6835937500000002 0.1471354166666667 0.662594833815029 0.1266031430635838 0.6491205292630059 0.15110187861271682 0.6701194454479771 0.17163415221579972
0 0.7129476228112841 0.12638821335927375 0.6980141962548638 0.10382214656290537 0.6766970148346303 0.1289011835278859 0.6916304413910506 0.15146725032425432
0 0.5385982325819673 0.0029030054644809604 0.5146484375 8.141635513917814e-17 0.5126152663934426 0.029819842896174953 0.5365650614754098 0.03272284836065583
0 0.5329075168918919 0.1380419481981982 0.5107421875 0.12239583333333336 0.5007654138513513 0.14752252252252257 0.5229307432432432 0.16316863738738743
0 0.5579379562043796 0.09094624391727486 0.5494554060218978 0.0667103862530413 0.5303162066605839 0.07861922141119221 0.5387987568430657 0.10285507907542576
0 0.551671391039823 0.03818676253687324 0.5276894358407078 0.03605503318584079 0.5263844717920353 0.062154314159292116 0.5503664269911505 0.06428604351032458
0 0.5400189271907216 0.23378436426116841 0.5313607442010309 0.20376932989690727 0.5067553962628866 0.2163874570446736 0.5154135792525774 0.24640249140893475
0 0.47265625 0.20963541666666677 0.4520556419683258 0.20832744155354457 0.45111884898190047 0.23455764517345407 0.47171945701357465 0.23586562028657626
0 0.5139946863852557 0.3861366057273088 0.5130936013674198 0.3368772914189457 0.4485359690844232 0.3389767266151407 0.4494370541022591 0.3882360409235038
0 0.5742187500000001 0.4778645833333334 0.5498046875 0.4453125 0.5273437499999999 0.47526041666666674 0.5517578125 0.5078125000000002
0 0.3967647741336634 0.39175948844884506 0.3831509127475248 0.3769080033003301 0.36914062500000006 0.39973958333333337 0.3827544863861387 0.4145910684818483
0 0.4302139733951386 0.5806362476628234 0.3886012727874727 0.43360470551573704 0.21402147767996257 0.5214435961358679 0.2556341782876285 0.6684751382829542
0 0.42018864329268285 0.5204966971544717 0.4125524009146341 0.4928607723577237 0.39128239329268294 0.5033091971544716 0.3989186356707317 0.5309451219512196
0 0.1066834984756098 0.45547510162601623 0.06273818597560979 0.4489646849593496 0.05645007621951224 0.5244220020325204 0.10039538871951223 0.5309324186991871
0 0.09375 0.12890625000000006 0.0869140625 0.1041666666666667 0.05767911585365855 0.11852769308943092 0.06451505335365854 0.1432672764227643
0 0.2246544471153847 0.7068108974358974 0.20019531250000006 0.6979166666666666 0.19068509615384618 0.7444110576923078 0.21514423076923084 0.7533052884615385
0 0.43937800480769235 0.6411258012820513 0.42570612980769235 0.6137820512820512 0.3912259615384615 0.6444310897435896 0.40489783653846156 0.6717748397435898
0 0.7558769169214599 0.6086855153990702 0.6353702614418115 0.47648412120198746 0.5615831546794381 0.5960570736989618 0.6820898101590864 0.7282584678960444
0 0.6816406249999998 0.47786458333333337 0.6734470274390242 0.4642085873983742 0.6466511051829268 0.49279090447154483 0.6548447027439024 0.5064469004065041
0 0.6007071659482759 0.9537895114942532 0.5747036637931034 0.9128142959770117 0.5495757004310344 0.9411637931034486 0.5755792025862069 0.9821390086206899
0 0.7843817349137929 0.7806214080459772 0.7648168103448276 0.7694414511494254 0.7485519935344829 0.820043103448276 0.7681169181034482 0.8312230603448277
0 0.3671875000000001 0.8645833333333336 0.34332249195278974 0.8450017882689558 0.3175714189914164 0.9007957796852648 0.3414364270386267 0.9203773247496426
0 0.26889780405405406 0.2436303490990991 0.2620090793918919 0.1885205518018018 0.22558593750000006 0.19661458333333334 0.2324746621621622 0.25172438063063063