0 0.654364224137931 0.13043283045977017 0.6463496767241379 0.10371767241379318 0.5928071120689655 0.13227370689655177 0.6008216594827587 0.15898886494252876
0 0.6464871414660057 0.2423424220963173 0.6337890625000001 0.19531250000000003 0.6102049398016998 0.20663287889518417 0.6229030187677054 0.25366280099150146
0 0.6159765625 0.20614583333333336 0.6132421874999999 0.18062500000000004 0.5801562499999999 0.18692708333333338 0.5828906249999999 0.2124479166666667
0 0.521484375 0.1744791666666667 0.486328125 0.1744791666666667 0.486328125 0.2252604166666667 0.521484375 0.2252604166666667
0 0.5576171875 0.20312500000000006 0.5390625 0.1783854166666667 0.5224609375 0.20052083333333345 0.541015625 0.2252604166666668
0 0.4069082354972375 0.19296011740331492 0.3583984374999999 0.15625 0.3453006301795579 0.18701945211786378 0.3938104281767955 0.22372956952117867
0 0.4414062500000001 0.15755208333333348 0.388939426369863 0.11927440068493157 0.37109375 0.1627604166666667 0.42356057363013705 0.20103809931506864
0 0.435546875 0.10807291666666675 0.4091796875 0.0729166666666667 0.3857421875 0.10416666666666664 0.412109375 0.13932291666666669
0 0.29505278150134046 0.18367054848078646 0.27050781249999994 0.16927083333333334 0.2645175309986595 0.1874232015192136 0.2890625 0.2018229166666667
0 0.3585398402149321 0.15389917986425342 0.31362680288461536 0.13251201923076927 0.30079008766968324 0.18043575603318251 0.34570312499999994 0.20182291666666669
0 0.40671684451219514 0.23684578252032512 0.38444645579268294 0.21763211382113815 0.3761671112804878 0.23469258130081297 0.39843750000000006 0.25390624999999994
0 0.4638671875 0.2890625000000001 0.4423828125 0.26041666666666674 0.412109375 0.30078125000000006 0.43359375 0.32942708333333337
0 0.39281017945544555 0.36897947607260734 0.34622524752475253 0.31815955033003307 0.3233388768564357 0.35545585808580865 0.3699238087871287 0.40627578382838286
0 0.24983473557692312 0.4522836538461538 0.23437500000000006 0.42578124999999994 0.216796875 0.4440104166666667 0.2322566105769231 0.47051282051282056
0 0.41155943366040953 0.518602460182025 0.33886385452218437 0.5071992320819113 0.3317912755972697 0.5873551265642776 0.4044868547354949 0.5987583546643914
0 0.34375000000000006 0.4635416666666667 0.32617187500000006 0.4635416666666667 0.3261718750000001 0.50390625 0.3437500000000001 0.50390625
0 0.4203425973360656 0.6642981557377049 0.4046875 0.63046875 0.33946657274590164 0.6841256830601093 0.35512167008196727 0.7179550887978142
0 0.361328125 0.87890625 0.3232421875000001 0.8281250000000001 0.30273437500000006 0.8554687500000002 0.34082031249999994 0.9062500000000001
0 0.5413376266891893 0.7041948198198199 0.46066300675675687 0.6472480292792793 0.4176678631756758 0.7555320945945946 0.49834248310810825 0.8124788851351352
0 0.45751404494382025 0.58358204588015 0.44588307584269665 0.558769311797753 0.4177931882022472 0.5821775514981274 0.4294241573033708 0.6069902855805245
0 0.5996751538212435 0.32611452936096724 0.5889228465025906 0.27163617227979275 0.5344124433290155 0.29076262953367876 0.5451647506476683 0.3452409866148532
0 0.715874191810345 0.2348150143678162 0.6746565193965518 0.23023527298850588 0.6711476293103449 0.28637751436781617 0.712365301724138 0.29095725574712655
0 0.5292968749999999 0.06901041666666673 0.5057904411764704 0.03244485294117657 0.4712086397058822 0.07196691176470592 0.4947150735294117 0.10853247549019608
0 0.7325430542883213 0.3848844282238445 0.6738423813868614 0.3483595650851583 0.6295335310218978 0.47495628041362536 0.6882342039233578 0.5114811435523116
0 0.7106993140243902 0.3578188516260163 0.7061499618902439 0.3032266260162602 0.6829982850609756 0.30665650406504064 0.687547637195122 0.36124872967479676
0 0.5568292519865525 0.5815377954360229 0.5244283886002445 0.5496065097799512 0.5088415915342298 0.5777238691931541 0.5412424549205379 0.6096551548492257
0 0.5872043918918919 0.5302294481981983 0.5724239864864865 0.5026393581081082 0.5336254222972974 0.5395903716216217 0.5484058277027027 0.5671804617117118
0 0.5078125 0.5403645833333333 0.4856261120996441 0.524869328291815 0.478515625 0.54296875 0.5007020129003559 0.5584640050415183
0 0.6573167067307693 0.5177884615384617 0.6439302884615385 0.5129206730769232 0.6348707932692308 0.5572115384615386 0.6482572115384615 0.562079326923077
0 0.5116924009274872 0.4256802452220347 0.4753949067242834 0.4022625070264193 0.4657857293423272 0.4287411291455874 0.502083223545531 0.4521588673412028
0 0.6347656250000001 0.4778645833333334 0.6175781250000001 0.46640625000000013 0.6074218750000001 0.4934895833333334 0.6246093750000001 0.5049479166666668
0 0.7949218749999999 0.6315104166666667 0.7196285164645378 0.5640835284259546 0.6982697723173165 0.6064845908811792 0.7735631308527785 0.6739114791218914
0 0.6654735281368221 0.6961558165195462 0.5667811120744011 0.6360468552963431 0.5282607089375789 0.7484847887767969 0.626953125 0.80859375
0 0.7206341911764705 0.8228094362745096 0.671829044117647 0.7468903186274508 0.6238166360294117 0.8017616421568626 0.6726217830882353 0.8776807598039215
0 0.5729855725364965 0.8415069951338202 0.5532048357664235 0.8291989811435526 0.5427263914233579 0.8591373935523118 0.5625071281934308 0.8714454075425794