0 0.6956475363206722 0.5056443363819361 0.6462083119092421 0.29928931275161913 0.6140612350669525 0.31298158622148325 0.6635004594783827 0.5193366098518002
0 0.5884610922029703 0.2957791872937295 0.568736463490099 0.29314923679868 0.5662128712871287 0.3267971328382839 0.5859375 0.3294270833333334
0 0.5682024846311476 0.2858948087431693 0.5341796875000001 0.25781249999999994 0.5139504354508198 0.3013831967213115 0.5479732325819673 0.32946550546448083
0 0.5 0.2200520833333334 0.4736328125 0.1848958333333334 0.455078125 0.20963541666666677 0.4814453125 0.24479166666666677
0 0.53125 0.2773437500000001 0.494140625 0.22786458333333343 0.474609375 0.2539062500000001 0.51171875 0.3033854166666668
0 0.46816845154494385 0.14941772003745318 0.4482421875000001 0.13281250000000006 0.4358979985955057 0.15914676966292138 0.45582426264044945 0.1757519897003745
0 0.4705078125 0.046093750000000086 0.4560546875 0.03645833333333336 0.4443359375 0.06770833333333333 0.4587890625 0.07734375000000006
0 0.18226498463114757 0.005165642076502771 0.15091892930327871 0.0013661202185792586 0.14638831967213115 0.06781506147540985 0.17773437500000003 0.07161458333333336
0 0.0930559961928934 0.3985035956006768 0.0888671875 0.32031249999999994 0.048545566307106595 0.3241526543993231 0.052734375 0.40234374999999994
0 0.1555659105329949 0.801032413282572 0.14270205425126906 0.7861675126903553 0.1117048699238579 0.8338554885786803 0.12456872620558376 0.8487203891708969
0 0.8378906250000002 0.8294270833333334 0.8194861778846155 0.8245192307692307 0.8162560096153847 0.846053685897436 0.8346604567307694 0.8509615384615385
0 0.999869556633574 0.6549291140192541 0.9789422100631769 0.6369913883874851 0.9546374379512634 0.6874012861010832 0.9755647845216606 0.7053390117328522
0 0.5750844594594595 0.8545326576576577 0.5193412162162161 0.8004786036036038 0.473902027027027 0.8837837837837839 0.5296452702702703 0.9378378378378379
0 0.5722656250000001 0.8111979166666666 0.5580451193820226 0.7993474953183523 0.5482794943820225 0.8201808286516855 0.5625 0.8320312500000001
0 0.57421875 0.7643229166666667 0.5583298141891891 0.7491905968468469 0.5460567989864864 0.7721002252252253 0.5619457347972973 0.7872325450450451
0 0.6234306768558951 0.8059213518922855 0.5976221342794759 0.7796067594614267 0.5796602074235807 0.8109249909024747 0.60546875 0.8372395833333336
0 0.6822415865384615 0.8347355769230771 0.6299579326923076 0.788261217948718 0.5880408653846153 0.8720953525641025 0.6403245192307692 0.9185697115384617
0 0.4560546875 0.6093750000000002 0.4345703125 0.5807291666666669 0.4160156250000001 0.6054687500000002 0.4375000000000001 0.6341145833333336
0 0.4726562499999999 0.6158854166666666 0.4482421875 0.5989583333333334 0.4393522709382872 0.6217529911838791 0.46376633343828716 0.6386800745172124
0 0.4882812499999999 0.5559895833333335 0.45790522680763973 0.5090080007958164 0.43727351210777615 0.5327226153933607 0.4676495353001363 0.5797041979308778
0 0.5672547387295083 0.5580174180327869 0.5574731045081968 0.41455344945355194 0.5146804559426229 0.4197404371584699 0.5244620901639344 0.563204405737705
0 0.5340971776931202 0.4268805949507141 0.5040099766143633 0.29709266872862605 0.41474025912794205 0.3338826129048481 0.4448274602066989 0.46367053912693623
0 0.448046875 0.29244791666666664 0.4388671875 0.26796875 0.4123046875 0.28567708333333336 0.421484375 0.31015625
0 0.34765625 0.26562500000000006 0.333984375 0.26562500000000006 0.333984375 0.2955729166666667 0.34765625 0.2955729166666667
0 0.3040647110849057 0.34288030660377367 0.2884986733490566 0.32385514937106924 0.2637308372641509 0.3598810927672957 0.279296875 0.3789062500000001
0 0.3359375000000001 0.3502604166666668 0.322265625 0.33203125 0.30859374999999994 0.35026041666666674 0.32226562500000006 0.36848958333333354
0 0.28515625000000006 0.2330729166666667 0.255859375 0.19401041666666666 0.23437499999999994 0.22265625000000003 0.263671875 0.2617187500000001
0 0.35883360193392433 0.26972535589578306 0.3475271958098308 0.13781728444802577 0.2568587580580177 0.15163342734354016 0.26816516418211117 0.2835414987912974
0 0.37973257211538464 0.48798076923076933 0.30724158653846156 0.46864983974358976 0.29402043269230765 0.5567908653846153 0.3665114182692307 0.5761217948717949
0 0.225740596719457 0.5163496889140272 0.2060546875 0.4609375000000001 0.1612211891968326 0.48925339366515846 0.18090709841628957 0.5446655825791855
0 0.386571015564391 0.665967642875614 0.3107961295093096 0.6025282033876389 0.2611709961695113 0.7079050297388157 0.33694588222459265 0.7713444692267909
0 0.37500000000000006 0.61328125 0.3541379938471504 0.6059612478411054 0.3496093750000001 0.6289062500000001 0.3704713811528498 0.6362262521588947
0 0.678406762295082 0.19605959699453548 0.6770779969262295 0.1765710382513661 0.659820056352459 0.17866290983606556 0.6611488217213115 0.1981514685792349
0 0.8714101385746605 0.3341098699095024 0.8202833356900452 0.2958686840120665 0.7493840144230769 0.464383012820513 0.8005108173076924 0.5026241987179488
0 0.7832377958579883 0.7090036365877711 0.7447600776627219 0.6643198348126231 0.7103111131656805 0.7170565212031558 0.7487888313609468 0.7617403229783036
0 0.8011959546232876 0.7220498002283107 0.7789356806506851 0.7109196632420094 0.7702268835616439 0.7418842751141554 0.7924871575342466 0.7530144121004567