0 0.27734375 0.13281250000000003 0.2488431490384615 0.11109775641025642 0.2371243990384615 0.13844150641025646 0.265625 0.16015625000000006
0 0.712717782079646 0.22350894174041308 0.6385681692477877 0.21691786504424787 0.6315853152654868 0.35657494469026557 0.7057349280973451 0.3631660213864308
0 0.41641152871621623 0.15698902027027034 0.3896484375 0.15104166666666677 0.38370988175675674 0.19855011261261268 0.41047297297297297 0.20449746621621628
0 0.248046875 0.28515625 0.23632812500000006 0.26953125000000006 0.21972656250000006 0.29166666666666674 0.2314453125 0.3072916666666667
0 0.26562500000000006 0.30859375000000006 0.25195312500000006 0.29036458333333337 0.23828125000000006 0.30859375000000006 0.25195312500000006 0.32682291666666674
0 0.2856203589108911 0.2757193688118812 0.2714747060643564 0.26028774752475253 0.2560720915841584 0.2853883044554456 0.270217744430693 0.30081992574257427
0 0.22766804245283018 0.2564612814465409 0.21158239976415097 0.24454599056603776 0.2007112323113208 0.27063679245283023 0.216796875 0.2825520833333333
0 0.26518841911764707 0.2525888480392157 0.25052849264705884 0.24015012254901966 0.2387867647058824 0.26475183823529413 0.2534466911764706 0.2771905637254902
0 0.2527708693771626 0.5870052984429067 0.2153303416955017 0.4934039792387544 0.16753284493944634 0.5273933102652826 0.20497337262110724 0.620994629469435
0 0.3799012382075471 0.6817266116352202 0.3354952830188679 0.4744988207547171 0.30325029481132076 0.48678262578616366 0.34765625 0.6940104166666667
0 0.5895179659067933 0.6326134755357867 0.5346203845279013 0.505041953093409 0.4559480672513141 0.5652284253268637 0.5108456486302062 0.6927999477692415
0 0.5625 0.44921875000000017 0.5292968749999999 0.40494791666666674 0.5097656249999999 0.43098958333333337 0.54296875 0.47526041666666685
0 0.5870680433091285 0.39050613762102354 0.568347218620332 0.347391511065007 0.5454810684647302 0.3650425743430153 0.5642018931535269 0.40815720089903185
0 0.55078125 0.3841145833333333 0.5419921875 0.3515625 0.5238718351628895 0.360260269121813 0.5326608976628895 0.39281235245514634
0 0.6510780967960289 0.42478941034897716 0.6455078125000001 0.390625 0.6245875169223827 0.39668885379061375 0.6301578012184115 0.4308532641395909
0 0.6445312500000001 0.36848958333333337 0.6259765625000001 0.35416666666666674 0.618399085840249 0.3716178250345783 0.636953773340249 0.385940741701245
0 0.8317578125000002 0.4388541666666669 0.794852764423077 0.4153205128205129 0.7661298076923078 0.49539663461538475 0.8030348557692308 0.5189302884615387
0 0.6974609375 0.6229166666666667 0.678125 0.6143229166666667 0.673828125 0.6315104166666666 0.6931640625 0.6401041666666667
0 0.7417183472938145 0.6190506872852235 0.727454494201031 0.6016859965635741 0.7039445070876289 0.6360180412371136 0.7182083601804125 0.6533827319587631
0 0.66015625 0.7747395833333336 0.6456588273195878 0.7661485180412374 0.6367187500000001 0.7929687500000002 0.6512161726804123 0.8015598152920963
0 0.6816889696782178 0.8066470709570959 0.6708984374999999 0.7890625000000001 0.6532429610148515 0.8083230198019803 0.6640334931930693 0.825907590759076
0 0.697265625 0.8190104166666667 0.6831699587264152 0.8085691823899374 0.6713775058962265 0.8368710691823902 0.6854731721698113 0.8473123034591197
0 0.6992187500000001 0.7695312500000001 0.6819852941176472 0.7557444852941179 0.6714728860294119 0.779105392156863 0.6887063419117647 0.7928921568627452
0 0.681204044117647 0.7473805147058824 0.666544117647059 0.7349417892156863 0.6545611213235295 0.7600490196078432 0.6692210477941176 0.7724877450980394
0 0.702390160891089 0.7272457714521453 0.6890760365099009 0.7055486798679869 0.6714205600247525 0.724809199669967 0.6847346844059405 0.7465062912541255
0 0.7177734375000001 0.7942708333333337 0.7060546875000001 0.7786458333333337 0.6914062500000002 0.7981770833333336 0.7031250000000002 0.8138020833333336
0 0.720703125 0.7434895833333336 0.7080078125 0.7265625000000002 0.69140625 0.7486979166666669 0.7041015625 0.7656250000000002
0 0.7267308728448276 0.6991289511494254 0.712830010775862 0.6975844109195404 0.7107085129310345 0.7315283764367817 0.724609375 0.7330729166666667
0 0.7710941461713996 0.7496566514536852 0.7415298554766735 0.7196981702163626 0.7243677104462475 0.749807196585531 0.7539320011409736 0.7797656778228536
0 0.573914574795082 0.9226220969945356 0.5569127817622951 0.9037312158469946 0.5394627305327869 0.9316512978142076 0.5564645235655739 0.9505421789617486
0 0.5859375 0.8997395833333334 0.5690227004716982 0.8872101022012581 0.5592570754716982 0.9106476022012582 0.576171875 0.9231770833333335
0 0.5498046875000001 0.7734375000000002 0.5214843750000001 0.7356770833333336 0.5009765625 0.7630208333333336 0.529296875 0.8007812500000002
0 0.5917578125000003 0.6839583333333334 0.5666015625000002 0.6791666666666668 0.5628906250000002 0.7138020833333336 0.5880468750000002 0.7185937500000003
0 0.5154582698170731 0.7284679878048781 0.5122189405487805 0.689596036585366 0.4856373856707316 0.6935340447154472 0.4888767149390243 0.7324059959349594
0 0.44456571691176483 0.6589307598039217 0.42342601102941185 0.6518841911764708 0.41561351102941185 0.6935508578431373 0.43675321691176483 0.7005974264705884
0 0.53515625 0.7356770833333336 0.5175781249999999 0.7122395833333335 0.4999999999999999 0.7356770833333335 0.517578125 0.7591145833333336
0 0.44959036227876104 0.2274843289085546 0.44856194690265483 0.20691602138643064 0.42522815265486724 0.20899013643067843 0.42625656803097345 0.2295584439528024
0 0.8375183823529412 0.08292279411764726 0.8278998161764705 0.06713848039215696 0.7910983455882352 0.10700674019607852 0.8007169117647059 0.1227910539215688
0 0.6529886497641509 0.10392099056603783 0.6357421875 0.0911458333333334 0.6233048349056604 0.12099547955974851 0.6405512971698113 0.13377063679245296
0 0.44171849510603584 0.051834811718325234 0.4063487714110929 0.0019010841489940588 0.34360662214518756 0.08090971655791195 0.37897634584013046 0.1308434441272431
0 0.35546875 0.4674479166666668 0.34277343750000006 0.45052083333333354 0.32812500000000006 0.47005208333333354 0.3408203125 0.4869791666666668
0 0.5691540948275862 0.8296426005747127 0.5498046875 0.8281250000000001 0.5486462823275862 0.854382183908046 0.5679956896551724 0.8558997844827586