0 0.63671875 0.0312500000000001 0.564453125 0.03125000000000009 0.564453125 0.13281250000000008 0.63671875 0.1328125000000001
0 0.7534762041284404 0.2037342316513761 0.7351634174311927 0.1583882836391437 0.7109375000000001 0.17578124999999994 0.7292502866972479 0.22112719801223235
0 0.529457476790451 0.21317556366047757 0.42186981929708234 0.18297551945181265 0.40397567141909824 0.2963051226790452 0.5115633289124669 0.3265051668877101
0 0.5078125 0.14453125000000003 0.48694722877358493 0.1254962657232705 0.47487470518867925 0.14902220911949693 0.4957399764150943 0.16805719339622646
0 0.3851937071917808 0.23068279109589043 0.3785049229452055 0.21106235730593614 0.2975706335616438 0.260113441780822 0.30425941780821913 0.2797338755707763
0 0.35147838731751824 0.5778816909975668 0.347536496350365 0.3834150699513382 0.2541186701642336 0.38678147810218977 0.2580605611313868 0.5812480991484185
0 0.558250762195122 0.17026168699187 0.5297637195121951 0.1527311991869919 0.5104420731707318 0.2085492886178862 0.5389291158536585 0.2260797764227643
0 0.5516794023722628 0.33459739963503654 0.5439453125 0.3124999999999999 0.5233091925182481 0.3253402524330899 0.531043282390511 0.34743765206812655
0 0.6024218749999999 0.30880208333333337 0.5986328124999998 0.2734375 0.5860546874999999 0.2758333333333333 0.5898437499999999 0.31119791666666674
0 0.642578125 0.2565104166666668 0.6181640625 0.23958333333333345 0.612376023299748 0.2544244594878255 0.636790085799748 0.2713515428211588
0 0.6037454044117647 0.3488817401960785 0.5847886029411764 0.33371629901960786 0.567727481617647 0.3716299019607843 0.5866842830882353 0.38679534313725494
0 0.498046875 0.3489583333333334 0.435546875 0.3489583333333334 0.435546875 0.3789062500000001 0.498046875 0.3789062500000001
0 0.4899009146341463 0.3386369410569107 0.4667492378048779 0.30005081300813014 0.4487661966463413 0.3192327235772358 0.4719178734756097 0.3578188516260164
0 0.42610922759433967 0.3837558962264152 0.4248046875 0.34375 0.38013708726415096 0.3463394261006289 0.3814416273584905 0.38634532232704405
0 0.6769171875 0.3850291666666669 0.6240234374999999 0.3463541666666669 0.6039687499999999 0.39511458333333355 0.6568624999999999 0.4337895833333336
0 0.6672609661697249 0.51182626146789 0.6554705418577982 0.4826309250764526 0.6343893348623854 0.49776615061162083 0.646179759174312 0.5269614870030582
0 0.7023437500000002 0.5200520833333334 0.6810546875000001 0.4632812499999999 0.6599609375 0.47734375 0.6812500000000001 0.5341145833333335
0 0.7510821368243243 0.4643862612612613 0.7270639780405406 0.44151182432432445 0.7110958614864864 0.47131897522522537 0.7351140202702702 0.4941934121621622
0 0.6349609375 0.48489583333333347 0.5171875000000001 0.43255208333333345 0.4816406250000001 0.5747395833333335 0.5994140625000001 0.6270833333333335
0 0.6720069679054055 0.5887880067567569 0.6492029138513514 0.5837204391891894 0.641258445945946 0.6472761824324327 0.6640625000000002 0.6523437500000002
0 0.45802124263261296 0.44513087344466284 0.4282869290275049 0.4201687336280289 0.381972157416503 0.5182470735101508 0.411706471021611 0.5432092133267846
0 0.4328425480769232 0.44941907051282054 0.4263070913461539 0.405849358974359 0.3849909855769231 0.4168669871794872 0.39152644230769235 0.4604366987179488
0 0.44554227941176466 0.5389859068627452 0.42428768382352944 0.5219822303921569 0.3992991727941177 0.5775122549019609 0.4205537683823529 0.594515931372549
0 0.4736328125000001 0.5000000000000001 0.4589843750000001 0.4804687500000001 0.435546875 0.5117187500000002 0.4501953125 0.5312500000000002
0 0.22158299814356433 0.540351691419142 0.2138671875 0.49479166666666663 0.198160968440594 0.49952042079207915 0.20587677908415838 0.5450804455445545
0 0.21667668269230775 0.7187700320512822 0.20139723557692318 0.7029246794871795 0.19130108173076932 0.720232371794872 0.2065805288461539 0.7360777243589745
0 0.2913006756756757 0.725978322072072 0.2822265625 0.703125 0.26490709459459455 0.7153505067567567 0.27398120777027024 0.7382038288288287
0 0.4967141544117647 0.5740349264705883 0.48420266544117646 0.563419117647059 0.46779641544117645 0.5977941176470589 0.4803079044117647 0.6084099264705883
0 0.74609375 0.67578125 0.7402612528669724 0.6498590405198776 0.7124874569954127 0.6609685588685016 0.7183199541284402 0.6868907683486238
0 0.6146994426751592 0.7677896098726116 0.5741316679936306 0.6686239384288749 0.5336260947452229 0.6980825371549896 0.5741938694267514 0.7972482085987261
0 0.6428342725409836 0.6707223360655739 0.626584912909836 0.6447233606557375 0.6072777920081966 0.6661757172131146 0.6235271516393442 0.6921746926229508
0 0.8456257735148514 0.7288959364686467 0.821956219059406 0.6903233292079207 0.7927076887376238 0.7222308168316831 0.8163772431930691 0.7608034240924091
0 0.5061639908256881 0.8272051796636084 0.4970703125000001 0.8046875 0.4751738102064221 0.8204080657492355 0.48426748853211016 0.8429257454128439
0 0.49023437500000017 0.9791666666666666 0.45312500000000017 0.9791666666666666 0.45312500000000017 0.9986979166666666 0.49023437500000017 0.9986979166666666
0 0.35562499999999997 0.7657812500000001 0.3527734374999999 0.7391666666666666 0.33007812499999994 0.7434895833333334 0.33292968749999996 0.7701041666666667