0 0.2538311298076923 0.31690705128205127 0.2470703125 0.28385416666666674 0.20955528846153842 0.29749599358974366 0.21631610576923074 0.33054887820512824
0 0.6795973557692307 0.08549679487179501 0.6630859375 0.07291666666666678 0.6534104567307693 0.09549278846153857 0.669921875 0.10807291666666678
0 0.9482421875000002 0.23697916666666685 0.9238369626696835 0.2354296285822023 0.9228604001696835 0.2627733785822023 0.9472656250000002 0.26432291666666685
0 0.9222265625 0.35218750000000015 0.8779296875000002 0.3437500000000001 0.8686718750000001 0.4301562500000002 0.9129687499999999 0.43859375000000017
0 0.760008574695122 0.47286585365853645 0.7366854039634146 0.4527439024390242 0.7236375762195122 0.47963033536585353 0.7469607469512195 0.4997522865853658
0 0.78515625 0.33463541666666685 0.7685546875 0.31250000000000017 0.7529296875 0.33333333333333354 0.76953125 0.35546875000000017
0 0.703125 0.37109375000000017 0.6728515625 0.33072916666666685 0.6142578125 0.4088541666666668 0.64453125 0.4492187500000001
0 0.4521484375 0.23697916666666682 0.4384765625 0.21875000000000003 0.416015625 0.24869791666666669 0.4296875 0.2669270833333334
0 0.49371683372641517 0.2955974842767296 0.4823850235849057 0.2684011399371069 0.4404296875 0.29947916666666663 0.45176149764150947 0.32667551100628933
0 0.5859375 0.1796875000000001 0.568359375 0.1796875000000001 0.568359375 0.22005208333333345 0.5859375 0.22005208333333345
0 0.42421875 0.3734375 0.4111328125 0.3385416666666667 0.3560546875 0.3752604166666667 0.36914062500000006 0.41015625000000006
0 0.3138671875 0.4117187500000001 0.2935546875 0.39817708333333346 0.28125000000000006 0.43098958333333337 0.3015625 0.44453125
0 0.21920604752444994 0.4442969386715567 0.15244642038508563 0.4309450132436838 0.14137234489608805 0.5293812398125509 0.20813197203545236 0.5427331652404238
0 0.299579326923077 0.5249399038461539 0.2732872596153847 0.5179286858974359 0.26472355769230776 0.575020032051282 0.2910156250000001 0.58203125
0 0.2662109375 0.6083333333333333 0.2416015625 0.5973958333333333 0.23164062500000004 0.6372395833333333 0.25625000000000003 0.6481770833333333
0 0.38061879694206013 0.5587569295422031 0.2944901756974249 0.548624150572246 0.2851176904506438 0.6902528165236052 0.371246311695279 0.7003855954935623
0 0.4296875 0.5885416666666666 0.3779296875000001 0.5885416666666666 0.3779296875000001 0.6497395833333334 0.4296875 0.6497395833333334
0 0.39135422352620086 0.5248703602620088 0.3695329557860263 0.5026212245269288 0.3575583378820961 0.5235000454876276 0.3793796056222707 0.5457491812227075
0 0.3515625 0.4596354166666667 0.347265625 0.44244791666666666 0.32265625 0.45338541666666665 0.326953125 0.4705729166666667
0 0.40625 0.45442708333333337 0.3963001179245283 0.4305473663522012 0.367942954009434 0.4515526729559748 0.3778928360849057 0.47543238993710696
0 0.5912606123554912 0.46102781791907527 0.5181764812138728 0.3281475794797689 0.426729588150289 0.417562319364162 0.49981371929190743 0.5504425578034683
0 0.494140625 0.3346354166666668 0.48046875 0.3164062500000001 0.4638671875 0.3385416666666668 0.4775390625 0.3567708333333334
0 0.5958999011240633 0.31624145677213433 0.5954380464196503 0.2860669494171523 0.5329640664029974 0.28776692166250345 0.5334259211074105 0.31794142901748546
0 0.6205632405646576 0.8306455102886677 0.5999723431100058 0.718170500536376 0.4578497568022236 0.764425620489565 0.47844065425687543 0.8769006302418567
0 0.5877854567307693 0.6120592948717949 0.5387019230769232 0.5942107371794872 0.5323467548076926 0.6252804487179487 0.5814302884615385 0.6431290064102565
0 0.5543694649349004 0.6353726327358811 0.4726562500000001 0.6106770833333334 0.4667892791469395 0.6451886765866308 0.5485024940818397 0.6698842259891784
0 0.5394899764150943 0.5998280267295598 0.5180645636792452 0.5802820361635221 0.5065190153301887 0.6027810534591196 0.5279444280660377 0.6223270440251573
0 0.4476000121595331 0.7193731760700389 0.4444499331225681 0.6521714899481194 0.4134431237840467 0.6547553907263295 0.41659320282101164 0.721957076848249
0 0.5 0.6432291666666666 0.455078125 0.6432291666666666 0.455078125 0.6940104166666666 0.5 0.6940104166666666
0 0.389736763535032 0.838629578025478 0.34027418391719755 0.7438263004246285 0.3221337579617835 0.760652202760085 0.37159633757961796 0.8554554803609344
0 0.7300646551724137 0.7760865660919541 0.7138671875 0.7578125000000001 0.7024582435344827 0.7757902298850576 0.7186557112068965 0.7940642959770117
0 0.602097602739726 0.9091217180365299 0.5950743792808219 0.8885202625570777 0.575650149828767 0.9002925228310503 0.5826733732876711 0.9208939783105023
0 0.6270695957568808 0.059812213302752416 0.5897989535550459 0.04490395642201843 0.5827300745412844 0.0763211964831805 0.6200007167431194 0.09122945336391448