0 0.4965577520718232 0.01949528084714558 0.4635866281077347 -0.02935082872928175 0.3910728159530386 0.05766574585635362 0.4240439399171271 0.10651185543278094
0 0.5567758413461539 0.054026442307692275 0.5458984375 0.028645833333333273 0.5197115384615384 0.04859775641025639 0.5305889423076923 0.07397836538461539
0 0.534646304394198 0.1381008248009101 0.5041862201365188 0.10603757821387937 0.4871880332764505 0.13474562713310573 0.5176481175341296 0.16680887372013647
0 0.33150540865384615 0.16967147435897437 0.3232421875 0.11458333333333333 0.2916917067307693 0.12299679487179488 0.2999549278846154 0.17808493589743588
0 0.5547015947164948 0.22484697164948464 0.4240234375 0.2169270833333334 0.42100918170103097 0.3053452534364262 0.5516873389175257 0.3132651417525774
0 0.48628216911764693 0.3479319852941176 0.4718864889705882 0.3177696078431373 0.4506548713235293 0.3357843137254902 0.46505055147058816 0.36594669117647055
0 0.33034012957317077 0.2702934451219513 0.3167158917682927 0.24758638211382114 0.288014481707317 0.2782012195121951 0.3016387195121951 0.30090828252032525
0 0.35937499999999994 0.29296875000000006 0.34590069544797686 0.2684700144508671 0.32591785585260113 0.2880087909441234 0.3393921604046242 0.3125075264932563
0 0.23730468750000006 0.3802083333333334 0.20996093750000006 0.3437500000000001 0.16308593750000006 0.4062500000000001 0.19042968750000006 0.4427083333333334
0 0.39146427387267907 0.41135126547303275 0.36644147877984085 0.360193551061008 0.33784399867374004 0.38506092506631295 0.36286679376657827 0.4362186394783378
0 0.3492095742449665 0.4452950223713647 0.32614565855704697 0.4398682186800895 0.3230193477348993 0.46348923378076073 0.3460832634228189 0.4689160374720359
0 0.4043887867647058 0.4369485294117647 0.37336856617647063 0.4277573529411765 0.36854319852941175 0.4567095588235295 0.39956341911764703 0.46590073529411763
0 0.29037017167381973 0.654718794706724 0.23731893776824037 0.5407568848354793 0.17032255901287555 0.5962021638054364 0.22337379291845494 0.7101640736766811
0 0.4301037397540983 0.6293118169398907 0.38807953381147536 0.5620730874316939 0.30470350922131145 0.6547131147540983 0.3467277151639344 0.721951844262295
0 0.5320144019568691 0.7531657681043665 0.5120962709664537 0.7243951344515444 0.47559217751597443 0.7693232494675187 0.4955103085063898 0.7980938831203409
0 0.5812507328799249 0.9496682496873046 0.5688998739446529 0.8979122693871172 0.49110466991088175 0.9309162953408383 0.5034555288461539 0.9826722756410257
0 0.5355583639705881 0.9067095588235293 0.5259076286764706 0.885263480392157 0.505514705882353 0.9015778186274511 0.5151654411764707 0.9230238970588235
0 0.5919850200688073 0.8976012996941897 0.5840829271788991 0.8780342125382262 0.5649817230504587 0.8917478975535167 0.572883815940367 0.91131498470948
0 0.6582031250000001 0.8841145833333335 0.6425781250000001 0.8632812500000001 0.6259765625 0.8854166666666669 0.6416015625 0.9062500000000002
0 0.6946025757252559 0.8589572667804323 0.6710550874573379 0.8191881754835041 0.6519937873293515 0.8392527019340161 0.6755412755972695 0.8790217932309442
0 0.724732200386598 0.924782538659794 0.665284713273196 0.9211796606529211 0.6638510792525775 0.963232925257732 0.7232985663659794 0.9668358032646048
0 0.6923626771907216 0.8197218642611686 0.6865234375 0.7994791666666669 0.6663679929123711 0.8098152920962202 0.6722072326030928 0.8300579896907219
0 0.6800781250000001 0.7901041666666668 0.6728515625 0.7708333333333334 0.6537109375 0.78359375 0.6609375 0.8028645833333334
0 0.759765625 0.8710937500000001 0.7511268028846154 0.8135016025641026 0.701171875 0.8268229166666666 0.7098106971153846 0.8844150641025642
0 0.7182749155405407 0.7941652590090091 0.7087732263513514 0.7764287725225227 0.6914062500000001 0.7929687500000001 0.7009079391891893 0.8107052364864865
0 0.7050781250000002 0.76953125 0.6982421875000002 0.7473958333333334 0.6758448132396451 0.7596924309664695 0.6826807507396451 0.7818278476331363
0 0.62890625 0.5520833333333334 0.60546875 0.5520833333333334 0.60546875 0.6080729166666666 0.62890625 0.6080729166666666
0 0.5797265625 0.37953125000000004 0.5384765624999999 0.33828125000000014 0.5039062499999999 0.3997395833333334 0.54515625 0.4409895833333334
0 0.6137872793489608 0.49444479868558405 0.612291897747224 0.45314378301856945 0.449806893268957 0.46360258790452685 0.45130227487069374 0.5049036035715415
0 0.4707994434931507 0.5363762842465754 0.4442797517123287 0.5077518550228312 0.42772367294520547 0.5350206906392695 0.4542433647260274 0.5636451198630137
0 0.23925781250000008 0.7578125000000002 0.22363281250000008 0.7369791666666669 0.20996093750000008 0.7552083333333335 0.22558593750000008 0.7760416666666667