0 0.6415709732282695 0.13742128360741337 0.587095303935004 0.10029712379274353 0.5566314482184809 0.17976805174889068 0.6111071175117464 0.21689221156356053
0 0.4303092746559633 0.2781106651376148 0.41403562213302747 0.24727637614678907 0.3117115825688073 0.3432841169724771 0.3279852350917431 0.37411840596330287
0 0.3835363051470588 0.42990196078431364 0.36986443014705883 0.4012561274509805 0.337890625 0.4283854166666668 0.3515624999999999 0.45703124999999994
0 0.41542672413793114 0.43767133620689663 0.3662109375 0.3385416666666667 0.34859482758620686 0.35409015804597704 0.397810614224138 0.453219827586207
0 0.30586291006787336 0.5098569475867271 0.28546114960407243 0.49697162518853705 0.274842689479638 0.5268606240573154 0.29524444994343896 0.5397459464555054
0 0.4120156249999999 0.6946979166666666 0.355765625 0.5863645833333333 0.28974999999999995 0.6473020833333333 0.346 0.7556354166666667
0 0.49279314261869445 0.46716972675568763 0.4678487806008901 0.4484614552423344 0.44575876298219586 0.500822978486647 0.470703125 0.5195312500000001
0 0.6061472495837957 0.5193520509618943 0.5745850964206437 0.4950734716056235 0.5371104588651499 0.5816815228449871 0.5686726120283019 0.605960102201258
0 0.5769237417035398 0.7116519174041297 0.5716174640486725 0.6055263643067846 0.5262461974557522 0.6095593657817109 0.5315524751106194 0.7156849188790559
0 0.7067455512625163 0.750282864424612 0.6602901712831954 0.6068416911551301 0.6128879890890291 0.6341338566608621 0.65934336906835 0.7775750299303442
0 0.6896484374999999 0.6645833333333333 0.675 0.6580729166666667 0.669921875 0.6783854166666666 0.6845703124999999 0.6848958333333334
0 0.7900390625 0.5260416666666667 0.7548828125 0.4791666666666667 0.7148437499999999 0.5325520833333334 0.75 0.5794270833333336
0 0.8080394847972971 0.6440033783783785 0.7726456925675674 0.5548634572072072 0.7022909628378378 0.6045256193693693 0.7376847550675676 0.6936655405405407
0 0.8104495881935687 0.7520787358133669 0.7654698337011349 0.6777122083858764 0.7075952671815888 0.7399429250735603 0.7525750216740226 0.8143094525010509
0 0.7719858347750865 0.6680822880622839 0.706043874351211 0.6531520328719724 0.6986598453719723 0.7111303344867359 0.7646018057958478 0.7260605896770473
0 0.874406382837407 0.583284903028693 0.8640741232731136 0.5550071400106271 0.8074916146386822 0.591761590063762 0.8178238742029755 0.6200393530818279
0 0.8029744664634146 0.39435848577235777 0.8005478277439024 0.2908219004065041 0.7503649009146343 0.2929128556910569 0.7527915396341464 0.3964494410569106