0 0.6886432926829269 0.2844575711382113 0.5928401295731708 0.20180386178861773 0.5733993902439025 0.24186356707317055 0.6692025533536585 0.3245172764227641
0 0.609375 0.2643229166666668 0.5927734375 0.2421875000000001 0.5302734375 0.3255208333333334 0.546875 0.3476562500000001
0 0.5629087467783506 0.28021907216494857 0.5380859375 0.2500000000000001 0.5205380154639175 0.2756255369415809 0.5453608247422681 0.30584460910652933
0 0.47578798491379315 0.1946839080459771 0.45292295258620685 0.18161817528735638 0.4421134159482758 0.21524784482758627 0.4649784482758621 0.228313577586207
0 0.42837742629402353 0.3021653215048025 0.355813725653682 0.22557030416221985 0.2906247915554963 0.33536219316969057 0.3631884921958378 0.41195721051227324
0 0.555099627293578 0.4388976490825688 0.5476275802752293 0.40568855122324154 0.5030999139908257 0.423499617737003 0.5105719610091742 0.45670871559633025
0 0.8392118566176471 0.48644301470588247 0.7702780330882352 0.46346507352941185 0.7571231617647058 0.533624387254902 0.8260569852941178 0.5566023284313727
0 0.542578125 0.5705729166666668 0.4757812500000001 0.5408854166666668 0.4648437500000001 0.5846354166666667 0.531640625 0.6143229166666668
0 0.46378061154688066 0.5896394830049861 0.45079956277362265 0.5311217393287121 0.37384957303447647 0.5614682141554177 0.3868306218077344 0.6199859578316916
0 0.4884261933110605 0.7064329654772059 0.454328140549474 0.6506751433513412 0.36208227448820024 0.7509629567102645 0.3961803272497867 0.8067207788361291
0 0.5735245239592863 0.9547260978956998 0.5328091048147301 0.8934340690759378 0.5141713246225984 0.915444399969503 0.5548867437671545 0.9767364287892649
0 0.606675564502013 0.8403948505601261 0.5749607870755297 0.7183684688429898 0.36441866412130236 0.8156486576667252 0.3961334415477858 0.9376750393838615
0 0.6353251409151194 0.725398568744474 0.6078389215848807 0.7186118479221927 0.6042512848143237 0.7444428326702034 0.6317375041445624 0.7512295534924845
0 0.7518621282860488 0.8035569039562727 0.7386874308628318 0.7490090339233039 0.6617545386517438 0.7820423661721326 0.6749292360749608 0.8365902362051014
0 0.5826621266592921 0.45222621681415937 0.5632172981194691 0.4504977876106196 0.5622925884955753 0.46899198008849563 0.5817374170353983 0.47072040929203546