0 0.5606670673076921 0.22033253205128212 0.5127704326923077 0.10857371794871801 0.440625 0.16354166666666667 0.4885216346153845 0.2753004807692308
0 0.5338833512931035 0.27234195402298855 0.5082367995689656 0.270330459770115 0.5071861530172413 0.29414511494252876 0.5328327047413792 0.2961566091954024
0 0.5612614329268293 0.28439405487804886 0.5400390625 0.2812500000000001 0.5373713795731707 0.31326219512195136 0.5585937500000001 0.3164062500000001
0 0.7207605698529411 0.12599571078431387 0.6718175551470589 0.10968137254901973 0.6589499080882353 0.17830882352941183 0.7078929227941176 0.19462316176470598
0 0.3848975929054054 0.12394425675675678 0.3642578125 0.10937500000000006 0.35594383445945943 0.1303139076576577 0.3765836148648648 0.14488316441441446
0 0.2913161057692307 0.42898637820512825 0.27283653846153844 0.39202724358974356 0.24849759615384612 0.4136618589743589 0.26697716346153844 0.45062099358974356
0 0.33087555473372793 0.40385385848126243 0.3111305011094675 0.3930134368836292 0.3049013036242604 0.41318417159763315 0.3246463572485208 0.4240245931952663
0 0.7903588219026548 0.4962089786135694 0.7744140625000001 0.49479166666666674 0.7731177405973452 0.5207181047197641 0.7890624999999999 0.5221354166666667
0 0.78515625 0.4557291666666668 0.765625 0.4557291666666668 0.765625 0.4856770833333334 0.78515625 0.4856770833333334
0 0.7797719594594594 0.44520692567567566 0.7761032516891893 0.41585726351351354 0.7586834881756757 0.41972832207207217 0.7623521959459459 0.4490779842342343
0 0.817732900943396 0.5153056210691824 0.8109153891509431 0.4834905660377358 0.7926002358490564 0.49046776729559743 0.7994177476415093 0.522282822327044
0 0.8089543269230768 0.4765024038461537 0.8062650240384615 0.4478165064102565 0.7900390625 0.4505208333333334 0.7927283653846153 0.47920673076923065
0 0.8030649038461538 0.43972355769230764 0.800165264423077 0.4087940705128206 0.7826171875 0.41171875 0.7855168269230769 0.4426482371794871
0 0.7991716056034482 0.4049209770114942 0.7977774784482758 0.3733207614942528 0.7744207974137931 0.3751526580459769 0.7758149245689655 0.4067528735632183
0 0.8439179438694268 0.48804073779193213 0.8181167894108281 0.4779226380042464 0.8119899482484076 0.5056976512738856 0.8377911027070063 0.5158157510615713
0 0.8350041482300885 0.44444828539823017 0.8136148368362832 0.44254701327433643 0.8120678926991151 0.47348589601769925 0.8334572040929202 0.475387168141593
0 0.82421875 0.4309895833333334 0.8212890625 0.4036458333333333 0.8043359374999998 0.40687500000000004 0.8072656249999998 0.43421875000000015
0 0.8353750000000002 0.37131250000000016 0.8018593749999999 0.36318750000000016 0.7973906249999999 0.39595833333333347 0.8309062500000002 0.4040833333333334
0 0.72265625 0.3763020833333334 0.7080078125 0.3567708333333334 0.6943359375 0.37500000000000017 0.708984375 0.39453125000000017
0 0.736328125 0.3125000000000001 0.716796875 0.3125000000000001 0.716796875 0.3606770833333334 0.736328125 0.3606770833333334
0 0.6954315929878048 0.5376333841463415 0.6806640624999999 0.5130208333333334 0.6631573932926829 0.5316946138211383 0.6779249237804879 0.5563071646341463
0 0.6582674406226344 0.4855804866893768 0.5498446075416351 0.46550218426696954 0.5372328314250567 0.5865752349861216 0.645655664506056 0.606653537408529
0 0.5298571977459017 0.4444159836065573 0.5273917776639345 0.40825648907103823 0.4842469262295081 0.41348616803278687 0.4867123463114753 0.449645662568306
0 0.4843750000000001 0.37890625000000006 0.4541015625 0.36979166666666674 0.450027073019802 0.39385055693069315 0.48030051051980205 0.40296514026402647
0 0.508109375 0.34547916666666667 0.4721875 0.33677083333333335 0.46781249999999996 0.3688541666666667 0.503734375 0.3775625
0 0.20502326193820228 0.39311212546816476 0.1884765625 0.38802083333333326 0.1842630793539326 0.41236540262172283 0.20080977879213488 0.4174566947565543
0 0.19548860143442628 0.350281762295082 0.18457031250000006 0.3489583333333333 0.1824410860655738 0.3801869877049181 0.19335937500000006 0.3815104166666668
0 0.22469030559392267 0.4096023250460405 0.2236328125 0.38281250000000006 0.20692334254143652 0.38398509438305717 0.20798083563535913 0.41077491942909755
0 0.22265625000000006 0.37109375 0.2119140625 0.34374999999999994 0.19578514234875447 0.35501464264531435 0.2065273298487545 0.3823583926453144
0 0.21794577205882354 0.3311121323529412 0.20398667279411767 0.3000919117647059 0.18474264705882354 0.3154871323529412 0.19870174632352944 0.34650735294117646
0 0.16796875000000008 0.5533854166666667 0.14941406250000006 0.5416666666666667 0.14197716346153852 0.5626001602564104 0.16053185096153857 0.5743189102564104
0 0.29587461890243905 0.674193343495935 0.28937214176829273 0.5961636178861788 0.2199171112804878 0.6064532520325204 0.22641958841463414 0.6844829776422766
0 0.22265625 0.67578125 0.2177734375 0.6484375000000001 0.19779372317596566 0.6547802664520745 0.2026765356759656 0.6821240164520744
0 0.4308593750000001 0.8393229166666667 0.3617187500000001 0.7932291666666667 0.34062500000000007 0.8494791666666667 0.4097656250000001 0.8955729166666667
0 0.3834885817307692 0.8939302884615385 0.375225360576923 0.8774038461538463 0.35697115384615385 0.8936298076923077 0.365234375 0.91015625
0 0.56171875 0.7335937500000003 0.4087890625000001 0.6656250000000001 0.3976562500000001 0.7101562500000002 0.5505859375000001 0.7781250000000003
0 0.7229892052406199 0.6185766721044047 0.680222777324633 0.6169474748504623 0.679485177915987 0.6513687805872759 0.7222516058319739 0.6529979778412183
0 0.6665131191037736 0.6441627358490566 0.6654333726415096 0.6110505110062895 0.6344966096698113 0.6128439465408806 0.6355763561320754 0.6459561713836478
0 0.604296875 0.6893229166666667 0.5910271139705882 0.6615196078431372 0.5715647977941176 0.6780330882352941 0.5848345588235293 0.7058363970588235
0 0.775390625 0.63671875 0.7494332901554402 0.6276109132124353 0.7452841645077719 0.6486331498272886 0.7712414993523315 0.6577409866148533
0 0.82421875 0.7148437500000001 0.8218281603506788 0.6479072398190046 0.800949165723982 0.6492328902714933 0.8033397553733032 0.7161694004524889
0 0.41984675480769235 0.6450320512820513 0.3995643028846154 0.6396233974358975 0.3957331730769231 0.6651642628205129 0.416015625 0.6705729166666667