0 0.6649862753378379 0.07984938063063077 0.6388566300675675 0.07404279279279292 0.6346072635135135 0.10803772522522535 0.6607369087837838 0.11384431306306318
0 0.4265672637195122 0.07974466463414642 0.4063595655487805 0.07397103658536591 0.3989567454268293 0.12003302845528462 0.41916444359756105 0.1258066565040651
0 0.45898437499999983 0.16276041666666669 0.4462890625 0.15625000000000006 0.44009745489690716 0.1777142396907217 0.4527927673969071 0.18422465635738833
0 0.45982572115384607 0.14569310897435897 0.45734675480769227 0.11925080128205127 0.4330679086538461 0.12329727564102562 0.4355468749999999 0.14973958333333334
0 0.423828125 0.24088541666666688 0.40543738594890505 0.22944229014598563 0.39675524635036497 0.25424840328467174 0.41514598540145986 0.265691529805353
0 0.4024090215295629 0.2248520511996573 0.39668018958868895 0.19538948693230515 0.358518938785347 0.2085810304198801 0.364247770726221 0.23804359468723224
0 0.451171875 0.10807291666666664 0.4443359375 0.0885416666666667 0.4273351961678832 0.09911990571776161 0.4341711336678832 0.11865115571776155
0 0.486328125 0.11458333333333343 0.462890625 0.11458333333333343 0.462890625 0.13671875000000006 0.486328125 0.13671875000000006
0 0.4810546875 0.1 0.4755859375 0.078125 0.4550781249999999 0.08723958333333336 0.4605468749999999 0.10911458333333336
0 0.5061006433823529 0.09662990196078433 0.5046415441176471 0.07133884803921568 0.4819393382352941 0.07366727941176471 0.4833984375 0.09895833333333333
0 0.5120059742647058 0.12346813725490197 0.5107421875 0.1015625 0.49192325367647055 0.10349264705882354 0.49318704044117645 0.1253982843137255
0 0.6143966132614214 0.2200653024534688 0.5859424571700508 0.2173553828257192 0.5788636183375635 0.34949370769881566 0.6073177744289341 0.35220362732656524
0 0.5438170050182481 0.2797673357664234 0.535883325729927 0.2570996806569343 0.51171875 0.2721354166666667 0.5196524292883211 0.2948030717761557
0 0.27050781250000006 0.24739583333333345 0.226076272077376 0.23100973331931604 0.21192884645710683 0.2992075798990749 0.2563603868797309 0.31559367991309234
0 0.3350092821782178 0.5071550123762376 0.2755549969059406 0.44229579207920794 0.21046372215346532 0.5483704620462047 0.2699180074257425 0.6132296823432344
0 0.3541628143491125 0.506001910749507 0.34583025147929 0.47902027859960555 0.32392404770710065 0.49104721400394474 0.33225661057692313 0.5180288461538463
0 0.37078957479508196 0.46819501366120214 0.36864433913934425 0.4367315573770492 0.3372982838114754 0.4405310792349727 0.33944351946721313 0.4719945355191256
0 0.4649338567643392 0.48327423628428934 0.4377557083852868 0.48146235972568585 0.43570517066708225 0.5361433655444721 0.46288331904613467 0.5379552421030757
0 0.4143497242647059 0.5236672794117647 0.39183134191176466 0.5129442401960784 0.37959116940045246 0.5586408842383108 0.40210955175339363 0.569363923453997
0 0.43058593750000007 0.5423958333333334 0.4128124999999999 0.5390104166666667 0.4082031249999999 0.58203125 0.4259765625000001 0.5854166666666667
0 0.47027803308823524 0.9341911764705882 0.4658455882352941 0.8770618872549021 0.3935454963235294 0.8870343137254904 0.39797794117647056 0.9441636029411765
0 0.47297463613013707 0.8153610159817354 0.4414062500000001 0.8138020833333335 0.440408283390411 0.8497288812785389 0.47197666952054795 0.8512878139269408
0 0.44921875 0.7526041666666666 0.427734375 0.7526041666666666 0.427734375 0.7825520833333334 0.44921875 0.7825520833333334
0 0.7117111425698561 0.4459726926333617 0.6809741479678239 0.4324989415749366 0.6304158287468247 0.6375410139712109 0.6611528233488569 0.6510147650296361
0 0.6553744612068966 0.38182471264367823 0.6368534482758621 0.37194683908045983 0.6245959051724138 0.4128053160919541 0.6431169181034482 0.4226831896551725
0 0.7803936298076926 0.3685096153846153 0.7680889423076925 0.3474158653846154 0.7556490384615386 0.36031650641025637 0.7679537259615387 0.3814102564102563
0 0.617109375 0.1504687500000001 0.6009765625 0.14739583333333345 0.5971484374999999 0.18312500000000007 0.6132812499999999 0.18619791666666677
0 0.5893581081081082 0.3400830518018019 0.49577491554054054 0.3005194256756758 0.46559438344594595 0.4274324324324325 0.5591775760135136 0.46699605855855864
0 0.8229401578608246 0.6729220360824743 0.8039626288659794 0.6631899699312717 0.7967642557989689 0.6881443298969072 0.8157417847938143 0.69787639604811
0 0.798828125 0.6276041666666669 0.736328125 0.6276041666666669 0.736328125 0.7174479166666669 0.798828125 0.7174479166666669
0 0.6493170616610738 0.8776426174496644 0.6359650272651007 0.8177607662192393 0.5843120805369127 0.8382358081655481 0.597664114932886 0.8981176593959732
0 0.6523437500000002 0.9114583333333334 0.6429687500000001 0.8864583333333335 0.623046875 0.8997395833333335 0.6324218750000001 0.9247395833333333
0 0.6798828125 0.8979166666666667 0.6748046875 0.8776041666666666 0.65078125 0.88828125 0.655859375 0.90859375
0 0.5849609375000002 0.9843750000000002 0.5625 0.9830729166666667 0.5619545990566038 0.9997985455974843 0.584415536556604 1.0011006289308177
0 1.0000000000000002 0.9674479166666667 0.9990234375000002 0.9010416666666667 0.9759394816487321 0.9016451687804253 0.9769160441487321 0.9680514187804253
0 0.10765759698275863 0.5975215517241378 0.10725001857907253 0.5752405989892985 0.058355705633174805 0.5768306579468887 0.05876328403686089 0.599111610681728
0 0.6373046875 0.646875 0.6314453125 0.6234375 0.6115234374999999 0.6322916666666667 0.6173828124999999 0.6557291666666667