0 0.7087948169410746 0.1792429412189487 0.6686609754116117 0.12107795349508965 0.6165748212738301 0.1849703025707684 0.6567086628032929 0.24313529029462747
0 0.8166837547451193 0.4031769703543024 0.7735582463394794 0.385331932393348 0.7503558839479394 0.4850161560014463 0.7934813923535791 0.5028611939624007
0 0.4751250877808989 0.22650397940074907 0.46702729985955055 0.17971676029962544 0.35205626755617975 0.2150924625468165 0.3601540554775281 0.2618796816479401
0 0.39115084134615385 0.34855769230769235 0.3857421875 0.31250000000000006 0.3493088942307693 0.32221554487179493 0.35471754807692313 0.3582732371794872
0 0.4196367573166431 0.36722423013634226 0.4026095843617771 0.24722320169252462 0.37886079645627635 0.25321388692994823 0.3958879694111424 0.3732149153737659
0 0.29735406839622636 0.39025648584905653 0.28394015330188677 0.36411654874213834 0.26524543042452825 0.3811713836477988 0.27865934551886784 0.40731132075471693
0 0.3512975711633663 0.6113448844884488 0.32863745358910884 0.4775422854785478 0.24501082920792072 0.5027201938943894 0.2676709467821782 0.6365227929042905
0 0.3735624206852791 0.504699397208122 0.3548094463832487 0.47584866751269045 0.3374841370558376 0.49586902495769886 0.356237111357868 0.5247197546531304
0 0.4824218749999999 0.42578125000000006 0.462890625 0.3997395833333334 0.4296875 0.4440104166666668 0.44921875 0.47005208333333337
0 0.5099034926470588 0.4151501225490197 0.5087545955882352 0.3952359068627452 0.490234375 0.39713541666666674 0.49138327205882354 0.41704963235294124
0 0.5774342606707317 0.5291222052845529 0.5570455411585364 0.495141006097561 0.49797541920731697 0.5581491361788619 0.5183641387195121 0.5921303353658537
0 0.5165748073630138 0.6370576484018268 0.4658069349315069 0.6062892408675801 0.44540614297945214 0.6661315639269408 0.49617401541095896 0.6968999714611873
0 0.5214062500000001 0.6333854166666667 0.5164453125 0.5870833333333334 0.4770703125 0.5945833333333334 0.48203125 0.6408854166666668
0 0.7490234375000001 0.5937500000000002 0.7158203125 0.5494791666666669 0.6728515625000001 0.6067708333333335 0.7060546875000002 0.6510416666666669
0 0.73973500578217 0.7328692265909728 0.7197898049831792 0.6367231304317352 0.6399597219301936 0.6661640121250351 0.6599049227291843 0.7623101082842726
0 0.627246989678899 0.7913154625382263 0.6047914277522936 0.6191561544342508 0.5494839449541284 0.6319810779816514 0.5719395068807339 0.804140386085627
0 0.7351813967207164 0.7992951355275898 0.665490947180542 0.6871495845434014 0.5968999576476282 0.7629262967892871 0.6665904071878026 0.8750718477734757
0 0.8151164504716982 0.7127309355345913 0.813020171897678 0.6782587989840348 0.7502990634071118 0.6850394593613933 0.7523953419811321 0.7195115959119498
0 0.71875 0.4986979166666668 0.703125 0.4778645833333334 0.6796875 0.5091145833333336 0.6953125 0.5299479166666669