0 0.5286912396512793 0.10908557555611323 0.4692399962368288 0.06440706535373826 0.4524551751442548 0.10411309374477354 0.5119064185587053 0.1487916039471485
0 0.23168103448275862 0.11471803160919539 0.21450700431034483 0.05747126436781612 0.2001953125 0.06510416666666669 0.21736934267241378 0.12235093390804595
0 0.4215898722627737 0.24504828163017042 0.33166771213503654 0.18909671532846722 0.29639028284671537 0.2898893704379563 0.38631244297445255 0.3458409367396595
0 0.4227980522260274 0.31833261986301375 0.40717305222602745 0.31052011986301375 0.4003906250000001 0.33463541666666674 0.416015625 0.34244791666666674
0 0.458984375 0.31901041666666674 0.4406378073770492 0.29862534153005466 0.42694992315573765 0.3205259562841531 0.44529649077868844 0.3409110314207651
0 0.4256310096153846 0.4364983974358975 0.4085036057692307 0.4212740384615385 0.39302884615384615 0.4522235576923077 0.41015625 0.46744791666666674
0 0.4350837628865979 0.42113670532646064 0.42570070876288657 0.39298754295532645 0.393443943298969 0.41210266323024053 0.4028269974226804 0.4402518256013747
0 0.49107230875394314 0.44945698606729767 0.4744337785883281 0.4212219045741325 0.43579024546529965 0.46170560594111465 0.45242877563091477 0.4899406874342798
0 0.6411464225113122 0.4897070607088991 0.6151857678167421 0.39278728318250394 0.5215241445135747 0.4373880561840122 0.5474847992081449 0.5343078337104074
0 0.6681532391372795 0.41288832913518064 0.6435546874999999 0.3958333333333334 0.6352403770465995 0.4171520780856424 0.6598389286838791 0.4342070738874896
0 0.618211699695122 0.24422002032520335 0.5937738185975611 0.24059959349593507 0.5907250381097562 0.27718495934959364 0.6151629192073171 0.28080538617886197
0 0.6286328125 0.21880208333333337 0.5973828125 0.18755208333333337 0.5833203124999999 0.21255208333333336 0.6145703124999999 0.24380208333333336
0 0.7437020931603774 0.1974891902515725 0.7047869988207547 0.14992629716981137 0.6568727889150943 0.21961969339622645 0.695787883254717 0.2671825864779876
0 0.28397484756097563 0.642333587398374 0.2670493521341463 0.6074568089430894 0.24040586890243903 0.630443343495935 0.25733136432926834 0.6653201219512196
0 0.306640625 0.5794270833333334 0.2920449746621621 0.565526463963964 0.2822793496621621 0.5837556306306306 0.296875 0.59765625
0 0.22451884388412022 0.6509757242489271 0.18261718749999997 0.6041666666666666 0.15205790638412015 0.6527986409155937 0.19395956276824036 0.6996076984978541
0 0.18261718750000003 0.5989583333333335 0.16601562500000006 0.5768229166666669 0.14941406250000006 0.5989583333333336 0.16601562500000003 0.6210937500000001
0 0.23046875000000008 0.8359375 0.21093750000000008 0.8359375 0.21093750000000008 0.8658854166666666 0.23046875000000008 0.8658854166666666
0 0.3755744485294118 0.8393841911764707 0.33783759898190047 0.7840368118401206 0.28276566035067874 0.8507906768476622 0.32050250989819007 0.9061380561840122
0 0.5837973273942094 0.9112408361172977 0.5583501531180401 0.8407717381217521 0.4912283372772828 0.883862286562732 0.516675511553452 0.9543313845582777
0 0.6573499548736461 0.7127848601083033 0.6489536326714801 0.6688656362815883 0.4809482175090253 0.7259655159446451 0.4893445397111914 0.7698847397713598
0 0.49356142241379314 0.7212015086206898 0.4739493534482759 0.6990750718390806 0.46046605603448276 0.7203214798850577 0.480078125 0.7424479166666669
0 0.6517769124605679 0.597878055993691 0.6252834187697162 0.5936390970031548 0.622834310922713 0.6208514064143008 0.6493278046135648 0.6250903654048371
0 0.7345592570754716 0.4887234669811322 0.7175154775943395 0.4478183962264152 0.6309515035377359 0.5119398584905661 0.647995283018868 0.5528449292452832
0 0.8465647977941175 0.4563419117647059 0.8322610294117647 0.42455575980392163 0.814453125 0.4388020833333333 0.8287568933823529 0.47058823529411764