0 0.650841346153846 0.11368189102564118 0.6179387019230769 0.08443509615384628 0.6015625 0.11718750000000012 0.6344651442307692 0.14643429487179502
0 0.51953125 0.020833333333333412 0.447265625 0.02083333333333341 0.447265625 0.11328125000000007 0.51953125 0.11328125000000008
0 0.4034131080316742 0.16466935331825053 0.3802407381221719 0.15003417232277544 0.36970181702488686 0.17969928355957787 0.39287418693438914 0.194334464555053
0 0.44921875 0.22656250000000006 0.3359375 0.22656250000000006 0.3359375 0.33984375000000006 0.44921875 0.3398437500000001
0 0.45730468750000003 0.1680208333333334 0.42421875 0.16171875000000005 0.41796875 0.2200520833333334 0.4510546875 0.22635416666666675
0 0.30380202684381785 0.2949515319956616 0.29032122763015195 0.27621226500361534 0.2306157639642083 0.35257027295733917 0.24409656317787426 0.3713095399493854
0 0.3419524336283186 0.6492325774336284 0.3049813329646017 0.460269174041298 0.21529659845132745 0.49146386430678474 0.25226769911504426 0.6804272676991151
0 0.21289062500000008 0.625 0.19824218750000006 0.625 0.19824218750000006 0.66015625 0.21289062500000008 0.66015625
0 0.32829522649082576 0.7958954510703364 0.31152343750000006 0.7838541666666666 0.30054830848623854 0.8110306766055047 0.31732009747706424 0.8230719610091745
0 0.41942558913934436 0.4643101092896176 0.38649462090163944 0.4603184767759564 0.3786180840163935 0.575841017759563 0.4115490522540985 0.5798326502732241
0 0.3765625 0.42161458333333335 0.3701171875 0.39583333333333326 0.3455078125 0.40677083333333325 0.351953125 0.43255208333333334
0 0.4345703125 0.3932291666666667 0.4267578125 0.36197916666666663 0.374609375 0.3851562499999999 0.382421875 0.41640625
0 0.42878605769230776 0.3666866987179487 0.4076021634615385 0.32431891025641024 0.38912259615384615 0.34074519230769235 0.4103064903846154 0.3831129807692308
0 0.5555889423076923 0.2195512820512822 0.5181790865384615 0.18629807692307696 0.481670673076923 0.25931490384615385 0.5190805288461539 0.2925681089743591
0 0.4746093749999999 0.3424479166666667 0.4716796874999999 0.3098958333333333 0.4586639885646687 0.3119783451629863 0.4615936760646687 0.34453042849631965
0 0.6160606971153846 0.32391826923076933 0.5570913461538461 0.3081931089743591 0.5492788461538461 0.36027644230769235 0.6082481971153846 0.3760016025641026
0 0.5460724783415841 0.3440336221122114 0.525187577351485 0.30999896864686477 0.5075321008663366 0.32925948844884506 0.5284170018564356 0.36329414191419157
0 0.6355310388513514 0.44622747747747754 0.6181640625000001 0.4296875000000001 0.603515625 0.45703125000000017 0.6208826013513513 0.4735712274774776
0 0.6726898387738854 0.4444831475583863 0.6376953125000002 0.4010416666666667 0.6226811305732485 0.42254345806794064 0.6576756568471338 0.46598493895966026
0 0.705078125 0.37890625000000006 0.6806640625 0.3619791666666668 0.6691199622166246 0.39157942380352656 0.6935340247166246 0.40850650713685976
0 0.433334413900415 0.5559841804979254 0.4076844528008299 0.546864194329184 0.39350200985477185 0.6177764090594745 0.4191519709543569 0.6268963952282157
0 0.4443359375000001 0.5286458333333335 0.4287109375000001 0.5078125000000001 0.4091796875000001 0.5338541666666667 0.4248046875000001 0.5546875000000001
0 0.48669854525862083 0.5761045258620691 0.47053475215517243 0.5743085488505747 0.4680563038793103 0.6139637212643679 0.4842200969827587 0.6157596982758623
0 0.5999086538461539 0.5605056089743589 0.5982301682692308 0.43294070512820515 0.47381670673076925 0.43585096153846153 0.4754951923076923 0.5634158653846153
0 0.6812650240384615 0.55849358974359 0.6474609374999999 0.5234375000000002 0.620537860576923 0.5695913461538464 0.6543419471153845 0.6046474358974362
0 0.7502358490566037 0.5814514544025158 0.7494840801886792 0.558397209119497 0.7124447228773585 0.5605444182389938 0.713196491745283 0.5835986635220126
0 0.6445312500000001 0.7174479166666671 0.5810546875 0.6328125000000002 0.5498046875 0.6744791666666669 0.6132812500000001 0.7591145833333337
0 0.8524676067073171 0.6189341971544715 0.8481326219512196 0.5669143800813008 0.8198361280487804 0.5711064532520325 0.8241711128048779 0.6231262703252033
0 0.5537109374999999 0.8125000000000001 0.5400390625 0.7942708333333336 0.5205078125 0.8203125000000002 0.5341796874999999 0.8385416666666667
0 0.595703125 0.9986979166666666 0.5951941171026653 0.9681574428265878 0.5445680759501481 0.9696574736755513 0.5450770838474828 1.0001979475156302
0 0.9963063140772871 0.8474139064143008 0.9930901271687697 0.8116784963196634 0.947265625 0.8190104166666664 0.9504818119085174 0.8547458267613038