0 0.29853966346153843 0.08895432692307696 0.2654897836538462 0.0397035256410257 0.22952223557692308 0.08261217948717953 0.2625721153846154 0.13186298076923078
0 0.31752572408536583 0.5147357723577237 0.3134765625 0.4661458333333333 0.2495950838414634 0.475609756097561 0.25364424542682923 0.5241996951219513
0 0.33062959558823524 0.5384650735294118 0.3250459558823529 0.5049632352941177 0.3020909926470588 0.5117647058823529 0.3076746323529411 0.545266544117647
0 0.31528751895580587 0.5956952267475447 0.26098421252166376 0.5169947826400925 0.18719196815424613 0.6075132690641248 0.2414952745883882 0.6862137131715772
0 0.41337626689189194 0.7119580518018017 0.4086518158783784 0.6741624436936937 0.37919657939189194 0.6807080518018017 0.38392103040540543 0.7185036599099098
0 0.3327359858247423 0.74072433419244 0.3271484375 0.7213541666666669 0.30633859536082475 0.7320258805841926 0.31192614368556704 0.7513960481099657
0 0.7919921875 0.5598958333333336 0.734375 0.5598958333333336 0.734375 0.6393229166666669 0.7919921875 0.6393229166666669
0 0.6757673487544484 0.3994198546856466 0.6474783140569396 0.393303306642942 0.6220890791814948 0.602059237841044 0.6503781138790037 0.6081757858837487
0 0.623046875 0.3489583333333334 0.59765625 0.3489583333333334 0.59765625 0.3893229166666668 0.623046875 0.3893229166666668
0 0.6058143028846155 0.30516826923076934 0.5692908653846154 0.2918870192307693 0.5586087740384615 0.34411057692307706 0.5951322115384616 0.3573918269230771
0 0.5869140624999999 0.3072916666666666 0.5589843749999999 0.1955729166666667 0.5232421875 0.21145833333333333 0.551171875 0.3231770833333332
0 0.5613224842057762 0.16751748646209388 0.5556640625000001 0.13281250000000003 0.5343383348375452 0.13899387033694346 0.5399967565433214 0.17369885679903732
0 0.5970622583762886 0.0708091709621994 0.5906189594072163 0.05147927405498294 0.5716817010309277 0.06270135309278355 0.5781249999999999 0.08203125
0 0.3781020220588235 0.2704503676470588 0.37385110294117646 0.24777879901960784 0.3540900735294118 0.2543658088235294 0.3583409926470588 0.2770373774509804
0 0.44919235641891897 0.294481981981982 0.4344119510135135 0.26689189189189194 0.4129803631756757 0.28730292792792794 0.42776076858108103 0.314893018018018
0 0.5396516849762472 0.2884160975851149 0.46774096273752974 0.2851098574821853 0.4651986527612827 0.3834125098970705 0.5371093750000001 0.38671875000000006
0 0.5137414985928705 0.5184954463727328 0.4853515625 0.4453125 0.375842811913696 0.5208357762664165 0.40423274800656656 0.5940187226391493
0 0.5718062171484889 0.6909545417214192 0.5691588473226019 0.5532913107752957 0.4800247412943497 0.5563386306395094 0.48267211112023667 0.6940018615856329
0 0.6701037176724138 0.8499551005747127 0.6498989762931034 0.8477101293103448 0.6477572737068965 0.8819773706896552 0.6679620150862069 0.884222341954023
0 0.4381150725138124 0.8815535796500922 0.41433226864640893 0.8798846109576428 0.4134905904696134 0.9012071247697975 0.4372733943370168 0.9028760934622468