0 0.7905234375000001 0.2340208333333333 0.7086640625000001 0.15845833333333334 0.6647187500000001 0.24309375000000005 0.7465781250000001 0.31865625000000003
0 0.20589792909436005 0.14024087129428778 0.1962890625 0.09895833333333333 0.1430886489967462 0.12097229754157626 0.15269751559110628 0.1622548355025307
0 0.654296875 0.23828124999999994 0.6007363953441622 0.19269786305886144 0.5402862656802832 0.3189714672456311 0.5938467453361209 0.3645548541867696
0 0.45972055288461533 0.19917868589743598 0.4318359375 0.19453125000000007 0.4267277644230769 0.24901842948717956 0.45461237980769226 0.2536658653846155
0 0.39398754222972976 0.1757038288288289 0.3701171875 0.1588541666666667 0.3609480574324324 0.18194679054054058 0.38481841216216217 0.19879645270270274
0 0.35111177884615385 0.12800480769230776 0.3311298076923077 0.11278044871794878 0.3200120192307693 0.1387219551282052 0.33999399038461536 0.15394631410256418
0 0.3685661764705882 0.09719669117647069 0.35449218749999994 0.08593750000000006 0.34397977941176466 0.10929840686274514 0.3580537683823529 0.12055759803921576
0 0.4023437499999999 0.0950520833333335 0.3808505373303167 0.08147742269984933 0.37428856759049767 0.09994815233785838 0.39578178026018096 0.11352281297134255
0 0.388671875 0.07421875000000006 0.3759765625 0.05729166666666673 0.3623046875 0.07552083333333343 0.375 0.09244791666666675
0 0.4256859756097561 0.07015370934959356 0.412061737804878 0.0474466463414634 0.3937214176829268 0.0670096544715447 0.4073456554878049 0.08971671747967486
0 0.36875 0.062239583333333307 0.3642578125 0.04427083333333336 0.3408203125 0.05468750000000003 0.3453125 0.07265624999999996
0 0.4062719452247191 0.05698443352059925 0.40123551615168535 0.027885065543071144 0.3685700491573034 0.03793597846441945 0.3736064782303371 0.06703534644194756
0 0.27343749999999994 0.24869791666666669 0.26126802884615385 0.237880608974359 0.25195312499999994 0.2565104166666667 0.2641225961538461 0.2673277243589744
0 0.28635194359756094 0.20362042682926834 0.26456745426829265 0.18482596544715454 0.24559832317073166 0.2239138719512196 0.26738281249999996 0.2427083333333334
0 0.275390625 0.29296875000000006 0.25898437500000004 0.2820312500000001 0.24921875000000004 0.30807291666666675 0.265625 0.3190104166666667
0 0.2578125 0.27734375000000006 0.24506440033783786 0.26520270270270274 0.23252744932432434 0.28860501126126137 0.24527554898648649 0.30074605855855857
0 0.2955422794117647 0.2685661764705883 0.28299632352941173 0.2542279411764706 0.2685891544117647 0.2766390931372549 0.28113511029411764 0.2909773284313726
0 0.39013919733502533 0.43494210025380714 0.37207031249999994 0.4140625 0.3576994765228426 0.4361714784263959 0.37576836135786795 0.457051078680203
0 0.5625231139053254 0.48351978550295865 0.5499838202662721 0.44291635848126243 0.3984086076183432 0.5261341222879685 0.41094790125739644 0.5667375493096647
0 0.577839756592292 0.4415911299864773 0.5477683665060852 0.38883430527383367 0.5225124397819472 0.41442697768762676 0.552583829868154 0.4671838024002704
0 0.8721152749508704 0.39694971808908874 0.8351276275617631 0.3606873186880032 0.7804598671743402 0.45981819085719644 0.8174475145634477 0.49608059025828205
0 0.6403245192307692 0.4720552884615385 0.61328125 0.46484375000000006 0.6104266826923077 0.48387419871794884 0.6374699519230769 0.4910857371794873
0 0.6818198107798166 0.5169987576452599 0.6668309202981652 0.47988340978593264 0.6377132310779816 0.5007884174311925 0.652702121559633 0.5379037652905198
0 0.685546875 0.44401041666666696 0.6669921875 0.432291666666667 0.6597939055429864 0.45255349736048306 0.6783485930429864 0.46427224736048295
0 0.51953125 0.5638020833333335 0.4761728869818652 0.548588622625216 0.4618027444948186 0.6213973445595856 0.5051611075129534 0.636610805267703
0 0.6417757265127388 0.7044353768577494 0.6251057424363057 0.6288647823779192 0.5533066281847133 0.6570212977707006 0.5699766122611465 0.7325918922505307
0 0.5908001771907216 0.6165968642611686 0.5813869201030928 0.5839642396907218 0.5580903672680412 0.595911189862543 0.56750362435567 0.6285438144329898
0 0.7177734375000002 0.6041666666666669 0.7041015625000001 0.5859375000000001 0.6875 0.6080729166666669 0.7011718750000001 0.6263020833333336
0 0.7601230837264152 0.5942954009433966 0.7446897110849057 0.5754323899371071 0.7208947523584907 0.6100432389937108 0.7363281250000002 0.6289062500000002
0 0.5751953125 0.6927083333333335 0.546875 0.6549479166666667 0.5068359375 0.7083333333333336 0.53515625 0.7460937500000002
0 0.7471174568965517 0.7185165229885059 0.7275390624999999 0.6953125000000001 0.7078731142241379 0.7248114224137931 0.7274515086206896 0.7480154454022989
0 0.7855318509615383 0.727764423076923 0.7620673076923076 0.6997716346153846 0.7436268028846152 0.7272516025641026 0.767091346153846 0.755244391025641
0 0.7146833582380459 0.8417657441094943 0.6649010037681913 0.8118963314275814 0.6261998928014553 0.9265662898475397 0.6759822472713098 0.9564357025294526
0 0.599609375 0.91015625 0.5849609375000001 0.8906250000000001 0.5634765625000001 0.9192708333333335 0.578125 0.9388020833333334
0 0.4220703125 0.2091145833333334 0.4091796874999999 0.2005208333333334 0.39999999999999997 0.22500000000000006 0.412890625 0.2335937500000001