0 0.4766365840517241 0.06212284482758628 0.4117187499999999 0.05703125000000006 0.40781923491379307 0.1454202586206897 0.47273706896551726 0.15051185344827592
0 0.34232481207377563 0.34851192782599727 0.31404143095164294 0.3300260578115314 0.2577059438933664 0.4832585826100434 0.2859893250154991 0.5017444526245093
0 0.35742187500000006 0.5143229166666667 0.33853125 0.49688541666666663 0.315890625 0.5404895833333333 0.33478125000000003 0.5579270833333335
0 0.3902418273052465 0.4954487115792264 0.30859375000000006 0.44921875000000006 0.2996609201112878 0.47726591481187075 0.38130899741653423 0.5234958763910971
0 0.32031250000000006 0.66796875 0.30627126611747857 0.6348458393027698 0.29282044681232094 0.6449826886341931 0.30686168069484243 0.6781055993314232
0 0.4878216911764707 0.7306219362745099 0.40423943014705876 0.6637561274509804 0.3599494485294117 0.7621783088235294 0.44353170955882354 0.829044117647059
0 0.47154801615168546 0.5304892322097376 0.4614093223314607 0.4719101123595505 0.43701720505617975 0.4794153792134831 0.4471558988764045 0.5379944990636703
0 0.5847586292957405 0.44341546668280096 0.5529943504961278 0.4394449318328494 0.5463607212003871 0.533789881816715 0.578125 0.5377604166666667
0 0.6305588942307694 0.6257011217948719 0.5880408653846155 0.5406650641025641 0.5501802884615385 0.5743189102564102 0.5926983173076925 0.659354967948718
0 0.7037402434762348 0.20225492194780995 0.6630640945363466 0.1129269085896242 0.6228002315354145 0.14552146435228341 0.6634763804753027 0.23484947771046916
0 0.6637399250565611 0.3131834464555052 0.6522863051470589 0.2809436274509804 0.6297855981334843 0.2951546003016591 0.6412392180429866 0.3273944193061839
0 0.854210861264319 0.538220592914722 0.7314697576368265 0.2801495545184556 0.6548060796298261 0.34497087576014696 0.7775471832573186 0.6030419141564134
0 0.8406883445945945 0.3153505067567569 0.8211043074324322 0.2966990427927928 0.7848131334459458 0.3644425675675676 0.8043971706081081 0.3830940315315317
0 0.7582411123853211 0.5706723050458716 0.6622570240825688 0.4762117737003058 0.6312614678899082 0.5322037461773701 0.7272455561926605 0.626664277522936
0 0.7084004510309279 0.4542257302405499 0.6799492590206186 0.4373657646048111 0.6728616301546392 0.45862865120274926 0.7013128221649485 0.4754886168384881
0 0.7133669969512194 0.5213414634146342 0.6982421875 0.5052083333333334 0.6863328887195121 0.5250571646341463 0.7014576981707317 0.5411902947154471