0 0.6699218749999999 0.0013020833333334406 0.6405932653249631 -0.00020194793205307408 0.6383314484859675 0.07820770248645999 0.6676600581610044 0.07971173375184651
0 0.684832957671149 0.1802860126324368 0.6181640625 0.1145833333333334 0.5907653957823962 0.16400837917685424 0.6574342909535452 0.22971105847595766
0 0.4238281250000001 0.13671875000000008 0.4091796875 0.12239583333333336 0.40048658778901736 0.13820146917148365 0.41513502528901747 0.1525243858381504
0 0.32865180619266054 0.36302322247706426 0.32784547018348625 0.32754443807339445 0.284797878440367 0.32928373470948014 0.2856042144495413 0.3647625191131499
0 0.2109375 0.25260416666666674 0.19140625000000006 0.25260416666666674 0.19140625000000006 0.28515625 0.2109375 0.28515625
0 0.37890625000000006 0.3528645833333334 0.3425670695754717 0.31971305031446545 0.32421875 0.35546875 0.36055793042452833 0.38862028301886803
0 0.408203125 0.3098958333333334 0.3681640625 0.3098958333333334 0.3681640625 0.3632812500000001 0.408203125 0.3632812500000001
0 0.07095089657325197 0.5229316962634111 0.034461492438956756 0.47741803089160195 0.013276264220310807 0.5076130688124307 0.04976566835460603 0.5531267341842399
0 0.205078125 0.8372395833333333 0.1947265625 0.7958333333333332 0.1208984375 0.8286458333333332 0.13125 0.8700520833333332
0 0.315742924528302 0.8025746855345912 0.2802734375000001 0.7890625 0.2663436025943397 0.8540683962264152 0.30181308962264164 0.8675805817610064
0 0.273828125 0.6611979166666667 0.26796875 0.6065104166666667 0.24363281249999993 0.6111458333333334 0.24949218749999993 0.6658333333333334
0 0.19353170955882354 0.5972732843137256 0.19222815328054302 0.5607737085218704 0.16104885463800905 0.5627533465309201 0.1623524109162896 0.5992529223227753
0 0.2931871020442359 0.5030551831992851 0.22653160606568368 0.3959506255585345 0.16306132707774804 0.46617306188561225 0.2297168230563003 0.5732776195263629
0 0.2984599129098361 0.43639002732240445 0.2861328125000001 0.43489583333333337 0.284547899590164 0.4581412226775957 0.29687500000000006 0.4596354166666668
0 0.3350183823529411 0.4391084558823529 0.3131893382352941 0.4216452205882353 0.298196231617647 0.45496323529411764 0.32002527573529405 0.4724264705882353
0 0.44560282939189194 0.29845861486486497 0.4148807010135135 0.29163147522522526 0.41100084459459457 0.3226703265765767 0.44172297297297297 0.32949746621621634
0 0.5565218106574638 0.42576418947902056 0.3540621709756669 0.39669306172983937 0.3449358585341601 0.5096855014818282 0.547395498215957 0.5387566292310093
0 0.487665264423077 0.5912059294871796 0.4716796875000001 0.5885416666666667 0.46807391826923084 0.6270032051282052 0.48405949519230784 0.6296674679487181
0 0.5103200193719413 0.5870696540239261 0.5096222471451877 0.5545069501087547 0.4646812550978793 0.5562189879010332 0.46537902732463293 0.5887816918162045
0 0.5474759615384615 0.6327123397435896 0.5295973557692308 0.5969551282051282 0.4820462740384615 0.6392227564102565 0.49992487980769224 0.6749799679487178
0 0.439453125 0.6992187500000001 0.39934776376146786 0.623229644495413 0.3401304472477064 0.6787915711009176 0.38023580848623856 0.7547806766055047
0 0.5184972426470588 0.8577665441176469 0.49006204044117646 0.706112132352941 0.41285615808823534 0.7318474264705882 0.4412913602941176 0.8835018382352939
0 0.7521829044117647 0.7603400735294118 0.7339728860294118 0.6632199754901958 0.6673368566176471 0.6854319852941175 0.685546875 0.7825520833333334
0 0.6367187500000001 0.8554687500000001 0.6201171875000002 0.8333333333333336 0.6064453125000001 0.8515625000000003 0.623046875 0.8736979166666669
0 0.6875 0.6041666666666666 0.66796875 0.6041666666666666 0.66796875 0.6315104166666666 0.6875 0.6315104166666666
0 0.7498851102941178 0.5840226715686276 0.7150850183823529 0.5804534313725492 0.7128906250000001 0.6184895833333335 0.7476907169117648 0.622058823529412
0 0.8119687499999999 0.6354270833333334 0.798515625 0.5367708333333335 0.752453125 0.5479375000000001 0.7659062499999999 0.64659375
0 0.29727711397058826 0.5850949754901962 0.28073299632352944 0.5795802696078433 0.27539062500000006 0.6080729166666666 0.2919347426470589 0.6135876225490197
0 0.6120735484467454 0.3119375616370809 0.4560546875 0.22526041666666677 0.44305311575443784 0.26686544625246555 0.5990719767011833 0.3535425912228797
0 0.791015625 0.3541666666666668 0.71875 0.3541666666666668 0.71875 0.4283854166666668 0.791015625 0.4283854166666668
0 0.818016387195122 0.36635543699186973 0.7943692835365854 0.34595401422764216 0.7846751143292684 0.3659298780487804 0.8083222179878049 0.3863313008130079
0 0.9431926448170733 0.08784298780487806 0.938643292682927 0.03325076219512191 0.9112042682926829 0.03731580284552841 0.9157536204268292 0.09190802845528458
0 0.9375 0.3294270833333333 0.9306640625 0.3072916666666667 0.9168130547337278 0.31489614151873774 0.9236489922337278 0.33703155818540437