0 0.849609375 0.17578125000000006 0.7959717704460967 0.12754898543990098 0.7716942088754648 0.1755460037174722 0.825331813429368 0.22377826827757125
0 0.47103617232658956 0.05375421483622353 0.45687883851156064 0.02801360789980733 0.42241690751445093 0.061709718208092505 0.43657424132947986 0.0874503251445087
0 0.6544130067567566 0.27355011261261275 0.6182960304054053 0.2385275900900902 0.5666490709459459 0.3332136824324325 0.6027660472972972 0.36823620495495496
0 0.7246093749999999 0.34765625 0.7236193426724137 0.3252155172413793 0.7031249999999999 0.32682291666666663 0.7041150323275861 0.3492636494252873
0 0.5168719951923076 0.29425080128205133 0.5068359374999999 0.27083333333333337 0.46518930288461535 0.30256410256410254 0.475225360576923 0.32598157051282056
0 0.4930078125 0.20197916666666674 0.4677734374999999 0.17187500000000003 0.4538792067307691 0.19258012820512826 0.4791135817307691 0.22268429487179497
0 0.37109375000000006 0.30598958333333337 0.35282130599710987 0.3022413896917149 0.3485086253612717 0.33961795520231225 0.3667810693641619 0.3433661488439307
0 0.43449113175675674 0.3287936373873875 0.4147223395270269 0.3099662162162162 0.38344594594594583 0.36834881756756754 0.4032147381756757 0.38717623873873885
0 0.39477934966216216 0.4349943693693694 0.3705500422297297 0.41789132882882885 0.3421875 0.4893229166666667 0.36641680743243243 0.5064259572072073
0 0.21582031250000006 0.4791666666666667 0.19100080818965526 0.4711170977011495 0.18221174568965526 0.5192941810344828 0.20703125000000006 0.5273437500000001
0 0.27138369845360827 0.7177969286941582 0.24331507731958757 0.6335910652920962 0.17481475515463915 0.6741838487972508 0.20288337628865985 0.7583897121993128
0 0.3164062500000001 0.5442708333333334 0.2988281250000001 0.5442708333333334 0.2988281250000001 0.5885416666666666 0.3164062500000001 0.5885416666666666
0 0.36425781250000006 0.5651041666666667 0.3417217548076924 0.5590945512820513 0.3372896634615385 0.588641826923077 0.35982572115384615 0.5946514423076924
0 0.4101562500000001 0.5299479166666669 0.3955078125 0.5104166666666667 0.37109375000000006 0.5429687500000001 0.3857421875000001 0.5625000000000001
0 0.421875 0.6054687500000001 0.39746093750000006 0.5937500000000001 0.3910621016288952 0.6174493921152031 0.4154761641288952 0.6291681421152031
0 0.46787446120689663 0.7633351293103449 0.42574757543103453 0.6322737068965518 0.34536637931034486 0.6782058189655173 0.38749326508620696 0.8092672413793103
0 0.5013378341763006 0.6817648121387284 0.461970511199422 0.6101878612716763 0.44071757586705196 0.6309685091522159 0.4800848988439307 0.7025454600192679
0 0.4638671875 0.6536458333333335 0.44170185810810814 0.6489794481981982 0.4357791385135136 0.6989935247747747 0.45794446790540544 0.7036599099099099
0 0.34824218750000013 0.7645833333333335 0.32128906250000006 0.7526041666666666 0.31328125000000007 0.7846354166666667 0.34023437500000014 0.7966145833333335
0 0.5759428879310345 0.6721174568965517 0.5411839978448276 0.6329022988505748 0.5188846982758621 0.66804058908046 0.553643588362069 0.7072557471264368
0 0.6136808221629361 0.6261746540430333 0.6040895651678814 0.5864634847301754 0.5230775800364393 0.6212482919052579 0.532668837031494 0.6609594612181158
0 0.578125 0.5768229166666667 0.5556640625 0.5651041666666666 0.548056480532787 0.5910262978142078 0.570517418032787 0.6027450478142079
0 0.6348273408457248 0.5870024008674103 0.631222409386617 0.5501519903965305 0.5833781075743494 0.5584727385377944 0.5869830390334572 0.5953231490086742
0 0.5691406250000001 0.50859375 0.5138671875 0.3611979166666666 0.4279296875 0.41848958333333336 0.48320312500000007 0.5658854166666667
0 0.5556003106454007 0.39539286597428297 0.5253906250000001 0.3841145833333334 0.520846856454006 0.40575157640949566 0.5510565420994066 0.41702985905044526
0 0.583984375 0.5377604166666666 0.5622702205882353 0.5313265931372549 0.5583639705882353 0.554764093137255 0.580078125 0.5611979166666667
0 0.6110019793666027 0.48891104846449146 0.5790434560940498 0.47654000719769674 0.5725655290307101 0.5062904870441459 0.604524052303263 0.5186615283109407
0 0.6937747454751132 0.466234210030166 0.6718750000000001 0.4648437500000001 0.671459629524887 0.4764741233031676 0.6933593750000001 0.47786458333333354
0 0.7325071465696464 0.7230379417879419 0.6724211441008315 0.637582293832294 0.5638907386954262 0.7732453005890506 0.6239767411642412 0.8587009485446985
0 0.5241656171284634 0.8672235778757347 0.45375226306675065 0.8184036523929471 0.44156860044080604 0.8496438129722923 0.5119819545025188 0.8984637384550799
0 0.5185546875000001 0.6927083333333335 0.4953550433168318 0.6857234942244226 0.4885191058168317 0.7260880775577561 0.51171875 0.7330729166666669
0 0.7433143028846153 0.810196314102564 0.7353515625 0.7942708333333333 0.7103365384615385 0.8165064102564102 0.7182992788461539 0.832431891025641
0 0.8099609375 0.6052083333333335 0.7613281250000001 0.5835937500000001 0.7472656250000002 0.6398437500000003 0.7958984375 0.6614583333333336
0 0.5546874999999999 0.28776041666666674 0.537176724137931 0.27842133620689663 0.5280845905172413 0.30872844827586216 0.5455953663793103 0.31806752873563227
0 0.6037787402849741 0.20986479922279808 0.5771484375 0.20052083333333345 0.5654600469559585 0.2597420120898101 0.5920903497409327 0.26908597797927475
0 0.4450252757352941 0.3674172794117648 0.42526424632352944 0.36083026960784326 0.41969209558823534 0.39054840686274517 0.439453125 0.3971354166666668
0 0.3538602941176471 0.7114736519607843 0.3461052389705882 0.6701133578431373 0.3033662683823529 0.684359681372549 0.3111213235294118 0.7257199754901961