0 0.9713579963235294 0.36655943627450976 0.9580078125 0.2864583333333333 0.9153033088235294 0.2991115196078431 0.9286534926470587 0.37921262254901955
0 0.7717450792836857 0.3584328488219208 0.7096114828218681 0.22934909803302841 0.5516015748264437 0.3645615566161776 0.6137351712882613 0.49364530740507
0 0.5801923643867924 0.2873575078616353 0.5618845813679245 0.26498132861635226 0.533873820754717 0.3057242531446542 0.5521816037735848 0.3281004323899372
0 0.3813562899066797 0.036248567452521356 0.3501715219793713 0.010068762278978453 0.3322327019891945 0.04805685166994114 0.3634174699165029 0.07423665684348404
0 0.2001953125 0.007812500000000033 0.17832983993902438 0.004573170731707347 0.17647198932926828 0.02686737804878052 0.19833746189024393 0.030106707317073204
0 0.048828125000000014 0.16276041666666669 0.020507812500000017 0.14843750000000003 0.011641599532224545 0.17960358194733198 0.039961912032224545 0.19392649861399866
0 0.76171875 0.1354166666666668 0.73828125 0.1354166666666668 0.73828125 0.18880208333333345 0.76171875 0.18880208333333345
0 0.1985756478658537 0.2487931910569106 0.19433593750000003 0.19791666666666663 0.17697217987804878 0.20048907520325202 0.18121189024390244 0.25136559959349597
0 0.4174726129558456 0.3888662331664879 0.30511206203074726 0.3035874560541056 0.24914947935287807 0.4346709830473126 0.3615100302779764 0.519949760159695
0 0.4158203125 0.38333333333333336 0.4099609375 0.35989583333333336 0.387109375 0.37005208333333334 0.39296875 0.39348958333333334
0 0.29837740384615385 0.33764022435897445 0.2824399038461538 0.31389022435897446 0.24938401442307692 0.35332532051282056 0.26532151442307694 0.37707532051282056
0 0.3203125 0.31380208333333337 0.30741035522788207 0.27470467493297596 0.28515625 0.28776041666666674 0.29805839477211793 0.32685782506702415
0 0.48127020474137927 0.5050107758620691 0.44178340517241377 0.4604615660919541 0.42289197198275863 0.4902298850574713 0.46237877155172413 0.5347790948275862
0 0.5651575307377048 0.6079875341530055 0.5612512807377048 0.5506958674863388 0.5003201844262295 0.5580814549180328 0.5042264344262295 0.6153731215846995
0 0.8103515625 0.6932291666666666 0.795703125 0.6346354166666666 0.7599609375 0.6505208333333332 0.774609375 0.7091145833333332
0 0.5238597972972974 0.744263795045045 0.520191089527027 0.7149141328828829 0.49390308277027034 0.7207559121621621 0.4975717905405405 0.7501055743243242
0 0.5214843750000001 0.8815104166666669 0.5107421875000001 0.8619791666666671 0.4917754244942197 0.8805244460500966 0.5025176119942196 0.9000556960500965
0 0.5390625 0.8059895833333334 0.5184561353211009 0.7977470374617738 0.5117635464449541 0.827491876911315 0.5323699111238531 0.8357344227828747
0 0.3722175973360656 0.8813268442622952 0.35839843749999994 0.8515625000000001 0.32962026127049177 0.8753159153005466 0.34343942110655734 0.9050802595628418
0 0.3935546875000001 0.8333333333333335 0.35380284926470595 0.8200827205882354 0.3484030330882354 0.8488817401960785 0.38815487132352955 0.8621323529411765
0 0.4331134236811483 0.823439924359969 0.3406240908650117 0.7952526991207656 0.33655116611714514 0.819011426816654 0.4290404989332817 0.8471986520558574
0 0.662109375 0.9986979166666666 0.645703125 0.9330729166666667 0.622265625 0.9434895833333333 0.638671875 1.0091145833333333
0 0.5859375 0.7252604166666666 0.571640625 0.69984375 0.551171875 0.7203125 0.56546875 0.7457291666666667
0 0.34772359913793105 0.5127963362068965 0.34277343750000006 0.4973958333333333 0.31212957974137934 0.5149066091954023 0.31707974137931033 0.5303071120689654
0 0.6055101956233422 0.05732965848806364 0.5986328125 0.0078124999999999705 0.5814976375994695 0.012043407382847053 0.5883750207228117 0.06156056587091072