0 0.6529758817427386 0.4161101746196405 0.6392472769709542 0.3844927818118949 0.6034467388485476 0.4121282849239281 0.6171753436203319 0.4437456777316738
0 0.6987717767082429 0.4374604573391179 0.6923658656453362 0.4099387653651482 0.6480731426247288 0.4282667886840202 0.6544790536876355 0.4557884806579899
0 0.5332031249999999 0.05598958333333342 0.5126953125 0.04427083333333342 0.5065328663793104 0.06344288793103457 0.5270406788793103 0.07516163793103457
0 0.5293626538212435 0.08013547063903292 0.5087890625 0.07291666666666678 0.5045134391191709 0.09457982512953379 0.5250870304404145 0.10179862910189993
0 0.7790551516089108 0.600943688118812 0.7354482518564356 0.5533725247524752 0.7050781249999999 0.6028645833333334 0.7486850247524751 0.6504357466996701
0 0.6796047794117649 0.8180974264705883 0.6577849264705884 0.749001225490196 0.6184926470588236 0.7710600490196079 0.6403125000000001 0.8401562499999999
0 0.6095789770101663 0.7280450939617993 0.5099172539279112 0.6808933109981516 0.48432265191774493 0.7770669670363525 0.583984375 0.82421875
0 0.41713590801886796 0.6987175707547171 0.39289504716981144 0.6973123034591197 0.39177476415094353 0.7316676493710693 0.416015625 0.7330729166666667
0 0.4456967213114756 0.7352501707650274 0.42879098360655743 0.7332009904371585 0.4264536372950819 0.7674820696721313 0.4433593750000001 0.7695312500000002
0 0.26576161755181354 0.8428796955958551 0.2471816305051815 0.8284285945595857 0.2307824643782385 0.8659124028497411 0.24936245142487054 0.8803635038860106
0 0.30133402122641517 0.8320558176100631 0.28417968750000006 0.8255208333333335 0.27972066627358494 0.8463295990566039 0.2968750000000001 0.8528645833333334
0 0.2618089704949239 0.5334549492385786 0.2374881027918782 0.4552466687817259 0.19822136738578683 0.4769551078680203 0.2225422350888325 0.5551633883248731
0 0.3888221153846154 0.5036057692307694 0.2689302884615385 0.3970352564102565 0.24819711538461542 0.4385016025641027 0.36808894230769235 0.5450721153846155
0 0.39453125000000006 0.44140625000000006 0.37988281250000006 0.42187500000000006 0.357421875 0.4518229166666668 0.3720703125 0.4713541666666668
0 0.482686287229242 0.46516339500601694 0.45924173623646214 0.44506806558363426 0.4325255245938628 0.5004794675090254 0.45597007558664265 0.5205747969314081
0 0.3962351831896552 0.537841235632184 0.3272966056034483 0.5301813936781611 0.32527613146551726 0.5625089798850575 0.3942147090517242 0.5701688218390806
0 0.5942289510350319 0.8798600053078558 0.5751953125 0.8723958333333336 0.5703125000000001 0.89453125 0.589346138535032 0.9019954219745223
0 0.7172009698275861 0.8646282327586209 0.7018790409482758 0.8558728448275862 0.6953125 0.8763020833333335 0.7106344288793103 0.885057471264368