0 0.6216224965469614 0.09282199585635359 0.619658580801105 0.043069463627992625 0.5821391574585636 0.04570240561694291 0.5841030732044199 0.09545493784530386
0 0.4052734375 0.03906250000000006 0.388671875 0.016927083333333332 0.35839843749999994 0.0572916666666667 0.375 0.07942708333333343
0 0.4623834831008583 0.3791912553648069 0.4258986051502145 0.17487593884120178 0.28876911212446343 0.21840911123032913 0.32525399007510725 0.42272442775393426
0 0.7510843630590152 0.5397233082130392 0.567551423630767 0.4848743837862063 0.5419164506969998 0.6373696073922069 0.7254493901252479 0.6922185318190396
0 0.6296831837016575 0.42953642955801113 0.5901135186464089 0.42675961095764275 0.5888725828729282 0.45819665055248626 0.6284422479281768 0.4609734691528546
0 0.836688701923077 0.5154246794871796 0.8173076923076923 0.4981971153846155 0.7949218749999999 0.5429687500000001 0.8143028846153847 0.5601963141025643
0 0.9296874999999998 0.7356770833333335 0.8940361265923565 0.7026091427813164 0.858466859076433 0.7707835721868366 0.8941182324840764 0.8038515127388537
0 0.447265625 0.60546875 0.41807300934163705 0.5850802565243178 0.40281986766014233 0.6239064353499406 0.43201248331850534 0.6442949288256228
0 0.4716664309954751 0.6189609257164406 0.44479991515837103 0.6019925999245854 0.42638663037330315 0.6538225867269987 0.4532531462104073 0.6707909125188538
0 0.4507876536885248 0.46527066256830607 0.4113409323770492 0.4604892418032787 0.40772284836065575 0.5135544740437159 0.4471695696721313 0.5183358948087433
0 0.36080228365384626 0.7001201923076923 0.3330078125 0.6927083333333334 0.32902644230769235 0.7192508012820512 0.3568209134615386 0.7266626602564102
0 0.17187500000000006 0.6523437499999999 0.14550781250000006 0.6484374999999999 0.14345941310975616 0.6730182926829268 0.16982660060975613 0.6769245426829268
0 0.208984375 0.66796875 0.19380806587837837 0.6396396396396397 0.17514780405405406 0.6574113175675677 0.19032411317567569 0.685740427927928
0 0.24154926248108932 0.7001603473272819 0.19270636346444786 0.5939056196419568 0.17644755815052954 0.6071923852748362 0.225290457167171 0.7134471129601614
0 0.3267307171242774 0.7861723265895956 0.31201454118497113 0.759415643063584 0.294317873916185 0.7767190510597304 0.3090340498554913 0.803475734585742
0 0.3828125000000001 0.9817708333333334 0.3574218750000001 0.9817708333333334 0.3574218750000001 0.9986979166666666 0.3828125000000001 0.9986979166666666
0 0.5884726659912719 0.8868226568994183 0.5506765313279303 0.8843029145885288 0.5479270573566086 0.9576222204904407 0.5857231920199502 0.9601419628013301
0 0.40979933375634525 0.7602646467851101 0.3896484375000001 0.7369791666666667 0.3740531805203046 0.760971869712352 0.3942040767766498 0.7842573498307953