0 0.49323294865145223 0.25457620159059474 0.47136767375518673 0.1452498271092669 0.3722931794605809 0.18047631396957117 0.3941584543568465 0.289802688450899
0 0.5823743665540541 0.2055884009009009 0.5681218327702703 0.17898367117117123 0.5450274493243243 0.20097832207207206 0.5592799831081081 0.2275830518018017
0 0.702694081303725 0.4570461735912131 0.6716203662249284 0.3078923412129896 0.6417022967406877 0.3189731076886343 0.6727760118194842 0.46812694006685773
0 0.6523437499999999 0.36328125 0.6476224392102914 0.3353031119869125 0.5624796670508625 0.3608459436347412 0.567200977840571 0.3888240816478287
0 0.6153064702181208 0.34277125279642057 0.6044921874999999 0.2942708333333333 0.5739854236577181 0.30636360458612977 0.584799706375839 0.354864024049217
0 0.5362591911764705 0.4610447303921569 0.5271829044117646 0.4065870098039216 0.4930606617647058 0.4166973039215687 0.5021369485294117 0.4711550245098039
0 0.5441354397123893 0.4857807890855458 0.5265054618362831 0.48421367994100295 0.5253387721238938 0.5075474741887905 0.54296875 0.5091145833333334
0 0.46456801470588227 0.5581648284313725 0.41803768382352935 0.48578431372549014 0.3900505514705882 0.5177696078431373 0.4365808823529411 0.5901501225490194
0 0.7350504722363083 0.7390551048005408 0.6922956547920891 0.664046653144016 0.6437151369168356 0.7132749112576063 0.6864699543610546 0.7882833629141311
0 0.4058114681603774 0.45146914308176106 0.3257407134433963 0.43145145440251575 0.3170069280660378 0.4935583726415095 0.3970776827830189 0.5135760613207547
0 0.4175463685573858 0.7409449167552251 0.21631015043836355 0.6102273733616721 0.17385718318278434 0.7264144416400993 0.37509340130180663 0.8571319850336523
0 0.31640625 0.6236979166666666 0.30761718749999994 0.6041666666666665 0.28837316176470584 0.6195618872549019 0.2971622242647059 0.639093137254902
0 0.36158107069672135 0.618032786885246 0.342101050204918 0.5760758196721312 0.3211898053278688 0.5933358948087432 0.3406698258196721 0.635292862021858
0 0.3262347062032419 0.5881338320864508 0.3156371765897756 0.5518872090606818 0.23592142690149626 0.5933213840399003 0.24651895651496258 0.6295680070656693
0 0.3108651158146965 0.8947226104898828 0.3083909494808307 0.8122503993610224 0.2830408845846645 0.8136024028221512 0.2855150509185303 0.8960746139510116
0 0.46489770372928174 0.7590498388581952 0.4456200362569061 0.7304903314917129 0.4224738863950277 0.758265711325967 0.44175155386740333 0.7868252186924494
0 0.517578125 0.8463541666666666 0.44921875 0.8463541666666666 0.44921875 0.9153645833333334 0.517578125 0.9153645833333334