0 0.9266277885977336 0.36275008852691226 0.8984098353399432 0.3492054709631729 0.8786655674575069 0.42233238904627013 0.9068835207152974 0.43587700661000955
0 0.033203125000000014 0.19401041666666669 0.024366554054054045 0.17175534909909906 0.0002269847972972916 0.18879504504504502 0.009063555743243256 0.21105011261261267
0 0.7890625 0.3645833333333334 0.7724609375 0.3645833333333334 0.7724609375 0.3945312500000001 0.7890625 0.3945312500000001
0 0.7861799568965517 0.3296605603448277 0.7666015624999999 0.3281250000000001 0.7653219288793103 0.3571300287356323 0.7849003232758621 0.3586655890804599
0 0.8046875000000002 0.32421875000000017 0.7919921875000001 0.32291666666666685 0.7904181985294119 0.3501991421568629 0.8031135110294118 0.3515012254901962
0 0.8724319433115826 0.30073027120717793 0.8720703125000002 0.2838541666666667 0.8280772073817293 0.28553009448069605 0.8284388381933117 0.30240619902120724
0 0.8131822559931507 0.3660637842465755 0.7998046875 0.35937500000000017 0.7920992080479452 0.38677226027397277 0.805476776541096 0.3934610445205481
0 0.8285209037162163 0.38355152027027045 0.8082506334459459 0.379047015765766 0.8035525760135135 0.41663147522522537 0.8238228462837839 0.42113597972972994
0 0.8736452312138727 0.5455954961464358 0.8268266799132948 0.5359916907514453 0.818043262283237 0.6121146435452796 0.8648618135838151 0.62171844894027
0 0.7335133272058824 0.5761335784313727 0.7001953125 0.5494791666666667 0.6841681985294118 0.5850949754901963 0.7174862132352942 0.6117493872549021
0 0.7425180288461538 0.5647235576923076 0.7395282451923076 0.532832532051282 0.7200570913461538 0.5360777243589744 0.723046875 0.56796875
0 0.6576772836538461 0.48657852564102577 0.6396484374999999 0.4817708333333334 0.6356670673076923 0.5083133012820513 0.6536959134615385 0.5131209935897437
0 0.5596907882801162 0.3427597363328497 0.5273749319666183 0.3289716376390905 0.47744976868650213 0.536993151306241 0.509765625 0.5507812500000001
0 0.5470252403846155 0.5804286858974359 0.5411658653846155 0.541366185897436 0.4900841346153847 0.554987980769231 0.4959435096153847 0.5940504807692307
0 0.4921875000000001 0.4049479166666668 0.4363009005481599 0.36686223407726454 0.41790298306577933 0.4148568014226052 0.4737895825176195 0.4529424840120075
0 0.38756119232832625 0.45283440629470667 0.33198179318669535 0.3907457081545064 0.29988935085836915 0.44181755185979976 0.35546875000000006 0.5039062500000001
0 0.39453125 0.3437500000000001 0.34375 0.34375000000000006 0.34375 0.42317708333333337 0.39453125 0.4231770833333334
0 0.41876055743243246 0.47413429054054046 0.4060916385135136 0.45048564189189194 0.3791173986486487 0.4761753941441442 0.39178631756756754 0.49982404279279274
0 0.24003570469197708 0.2860255491881567 0.20605468750000006 0.26041666666666674 0.1941596525787966 0.28847674904489023 0.22814066977077366 0.3140856315663802
0 0.2189453125 0.45520833333333327 0.1876953125 0.3302083333333333 0.1373046875 0.35260416666666666 0.1685546875 0.4776041666666666
0 0.228761772260274 0.588794948630137 0.19574860873287675 0.5871646689497717 0.19492187500000005 0.6169270833333333 0.22793503852739727 0.6185573630136987
0 0.3110727163461539 0.6740785256410258 0.303485576923077 0.6234975961538464 0.28057391826923084 0.6296073717948719 0.28816105769230776 0.6801883012820513
0 0.330078125 0.6184895833333335 0.32458726415094336 0.5928655660377358 0.3047243514150943 0.6004323899371069 0.31021521226415094 0.6260564072327046
0 0.46281550480769235 0.633613782051282 0.4557542067307693 0.5865384615384616 0.37650240384615385 0.6076722756410257 0.3835637019230769 0.6547475961538461
0 0.446955265410959 0.6796625285388128 0.4211098030821918 0.6517658390410959 0.4043717893835616 0.6793343321917809 0.4302172517123288 0.7072310216894978
0 0.36248887217583503 0.8095965332351016 0.3250917086198428 0.7982640594302555 0.3141653364440079 0.8623654428618206 0.3515625000000001 0.8736979166666667
0 0.48712446351931316 0.7088865790414878 0.4814453124999999 0.6770833333333335 0.4600573363733905 0.6838731670243205 0.4657364873927038 0.7156764127324748
0 0.6245916640428211 0.766071053736356 0.5908522906171285 0.6236159214945424 0.5262614137279596 0.6508120801847187 0.5600007871536523 0.7932672124265323
0 0.5827652844286657 0.8849040896081024 0.548136661988111 0.7898451260457949 0.4538151729689564 0.8509295189343902 0.4884437954095112 0.9459884824966976
0 0.2818359375 0.3505208333333334 0.2786808894230769 0.33509615384615393 0.2537259615384615 0.3441706730769232 0.25688100961538457 0.35959535256410263
0 0.6231524493243243 0.916209177927928 0.6005859375 0.9114583333333334 0.597751266891892 0.9353955518018019 0.6203177787162163 0.9401463963963965