0 0.6043862522789426 0.10806104717411132 0.5503459363605288 0.08724551807961116 0.5390625 0.13932291666666677 0.5931028159184139 0.16013844576116693
0 0.6269531250000001 0.061197916666666664 0.6240234375000001 0.052083333333333336 0.6171875000000001 0.05598958333333327 0.6201171875000001 0.0651041666666666
0 0.623046875 0.07031250000000008 0.59765625 0.07031250000000008 0.59765625 0.12369791666666675 0.623046875 0.12369791666666675
0 0.5878169221698112 0.0738748034591195 0.571196933962264 -0.0036851415094339163 0.5381780660377358 0.008893474842767339 0.554798054245283 0.08645341981132075
0 0.8005963328428864 0.1904720018764926 0.7347908137154555 0.12278632505970648 0.7045643551688843 0.1750295867451382 0.7703698742963152 0.24271526356192433
0 0.7114138719512195 0.1518356199186993 0.6841892149390244 0.1478023373983741 0.6818073551829268 0.1763846544715448 0.7090320121951219 0.18041793699187003
0 0.5963092672413792 0.24160380747126448 0.5786301185344828 0.23150143678160925 0.5721646012931034 0.2516163793103449 0.58984375 0.26171875000000017
0 0.6958984375000001 0.21718750000000017 0.6726562500000001 0.2127604166666668 0.67015625 0.23609375000000016 0.6933984375000001 0.2405208333333335
0 0.6977022058823529 0.33855698529411765 0.6922104779411764 0.3056066176470588 0.6512637867647059 0.3177389705882353 0.6567555147058823 0.3506893382352941
0 0.5165414663461539 0.3014222756410258 0.48937800480769234 0.29689503205128215 0.48638822115384617 0.3287860576923078 0.5135516826923078 0.3333133012820514
0 0.5532552537258151 0.5411271770234152 0.44582401652649484 0.3838422284440183 0.42227893634521535 0.41243268294985763 0.5297101735445355 0.5697176315292545
0 0.5931640625000001 0.5158854166666669 0.5634765625 0.4960937500000001 0.540625 0.5570312500000001 0.5703125000000001 0.5768229166666669
0 0.748259698275862 0.5198114224137932 0.6422535021551724 0.48543103448275865 0.6264453124999999 0.5720833333333334 0.7324515086206895 0.6064637212643679
0 0.8070763221153848 0.626862980769231 0.7318359375000001 0.6143229166666669 0.718915264423077 0.7521434294871797 0.7941556490384617 0.7646834935897437
0 0.57421875 0.7070312500000002 0.5478515625 0.6718750000000002 0.5224609375000001 0.7057291666666667 0.5488281250000001 0.7408854166666667
0 0.568359375 0.6653645833333334 0.56640625 0.62890625 0.5491949555837563 0.6305454208967851 0.5511480805837563 0.6670037542301184
0 0.6099261293316832 0.6814536922442246 0.5886544709158417 0.6786174711221125 0.5861212097772278 0.7123942863036307 0.6073928681930694 0.7152305074257428
0 0.46410757211538467 0.6125400641025642 0.44229266826923075 0.6046073717948719 0.4352163461538462 0.6392027243589744 0.4570312500000001 0.6471354166666667
0 0.4096730025773196 0.6040190077319587 0.35640504188144334 0.5767021048109965 0.339441043814433 0.635510631443299 0.39270900451030927 0.6628275343642611
0 0.4453125 0.6940104166666666 0.4258456932106599 0.6314112732656516 0.36174254441624365 0.6668504124365484 0.38120935120558375 0.7294495558375634
0 0.32226562500000006 0.69921875 0.29589843750000006 0.6875 0.28671875 0.72421875 0.3130859375 0.7359375
0 0.2558593750000001 0.7408854166666666 0.23847336065573782 0.7215676229508198 0.22374487704918042 0.7451331967213116 0.24113089139344268 0.7644509904371586
0 0.3426150760135136 0.825485641891892 0.24918179898648657 0.8047226914414416 0.24068306587837845 0.8727125563063064 0.3341163429054055 0.8934755067567568
0 0.5345794882550337 0.8268403942953022 0.49725382760067127 0.8180578859060403 0.493341023489933 0.8476212947427294 0.5306666841442953 0.8564038031319912
0 0.509765625 0.7851562499999999 0.4912109375000001 0.7786458333333334 0.4870871113989638 0.7995398855785837 0.5056417988989637 0.8060503022452503
0 0.4558871116863907 0.8997241740631166 0.4285780325443788 0.884730954142012 0.413005038831361 0.9351577909270219 0.4403141179733729 0.9501510108481264
0 0.6843463873407644 0.8848692940552019 0.6478005573248409 0.8395020567940554 0.6225417993630574 0.8756750928874736 0.659087629378981 0.92104233014862
0 0.44198258196721313 0.8496200478142077 0.4120453381147541 0.8459912909836066 0.4097880379098361 0.8790983606557378 0.43972528176229514 0.882727117486339
0 0.465923337667162 0.5454181370728084 0.45127054699108465 0.48325478268945027 0.3956079355497771 0.5065800674839029 0.4102607262258543 0.5687434218672611
0 0.6416125351123595 0.6684661750936328 0.6376294768258426 0.6454529494382022 0.6152343749999999 0.65234375 0.6192174332865168 0.6753569756554306