0 0.8505859375 0.2643229166666668 0.816119025735294 0.2528339460784315 0.809283088235294 0.28929227941176483 0.84375 0.3007812500000001
0 0.3926475253807106 0.1406316095600677 0.37898556472081213 0.11961320854483928 0.30678438293147203 0.2030456852791879 0.32044634359137053 0.22406408629441632
0 0.359375 0.14713541666666677 0.34277343749999994 0.12500000000000003 0.3203125 0.15494791666666666 0.3369140625 0.1770833333333334
0 0.34765625000000006 0.12369791666666667 0.34082031250000006 0.0859375 0.3211551966292135 0.09226650280898878 0.3279911341292135 0.13002691947565545
0 0.26070926966292135 0.26581519194756553 0.24259348665730335 0.2602411048689139 0.23811666081460675 0.2861072097378277 0.25623244382022475 0.2916812968164794
0 0.291015625 0.3450520833333333 0.2868088942307692 0.3170072115384616 0.2646484375 0.32291666666666674 0.2688551682692307 0.35096153846153844
0 0.35330882352941173 0.353844975490196 0.34062499999999996 0.3341145833333333 0.3184283088235294 0.3594822303921568 0.3311121323529412 0.37921262254901955
0 0.32486364976415094 0.4242334905660377 0.30463222287735847 0.40924724842767296 0.2921948702830189 0.43909689465408813 0.3124262971698113 0.4540831367924529
0 0.09960937500000007 0.8893229166666666 0.08105468750000008 0.8854166666666666 0.07635135135135145 0.9251337274774775 0.09490603885135143 0.9290399774774775
0 0.2500000000000001 0.6692708333333334 0.20117187500000008 0.6692708333333334 0.20117187500000008 0.7174479166666666 0.2500000000000001 0.7174479166666666
0 0.44339560497470487 0.43378038926363127 0.4071853920741991 0.41698724704890394 0.38829310708263076 0.48940767284991565 0.4245033199831365 0.506200815064643
0 0.5442356418918919 0.4260627815315315 0.5258921030405406 0.39182150900900886 0.490234375 0.42578124999999994 0.5085779138513513 0.4600225225225225
0 0.5468170093527317 0.6103152216943786 0.4283560347387175 0.6048687401029296 0.4219631457838481 0.8520604463578781 0.5404241203978624 0.8575069279493271
0 0.6051240808823529 0.6739430147058824 0.5921989889705882 0.6050091911764707 0.5637063419117647 0.6145067401960785 0.5766314338235293 0.6834405637254902
0 0.5809565564222042 0.9329500945434901 0.5415141941855754 0.9284423960021612 0.5394012104943274 0.9613110311993517 0.5788435727309562 0.9658187297406807
0 0.744140625 0.8502604166666666 0.7204014723088925 0.8065502307592305 0.7076772133385336 0.8188357221788873 0.7314163660296412 0.8625459080863235
0 0.8770746067381869 0.571671086467374 0.8349609374999998 0.5520833333333335 0.826767983064127 0.5833986258437803 0.8688816523023142 0.6029863789778209
0 0.7418551668400714 0.3611362960760999 0.681334302541617 0.1894018777249307 0.5400042267390012 0.27794602160126847 0.6005250910374554 0.44968043995243767