0 0.702829391891892 0.18435388513513523 0.634327491554054 0.16993243243243253 0.6239706503378378 0.2573902027027028 0.6924725506756757 0.2718116554054055
0 0.68683340443686 0.11953391638225265 0.6377653050341296 0.11183695961319691 0.6324058767064845 0.17257714732650745 0.681473976109215 0.18027410409556321
0 0.724046247718978 0.28949969586374696 0.7138671874999999 0.2604166666666667 0.6775134010036497 0.2830368004866179 0.6876924612226277 0.31211982968369817
0 0.4761370083207262 0.13695907400403434 0.41407875141830564 0.08624479954614227 0.3847730120083207 0.14999763615733747 0.4468312689107413 0.20071191061522953
0 0.6291590073529413 0.5252144607843138 0.48624770220588254 0.3618872549019609 0.4162109375000001 0.47083333333333344 0.5591222426470589 0.6341605392156864
0 0.6000954468325793 0.4419954279788839 0.5986858385180998 0.40252639517345407 0.5791059813348417 0.403769560708899 0.5805155896493213 0.44323859351432887
0 0.630859375 0.3463541666666668 0.609375 0.3463541666666668 0.609375 0.3736979166666668 0.630859375 0.3736979166666668
0 0.54296875 0.3033854166666668 0.5123161764705882 0.2991574754901961 0.5096346507352941 0.33371936274509817 0.5402872242647059 0.3379473039215687
0 0.530409580261394 0.2819027870866846 0.5177090315013404 0.2383580484807865 0.3641242878686327 0.31799458221626453 0.37682483662868627 0.3615393208221626
0 0.45586610991379306 0.358441091954023 0.4323949353448276 0.3566002155172414 0.4313577586206897 0.3801095545977012 0.45482893318965517 0.3819504310344828
0 0.3675836327277657 0.5058975054229935 0.34735544332971796 0.418991210231381 0.24820363340563995 0.4600195453723788 0.26843182280368766 0.5469258405639913
0 0.36838942307692313 0.4363982371794872 0.3634314903846155 0.4033453525641026 0.33676382211538464 0.41045673076923084 0.3417217548076923 0.4435096153846155
0 0.21777343750000006 0.5026041666666667 0.19238281250000006 0.4687500000000001 0.17285156250000006 0.4947916666666668 0.19824218750000006 0.5286458333333335
0 0.18806751179245287 0.6077682783018867 0.16559183372641512 0.5872641509433962 0.1540462853773585 0.6097631682389938 0.17652196344339627 0.6302672955974844
0 0.38085937499999994 0.9049479166666666 0.36816406249999994 0.8802083333333334 0.34344781839622635 0.9027564858490567 0.35614313089622635 0.9274960691823899
0 0.4985576923076923 0.9278445512820515 0.481415264423077 0.914783653846154 0.47113882211538477 0.9387620192307693 0.4882812500000001 0.9518229166666667
0 0.6039982064688716 0.7305903453307394 0.5556640625000001 0.7265625000000001 0.5523581894455254 0.7970877918287939 0.6006923334143969 0.8011156371595332
0 0.642755550683161 0.7014632570162483 0.6091442023633677 0.6599677652634173 0.5782028942023634 0.7045232490152635 0.6118142425221567 0.7460187407680947
0 0.8049555200729926 0.7004619069343067 0.7475407732664233 0.6039385644768857 0.6486884124087591 0.7084720954987834 0.7061031592153284 0.8049954379562045
0 0.758173076923077 0.5798878205128207 0.7310396634615385 0.5592147435897438 0.7210637019230769 0.5824919871794874 0.7481971153846154 0.6031650641025642