0 0.618152723603048 0.11824201741654582 0.5222880193214804 0.1078782656023223 0.5206297056422351 0.13514831277213363 0.6164944099238027 0.14551206458635715
0 0.6018041027806653 0.11545499826749824 0.6010569614085239 0.0845731548856549 0.5541048109407485 0.08659260221760223 0.5548519523128899 0.11747444559944559
0 0.611328125 0.04947916666666676 0.5888671875 0.049479166666666755 0.5888671875 0.08723958333333343 0.611328125 0.08723958333333343
0 0.443359375 0.1523437500000001 0.42238011853448276 0.1403556034482759 0.41409617456896547 0.16612787356321845 0.43507543103448276 0.17811602011494262
0 0.4838527036516854 0.3843954822097379 0.46169241573033715 0.3360457631086143 0.4076544943820225 0.38007666198501877 0.4298147823033707 0.4284263810861424
0 0.470703125 0.23046875000000008 0.455078125 0.20963541666666677 0.4375 0.2330729166666667 0.453125 0.25390625000000006
0 0.40907805429864263 0.26157734728506793 0.39941406250000006 0.23437500000000006 0.3785085548642534 0.24757847850678738 0.3881725466628959 0.2747808257918552
0 0.4465748856707316 0.6098513719512194 0.37483326981707316 0.49028201219512196 0.2287061737804878 0.6461509146341463 0.3004477896341463 0.7657202743902438
0 0.2812500000000001 0.8151041666666666 0.2519531250000001 0.8151041666666666 0.2519531250000001 0.8658854166666666 0.2812500000000001 0.8658854166666666
0 0.10546875 0.73046875 0.08700721153846155 0.6607251602564103 0.04573317307692311 0.6801482371794871 0.06419471153846157 0.7498918269230769
0 0.4785156250000001 0.6601562500000001 0.4638671875000001 0.6406250000000001 0.4296875000000001 0.6861979166666669 0.4443359375000001 0.7057291666666669
0 0.5606390035377358 0.4598565251572329 0.5166724306059507 0.4296572629414613 0.5033719044811321 0.4640821540880505 0.5473384774129173 0.49428141630382216
0 0.7705078124999999 0.48567708333333337 0.6322265625 0.39348958333333345 0.571484375 0.55546875 0.709765625 0.64765625
0 0.8323343211206897 0.7086925287356322 0.8297683189655173 0.6505298132183908 0.8053811961206895 0.652442528735632 0.8079471982758619 0.7106052442528735
0 0.68359375 0.8645833333333334 0.650390625 0.8645833333333334 0.650390625 0.9231770833333334 0.68359375 0.9231770833333334
0 0.2109375 0.3372395833333333 0.19727806528662423 0.30384985403397036 0.162109375 0.32942708333333337 0.17576880971337577 0.36281681263269644