0 0.3297077047413793 0.21426005747126436 0.32695985991379306 0.15197557471264364 0.29410021551724136 0.15455280172413793 0.2968480603448276 0.21683728448275863
0 0.3078975866336634 0.3579053217821782 0.3037109375 0.3020833333333333 0.2434734684405941 0.31011499587458746 0.2476601175742575 0.3659369843234323
0 0.2709089730290457 0.282930281811895 0.2438083506224067 0.2620105031120333 0.2305254797717843 0.2926013571922546 0.2576261021784233 0.3135211358921163
0 0.248046875 0.4205729166666667 0.2404737076039387 0.3675607448942378 0.19380384983588622 0.3794134071845368 0.20137701723194748 0.4324255789569657
0 0.3183107998704663 0.40915236398963734 0.2700210492227979 0.35257043393782384 0.24806913860103622 0.38587678108808293 0.2963588892487046 0.44245871113989643
0 0.4239483173076922 0.2978966346153847 0.41164362980769226 0.23774038461538463 0.3513221153846154 0.2596754807692308 0.36362680288461535 0.31983173076923077
0 0.4637728987068964 0.20135596264367822 0.4517578124999999 0.1833333333333334 0.4293911637931034 0.20984195402298852 0.4414062499999999 0.22786458333333337
0 0.5048091096698113 0.20538522012578617 0.4736328125 0.1822916666666667 0.4630380306603773 0.20771914308176112 0.4942143278301886 0.23081269654088057
0 0.4462890625 0.09895833333333341 0.4276695014946855 0.09526083185710074 0.41988295089681127 0.1649689991142605 0.43850251190212575 0.16866650059049315
0 0.5801182577054794 0.19516980593607317 0.5605870077054794 0.13787813926940642 0.528949058219178 0.1570526541095891 0.548480308219178 0.21434432077625584
0 0.5532867293552036 0.09521116138763207 0.528046344739819 0.09360859728506797 0.5271979284502264 0.11736425339366525 0.552438313065611 0.11896681749622935
0 0.6608455882352942 0.3825827205882353 0.636086856617647 0.25053615196078427 0.5786420036764705 0.2696844362745097 0.6034007352941175 0.40173100490196073
0 0.5139278017241378 0.2949802442528736 0.45942887931034476 0.2907058189655173 0.45651266163793097 0.3568067528735633 0.511011584051724 0.3610811781609196
0 0.37109375 0.39843750000000006 0.349609375 0.3984375 0.349609375 0.4427083333333333 0.37109375 0.44270833333333337
0 0.37357352354768303 0.5568491856950976 0.36343603089321697 0.501742815368256 0.2981912934435863 0.5230807169241101 0.30832878609805237 0.5781870872509516
0 0.28520976027397266 0.7077090468036532 0.27671500428082196 0.6827910958904112 0.25243471746575347 0.6975064212328769 0.26092947345890416 0.7224243721461189
0 0.38281250000000006 0.6523437500000002 0.36425781250000006 0.6276041666666669 0.3515625000000001 0.6445312500000001 0.3701171875000001 0.6692708333333335
0 0.46658433982176356 0.6568973772670419 0.4186723147279549 0.6032359091619762 0.3691149742026266 0.6818983544402751 0.4170269992964353 0.7355598225453408
0 0.51484375 0.7231770833333335 0.4873046875000001 0.7109375000000002 0.4638671875000001 0.8046875000000001 0.4914062500000001 0.8169270833333334
0 0.5664062500000001 0.9518229166666666 0.5175872262348555 0.9359115311432122 0.511420229496738 0.9695496951693072 0.5602392532618827 0.9854610806927617
0 0.6501493566176471 0.688296568627451 0.5536764705882352 0.6597120098039216 0.534375 0.7755208333333334 0.6308478860294118 0.8041053921568629
0 0.509803222174235 0.6754329137874301 0.5087890625 0.6145833333333334 0.48614399524925966 0.6152542982889108 0.4871581549234946 0.6761038787430075
0 0.47516172935520384 0.5665653280542987 0.4521484375000001 0.5651041666666667 0.4513000212104073 0.5888598227752642 0.47431331306561103 0.590320984162896
0 0.47701322115384626 0.4860777243589744 0.4736328125000001 0.46354166666666674 0.4492187500000001 0.4700520833333334 0.45259915865384626 0.49258814102564114
0 0.5356802591463414 0.577902693089431 0.5334889481707317 0.5516069613821137 0.504978086890244 0.5558307926829268 0.5071693978658537 0.5821265243902439
0 0.5859375 0.5442708333333334 0.55078125 0.5442708333333334 0.55078125 0.5794270833333334 0.5859375 0.5794270833333334
0 0.5919921875 0.4851562500000001 0.5677734374999999 0.46901041666666665 0.5480468749999999 0.5216145833333333 0.572265625 0.5377604166666667
0 0.607421875 0.4010416666666668 0.583984375 0.4010416666666668 0.583984375 0.4335937500000001 0.607421875 0.4335937500000001
0 0.6548589812665784 0.4557498894783379 0.6357421875000001 0.4166666666666667 0.625137288627321 0.42588831786030057 0.6442540823938993 0.4649715406719718
0 0.8050390624999999 0.43687499999999996 0.7995312499999999 0.38546874999999997 0.7084765624999999 0.4028124999999999 0.713984375 0.45421874999999995
0 0.6011273978960396 0.2154367780528054 0.5716371441831685 0.2115047442244226 0.5681659962871288 0.2577867161716173 0.59765625 0.2617187500000001
0 0.7464459528688524 0.6731343920765028 0.7386814805327868 0.5592554644808744 0.6323162141393444 0.5721482240437159 0.6400806864754098 0.6860271516393444
0 0.7253483952702703 0.7702350788288288 0.7211518158783784 0.7366624436936937 0.6980310388513514 0.7418003941441441 0.7022276182432432 0.7753730292792792
0 0.8281898340248963 0.6090508298755188 0.7564064120850624 0.5835278354080222 0.7406355355290458 0.6623822181881053 0.8124189574688797 0.6879052126556019
0 0.8772624885948904 0.5868765206812653 0.876432766879562 0.5459435827250607 0.8257413321167884 0.5477703010948904 0.8265710538321167 0.5887032390510949