0 0.6947819960212201 0.15855921198054823 0.5976572861405836 0.06077378978779849 0.5408415533819629 0.16109706564986742 0.6379662632625995 0.25888248784261714
0 0.3327073317307693 0.2611177884615385 0.3115234375 0.21875000000000003 0.291015625 0.2369791666666667 0.3121995192307693 0.2793469551282052
0 0.30078125 0.26562500000000006 0.23828125 0.26562500000000006 0.23828125 0.3580729166666667 0.30078125 0.3580729166666667
0 0.23765624999999996 0.33401041666666664 0.23339843749999994 0.2942708333333333 0.19566406249999996 0.30145833333333333 0.19992187499999997 0.34119791666666666
0 0.28779966719314076 0.6260266245487365 0.23723770306859207 0.5717650045126355 0.19772817012635382 0.6372151398916969 0.24829013425090257 0.691476759927798
0 0.40435450819672125 0.6729807035519128 0.3402759989754098 0.477693818306011 0.310460425204918 0.4950862363387979 0.37453893442622943 0.6903731215846995
0 0.3754108297413793 0.4608746408045977 0.349872036637931 0.4580369971264368 0.3475080818965517 0.49586027298850577 0.373046875 0.4986979166666667
0 0.39406527601522845 0.35197890228426404 0.3772604695431472 0.3325600148054146 0.36430738420050757 0.35248783840947545 0.38111219067258884 0.3719067258883249
0 0.44794170673076916 0.37830528846153844 0.43937800480769235 0.3611778846153845 0.4118840144230769 0.3856169871794871 0.42044771634615385 0.402744391025641
0 0.5763639348731167 0.43612253832936826 0.529116431651467 0.33665411049431687 0.4400641541931007 0.41185381145915956 0.48731165741475024 0.5113222392942111
0 0.5468750000000001 0.3476562500000001 0.5293188202247191 0.3330261001872659 0.5166454529494382 0.3600626170411985 0.5342016327247192 0.3746927668539327
0 0.5334693227284462 0.5199238244278094 0.5139582392230253 0.46061013057133027 0.42199902394166233 0.5143874494493202 0.44151010744708313 0.5737011433057994
0 0.447265625 0.48046875000000017 0.4326171875 0.4609375000000001 0.4150390625 0.4843750000000001 0.4296875000000001 0.5039062500000001
0 0.4220703125 0.5708333333333334 0.4033203125000001 0.5625000000000001 0.3960937500000001 0.59140625 0.41484375 0.5997395833333333
0 0.71328125 0.3296875000000001 0.6903125 0.2888541666666667 0.64109375 0.33807291666666667 0.6640625 0.37890625000000006
0 0.6652193509615385 0.298798076923077 0.6311448317307693 0.2634615384615385 0.6004356971153847 0.3161057692307692 0.6345102163461539 0.35144230769230766
0 0.5367072610294118 0.14146752450980402 0.5174057904411765 0.13503370098039225 0.51171875 0.16536458333333343 0.5310202205882353 0.1717984068627452
0 0.8369140625 0.6145833333333335 0.8134765625000002 0.5833333333333336 0.7998046875000002 0.6015625000000002 0.8232421875 0.6328125000000001
0 0.837890625 0.4361979166666668 0.8189314441568047 0.4257889546351086 0.8125 0.4466145833333334 0.8314591808431953 0.45702354536489165
0 0.47770671271459236 0.68135282546495 0.45253403299356226 0.673361498569385 0.44748357027897 0.7016440897711017 0.4726562500000001 0.7096354166666667
0 0.5642969115411599 0.7927482850015591 0.5378027435102899 0.7033954045837231 0.4774266984331151 0.7352215368724664 0.503920866463985 0.8245744172903025
0 0.5272263948497854 0.6831969778254651 0.4999832349785409 0.6608436158798285 0.4797646190987126 0.7046506169527899 0.5070077789699571 0.7270039788984265
0 0.5674214882425742 0.8807240099009902 0.544235380569307 0.8554300742574259 0.5186513768564357 0.8971225247524754 0.5418374845297029 0.9224164603960396
0 0.6425596992924529 0.8977004716981133 0.6249815742924529 0.8846796383647799 0.610793779481132 0.9187303459119498 0.628371904481132 0.9317511792452832
0 0.8144531249999998 0.6783854166666667 0.7955228365384615 0.6615584935897437 0.78125 0.6901041666666667 0.8001802884615383 0.7069310897435899