0 0.803448275862069 0.17001616379310355 0.7444841056034482 0.16539152298850585 0.7429014008620689 0.20126616379310355 0.8018655711206897 0.20589080459770123
0 0.5293870192307694 0.20867387820512814 0.5139272836538463 0.18217147435897435 0.49594350961538475 0.20082131410256412 0.5114032451923078 0.2273237179487179
0 0.3903149341617212 0.33201965875370926 0.32598351724777447 0.3080025964391692 0.31578032270029677 0.3565892371414442 0.38011173961424344 0.3806062994559843
0 0.3481158088235293 0.44646139705882343 0.3295611213235293 0.3475030637254902 0.22960707720588233 0.3808210784313726 0.2481617647058823 0.4797794117647058
0 0.4427849264705882 0.4643841911764707 0.3787339154411765 0.41314338235294124 0.3347886029411765 0.5107996323529412 0.39883961397058826 0.5620404411764707
0 0.49524356617647064 0.4995863970588236 0.4914636948529412 0.43406862745098035 0.4523322610294119 0.4380821078431373 0.4561121323529413 0.5035998774509804
0 0.5845979273778921 0.6133488646101115 0.5250220919023137 0.4908874250214225 0.48901932037275075 0.5220249571550986 0.5485951558483292 0.6444863967437875
0 0.6455137346497879 0.4521498193349507 0.5665833222786538 0.4337327231150193 0.549188783922074 0.5662625391651506 0.6281191962932081 0.584679635385082
0 0.7230641592920355 0.5384563974926256 0.7007000138274337 0.5128226401179943 0.5978826742256638 0.6722944321533926 0.6202468196902655 0.6979281895280239
0 0.7026654411764707 0.4100030637254902 0.6721622242647058 0.3422181372549019 0.6333869485294118 0.3732383578431372 0.6638901654411764 0.4410232843137255
0 0.7064568014705882 0.29771752450980404 0.6826171874999999 0.2786458333333333 0.6650390624999999 0.3177083333333333 0.6888786764705882 0.3367800245098041
0 0.5624999999999999 0.2877604166666667 0.5615167025862069 0.265472341954023 0.5403353987068965 0.2671336206896552 0.5413186961206896 0.28942169540229884
0 0.6519626524390243 0.360010162601626 0.5937261814024389 0.29789126016260153 0.5479944740853657 0.37411077235772344 0.6062309451219511 0.4362296747967479
0 0.7253107734806631 0.25605001151012896 0.7240374654696133 0.22379287523020258 0.6988194924033151 0.22556255755064455 0.7000928004143647 0.25781969383057096
0 0.45965129573170743 0.654757367886179 0.4285680259146343 0.6501524390243903 0.42492378048780494 0.6938833841463414 0.4560070503048781 0.6984883130081302
0 0.33086467760181 0.7709452771493215 0.307201817024887 0.7694428733031676 0.30641526442307704 0.7914663461538463 0.33007812500000006 0.7929687500000001
0 0.7605516387195121 0.7679115853658539 0.7330725990853658 0.7057850609756098 0.6651124237804877 0.7592238313008131 0.6925914634146342 0.8213503556910572
0 0.537109375 0.9153645833333334 0.5205078125 0.9114583333333334 0.5165950083892618 0.9410217421700224 0.5331965708892618 0.9449279921700224
0 0.6978665865384616 0.43219150641025655 0.6730769230769231 0.42558092948717957 0.6645883413461539 0.48217147435897445 0.6893780048076923 0.4887820512820514