0 0.7249919734589041 0.3275756278538813 0.7232288099315068 0.2641017408675799 0.6721559289383563 0.2666238584474886 0.6739190924657535 0.33009774543378995
0 0.5308450838414634 0.2639735772357724 0.49954744664634154 0.25933689024390255 0.4948313643292684 0.3159298780487806 0.5261290015243902 0.32056656504065045
0 0.5716414304123711 0.23429445876288668 0.5542445231958762 0.2239851804123712 0.5354784149484535 0.28028350515463935 0.5528753221649485 0.29059278350515483
0 0.26669115538990823 0.20706708715596334 0.2587890625 0.18749999999999997 0.24143491972477063 0.1999593845565749 0.24933701261467886 0.21952647171253828
0 0.2529095521907216 0.18430519759450176 0.24696963595360827 0.16371348797250865 0.228515625 0.1731770833333334 0.23445554123711335 0.1937687929553265
0 0.42128054438601925 0.6407752248943192 0.4058458426770802 0.5875521155531498 0.275197004040365 0.6549088501391896 0.2906317057493041 0.7081319594803589
0 0.39355468750000006 0.5677083333333336 0.375 0.5429687500000001 0.353515625 0.5716145833333335 0.37207031250000006 0.5963541666666667
0 0.4697155898876405 0.4913828417602996 0.43833391853932585 0.48172694288389517 0.4300386235955056 0.529655313670412 0.46142029494382025 0.5393112125468165
0 0.454212116745283 0.6244840801886794 0.43723098466981136 0.6037293632075473 0.38870872641509446 0.6743071933962265 0.40568985849056605 0.6950619103773585
0 0.3536121921468402 0.7498586586121437 0.29110275325278817 0.7209427276951673 0.2765501568308551 0.7768703531598514 0.3390595957249071 0.8057862840768278
0 0.5670072115384615 0.7160456730769231 0.5537860576923077 0.6896033653846153 0.5294471153846154 0.7112379807692306 0.5426682692307693 0.7376802884615384
0 0.7246093749999998 0.6002604166666667 0.6934692293644995 0.5154148024713905 0.5997948434075967 0.5765356784149015 0.6309349890430971 0.6613812926101779
0 0.7716796875 0.4953125000000001 0.7294921875 0.4765625000000001 0.717578125 0.5242187500000001 0.759765625 0.5429687500000001
0 0.83984375 0.4843750000000001 0.8125 0.4843750000000001 0.8125 0.5143229166666667 0.83984375 0.5143229166666667
0 0.7723460477941176 0.6542585784313725 0.7707605698529412 0.6267769607843138 0.7476102941176471 0.6291513480392158 0.7491957720588236 0.6566329656862745