0 0.576171875 0.22265625 0.55546875 0.13984375 0.493359375 0.16744791666666667 0.5140625 0.25026041666666665
0 0.5341796875 0.26822916666666674 0.505859375 0.23046875000000006 0.4912109375 0.2500000000000001 0.51953125 0.2877604166666668
0 0.3890395629448399 0.38145203143535 0.38826873887900365 0.3269804641162514 0.32958532584519584 0.3284567763938315 0.33035614991103207 0.38292834371293005
0 0.25955447635135137 0.4274704391891892 0.24754539695945948 0.4050534909909909 0.22555954391891891 0.4259923986486486 0.2375686233108108 0.44840934684684686
0 0.2109375 0.66796875 0.20132211538461542 0.6487379807692307 0.1830679086538462 0.6649639423076923 0.19268329326923078 0.6841947115384616
0 0.15039062500000008 0.8164062500000001 0.09858499927829105 0.7655780889145497 0.05977780383949201 0.8358954003079293 0.11158342956120104 0.8867235613933796
0 0.3828125000000001 0.5390625 0.3574218750000001 0.5390625 0.3574218750000001 0.5924479166666666 0.3828125000000001 0.5924479166666666
0 0.47674053284182305 0.5468226373994638 0.44140363186997317 0.4397411193029491 0.3625979180630027 0.4859738047363718 0.3979348190348525 0.5930553228328865
0 0.5601477184087365 0.4232481799271971 0.490600014625585 0.4084113364534581 0.48123354621684866 0.4864652398595944 0.5507812500000001 0.5013020833333334
0 0.6816807577054795 0.39597602739726045 0.6447452910958905 0.37359089611872165 0.6259498073630139 0.4287243150684933 0.6628852739726029 0.4511094463470321
0 0.7630709134615385 0.510516826923077 0.7490985576923077 0.4825721153846153 0.7252103365384615 0.5038060897435896 0.7391826923076923 0.5317508012820513
0 0.840329649390244 0.6241171239837401 0.7900390625000001 0.5807291666666669 0.7438738567073171 0.6758574695121953 0.794164443597561 0.7192454268292684
0 0.721711705942623 0.70099043715847 0.7191662397540984 0.6636569330601092 0.6936315317622952 0.6667520491803278 0.6961769979508198 0.7040855532786885
0 0.5946789604874445 0.7522560468980797 0.5611455063700148 0.7108567208271789 0.540806464641802 0.7401449409158052 0.5743399187592317 0.7815442669867061
0 0.6356365266393442 0.7299607240437157 0.6199250768442622 0.6820782103825136 0.5682345030737704 0.7122310450819671 0.5839459528688524 0.7601135587431693
0 0.517578125 0.7486979166666666 0.47265625 0.7486979166666666 0.47265625 0.8059895833333334 0.517578125 0.8059895833333334
0 0.5597956730769231 0.7983774038461539 0.5486778846153848 0.7242588141025641 0.516376201923077 0.7328725961538463 0.5274939903846155 0.806991185897436
0 0.3984375 0.8346354166666666 0.3796875 0.8158854166666667 0.3636328125 0.8444270833333334 0.38238281250000006 0.8631770833333334
0 0.4375627150229359 0.8386969610091747 0.400292072821101 0.8237887041284407 0.3952927895642203 0.8460077408256882 0.4325634317660552 0.8609159977064221