0 0.6533034651992862 0.12822771044021425 0.5908203125 0.0755208333333334 0.5645989412923854 0.13078307802895103 0.6270820939916717 0.1834899551358319
0 0.818134014423077 0.2615184294871796 0.7897686298076922 0.2567908653846155 0.7866586538461539 0.28996394230769246 0.8150240384615385 0.29469150641025654
0 0.6110558160531221 0.2711080692761728 0.4531017008387697 0.21771512892202552 0.44503509436160293 0.2601395037278658 0.6029892095759553 0.31353244408201314
0 0.38514278017241377 0.3601113505747126 0.365625 0.3369791666666667 0.34488146551724136 0.3680944683908047 0.3643992456896551 0.3912266522988506
0 0.41441154730617596 0.3216932900788436 0.3693690456636005 0.3201533754927727 0.36845921279566357 0.3674646846254928 0.4135017144382391 0.3690045992115637
0 0.4440234375 0.32000000000000006 0.4413671874999999 0.2952083333333333 0.4121093749999999 0.30078125 0.41476562499999997 0.3255729166666667
0 0.3332497925884956 0.3850479351032448 0.33162506913716816 0.35255346607669613 0.293772469579646 0.35591814159292035 0.29539719303097345 0.388412610619469
0 0.28125000000000006 0.37369791666666685 0.255859375 0.3398437500000001 0.240234375 0.3606770833333334 0.26562500000000006 0.39453125000000017
0 0.21093750000000006 0.3346354166666667 0.20605468750000006 0.3046875 0.1873237251805054 0.31011676444043323 0.1922065376805054 0.34006468110709986
0 0.6679687499999999 0.3893229166666667 0.5559971869490965 0.3737248879829587 0.5467992507712649 0.4911080734905245 0.6587708138221682 0.5067061021742324
0 0.5788285712691895 0.601126457812686 0.5313287944037843 0.44596052005236236 0.47461076959121734 0.4768274723313103 0.5221105464566225 0.6319934100916339
0 0.43895343347099114 0.40626049221058297 0.3690461951047543 0.38914035220252496 0.357289673146656 0.4744839930835349 0.4271969115128929 0.4916041330915929
0 0.3430703125 0.6232708333333334 0.3251953125 0.6067708333333335 0.3108515625 0.6343958333333334 0.3287265625 0.6508958333333335
0 0.3731617647058824 0.5449601715686275 0.3597196691176471 0.5150888480392157 0.3396139705882353 0.5311734068627451 0.3530560661764706 0.561044730392157
0 0.21467537715517243 0.8019935344827587 0.19558189655172414 0.7425915948275862 0.15645204741379312 0.7649515086206897 0.17554552801724138 0.8243534482758622
0 0.515912224264706 0.7471660539215689 0.4755859375000001 0.7083333333333335 0.4469764198782962 0.7611509043272482 0.4873027066430021 0.7999836249154837
0 0.5360163417431193 0.7162294533639144 0.5226580418577982 0.6831517584097859 0.5012274225917432 0.6985378440366972 0.5145857224770642 0.7316155389908257
0 0.6317210477941176 0.8287377450980392 0.5819163602941175 0.718060661764706 0.5089613970588235 0.7764246323529412 0.5587660845588236 0.8871017156862745
0 0.6951632165605096 0.7360419984076432 0.6873880374203822 0.7007945196390658 0.6648648984872612 0.7096271231422506 0.6726400776273884 0.744874601910828
0 0.8186928353658537 0.6118838922764228 0.8017578125 0.6093750000000001 0.7992330411585367 0.6396722560975612 0.8161680640243905 0.642181148373984
0 0.8125751201923078 0.6033653846153846 0.8079176682692311 0.5723157051282051 0.7883864182692308 0.5775240384615384 0.7930438701923077 0.608573717948718