0 0.21559053308823534 0.15242034313725492 0.17796415441176466 0.12231924019607844 0.14728860294117646 0.1904871323529412 0.18491498161764708 0.2205882352941177
0 0.439508548524404 0.3711410447408248 0.2613908644296254 0.3111160376466137 0.2330406232264472 0.4606738318199016 0.4111583073212259 0.5206988389141127
0 0.18398437500000003 0.4502604166666667 0.16054687500000003 0.43984375000000003 0.14765625000000002 0.49140625000000004 0.17109375000000002 0.5018229166666667
0 0.3969154094827586 0.581384698275862 0.395379849137931 0.5465786637931033 0.3553071120689655 0.5497216235632183 0.3568426724137931 0.584527658045977
0 0.4374999999999999 0.4388020833333333 0.4177371939432989 0.4286673109965636 0.4096327319587628 0.456762779209622 0.4293955380154639 0.4668975515463918
0 0.46437101910828027 0.3143826300424629 0.44576035031847133 0.30708432855626333 0.44134404856687903 0.32710489649681534 0.4599547173566879 0.33440319798301493
0 0.5839917638713745 0.38420653373266067 0.5356611562105926 0.33223813839848665 0.5077989537358134 0.37830364649012177 0.5561295613965951 0.4302720418242958
0 0.65234375 0.2786458333333334 0.625 0.2786458333333334 0.625 0.3111979166666668 0.65234375 0.3111979166666668
0 0.6835937499999999 0.2226562500000001 0.6681273794416243 0.20478399957698828 0.658203125 0.2200520833333334 0.6736694955583756 0.23792433375634522
0 0.8440777055369126 0.3304233081655482 0.8156656354865772 0.3237381152125281 0.8120870910234899 0.3507760067114095 0.8404991610738254 0.35746119966442963
0 0.8245319870283019 0.38330385220125796 0.7783755896226416 0.272528498427673 0.7415610259433963 0.29979854559748437 0.7877174233490567 0.4105738993710693
0 0.672626201923077 0.7671274038461537 0.6147127403846154 0.5885608974358976 0.5042463942307692 0.6522532051282053 0.5621598557692307 0.8308197115384616
0 0.6647626768867926 0.6100137578616354 0.6369030070754718 0.5994005503144656 0.6311541863207547 0.6262283805031449 0.6590138561320755 0.6368415880503147
0 0.5806842672413792 0.494073275862069 0.5517241379310344 0.4786278735632184 0.5340786637931033 0.5374461206896551 0.5630387931034482 0.5528915229885059
0 0.40256233077617337 0.9146218787605295 0.37768642824909754 0.8932996765944646 0.3534451150722022 0.9435779557761734 0.37832101759927805 0.9649001579422384
0 0.6324402573529411 0.9449019607843139 0.6174448529411765 0.920294117647059 0.575716911764706 0.9654993872549021 0.5907123161764705 0.990107230392157
0 0.23591207470414216 0.6942415557199212 0.2086029955621303 0.6792483357988167 0.19177607248520717 0.7337355152859961 0.21908515162721903 0.7487287352071007
0 0.42681059966216217 0.06077561936936946 0.4021062077702703 0.055285754504504576 0.39492715371621623 0.112718186936937 0.41963154560810817 0.11820805180180188
0 0.6060989091981133 0.2440644654088052 0.5869140625 0.2265625000000001 0.5765182783018868 0.24682095125786177 0.5957031250000001 0.26432291666666685