0 0.5635823273916968 0.2220028580024067 0.542023916967509 0.08977794073405537 0.4666135491877256 0.11163601835138387 0.4881719596119133 0.2438609356197352
0 0.5500158361486486 0.2769566441441442 0.5411739864864865 0.2604518581081081 0.5234375 0.27734375 0.5322793496621622 0.293848536036036
0 0.6063084693471338 0.2785463110403397 0.5908203125 0.20833333333333331 0.5502152169585987 0.22425690021231418 0.5657033738057324 0.29446987791932056
0 0.5029852924822064 0.2773205812574141 0.4430674488434163 0.23547319839857653 0.4090059219306049 0.3221752669039146 0.4689237655693949 0.36402264976275217
0 0.349609375 0.375 0.31640625 0.375 0.31640625 0.41796875 0.349609375 0.41796875
0 0.3389252011138614 0.7804764851485148 0.2895846225247525 0.7000696163366337 0.2459777227722772 0.7476407797029704 0.2953183013613861 0.8280476485148515
0 0.16796875 0.5429687500000001 0.16531433515100674 0.5229131711409397 0.14971555159395974 0.5265834731543625 0.15236996644295303 0.546639052013423
0 0.47746093750000007 0.7219270833333334 0.35089843750000005 0.5953645833333333 0.33203125000000006 0.62890625 0.45859375 0.7554687500000001
0 0.6000289434951178 0.7035789716159295 0.5992812365379093 0.6447593576488607 0.49741696133687546 0.6470613751675282 0.49816466829408396 0.705880989134597
0 0.6488396139705882 0.6870404411764707 0.6201171875 0.6640625000000001 0.6071920955882353 0.6927849264705883 0.6359145220588235 0.7157628676470588
0 0.7426252693965516 0.8185165229885057 0.7395743534482758 0.7493624281609194 0.7126683728448276 0.751472701149425 0.7157192887931034 0.8206267959770114
0 0.5337854787844037 0.5490610665137615 0.43908579415137616 0.5111811926605505 0.4143581565366972 0.6210818042813456 0.5090578411697247 0.6589616781345566
0 0.47837114726027397 0.4888092180365298 0.4502622003424658 0.4425121289954338 0.3657025898972603 0.5337828196347032 0.3938115368150685 0.5800799086757992
0 0.51171875 0.3958333333333334 0.466796875 0.3958333333333334 0.466796875 0.4361979166666668 0.51171875 0.4361979166666668
0 0.5022536057692307 0.34575320512820523 0.4812950721153846 0.3271233974358975 0.46476862980769224 0.3601762820512821 0.48572716346153844 0.3788060897435898
0 0.25398137019230765 0.22996794871794876 0.23707932692307687 0.22546073717948723 0.23309795673076916 0.2520032051282052 0.25 0.2565104166666667
0 0.7080078125 0.4309895833333334 0.6904296875 0.4192708333333334 0.6767578125 0.4557291666666668 0.6943359375 0.4674479166666668
0 0.6514143318965517 0.5219019396551723 0.6500875538793103 0.4918283045977011 0.6286772629310344 0.4935075431034483 0.6300040409482758 0.5235811781609194
0 0.6180734536082474 0.5560432774914089 0.5511940238402062 0.5217461340206186 0.5261255637886597 0.6086501288659795 0.5930049935567009 0.6429472723367697
0 0.8727013221153849 0.41123798076923096 0.8349609375 0.4049479166666668 0.8282301682692308 0.47674278846153867 0.8659705528846157 0.4830328525641028