0 0.7655659831100342 0.2553716505131129 0.7172122202822121 0.1572625665146332 0.6693528630986318 0.1991964794754845 0.7177066259264538 0.2973055634739642
0 0.6158252886146497 0.23575172505307854 0.6082056130573248 0.20120919585987265 0.5849422770700636 0.21033207271762208 0.5925619526273885 0.244874601910828
0 0.5359744510135135 0.30335022522522515 0.5033783783783784 0.24250422297297305 0.4592219172297298 0.28455799549549554 0.4918179898648649 0.3454039977477477
0 0.33481118729608483 0.37321999048395865 0.3330078125 0.2890625 0.2689975657626428 0.2915009855899946 0.2708009405587276 0.37565847607395325
0 0.3501428963658147 0.3992944621938232 0.3493223342651757 0.3719423921725239 0.31024423422523956 0.37402655750798713 0.3110647963258785 0.40137862752928644
0 0.3560937500000001 0.5852604166666668 0.3199489182692309 0.5622115384615385 0.29555588942307703 0.6302163461538463 0.33170072115384625 0.6532652243589745
0 0.24233774038461542 0.5875400641025641 0.22750901442307692 0.5762419871794873 0.21452824519230768 0.6065304487179489 0.22935697115384618 0.6178285256410257
0 0.33497885607798167 0.7703196674311925 0.31885213589449546 0.7638689793577982 0.3119982798165138 0.7943305619266056 0.328125 0.80078125
0 0.49121093750000017 0.6861979166666669 0.4551945957568808 0.6717913799694191 0.4487170298165138 0.7005805619266057 0.48473337155963314 0.7149870986238535
0 0.5083126905487805 0.6531377032520325 0.4990234375 0.5416666666666667 0.41584889481707316 0.5539888211382115 0.42513814786585363 0.6654598577235772
0 0.509765625 0.4518229166666667 0.46202140583109924 0.39899952524575516 0.415909852546917 0.47309330317247544 0.46365407171581774 0.525916694593387
0 0.7013149382961784 0.44908605360934195 0.6628595242834395 0.44725484341825916 0.6601064888535032 0.5500348328025478 0.6985619028662422 0.5518660429936306
0 0.7002874410377359 0.6221747248427675 0.6611512382075472 0.5931849449685537 0.6380269752358492 0.6486831761006292 0.6771631780660379 0.677672955974843
0 0.680198179472477 0.5693448967889909 0.6586958858944953 0.5607439793577983 0.651008815940367 0.5949087347094802 0.6725111095183486 0.6035096521406729
0 0.6970682810178306 0.7470321012877664 0.676843424962853 0.7329626362060429 0.6461622399702824 0.8113701089648342 0.66638709602526 0.8254395740465578
0 0.47720323105203627 0.9338824472096532 0.4476014564479639 0.9320029694570137 0.4464790723981902 0.9634297228506788 0.4760808470022625 0.9653092006033184
0 0.7221578663793102 0.33766163793103454 0.7028219288793103 0.31474497126436796 0.6783068426724138 0.3515176005747128 0.6976427801724137 0.37443426724137935
0 0.71179587977707 0.5750149283439491 0.6865234374999999 0.5651041666666666 0.6795257762738853 0.5968268975583866 0.7047982185509555 0.606737659235669