0 0.40364871404867253 0.12884863569321542 0.3754493915929203 0.039189251474926315 0.3085263412610619 0.07660859144542777 0.3367256637168141 0.16626797566371687
0 0.5314709739963503 0.07991180048661821 0.4951171875 0.05729166666666687 0.4841896669708029 0.08851315389294427 0.5205434534671532 0.11113328771289561
0 0.39101960160532495 0.37804669146436964 0.3646646498140172 0.2694323446880709 0.2627151955266249 0.3134105406551813 0.2890701473179327 0.42202488743148003
0 0.30859375 0.2356770833333334 0.28808593750000006 0.2291666666666667 0.2830564310622318 0.25733190271816886 0.3035642435622318 0.2638423193848355
0 0.375537658005618 0.2256261704119851 0.34058988764044945 0.2148730102996255 0.33130705758426965 0.26850713951310873 0.36625482794943826 0.2792602996254683
0 0.4070012019230769 0.42558092948717957 0.3785643236074271 0.37043062002652527 0.3275862068965517 0.4171605603448276 0.35602308521220155 0.472310869805482
0 0.2522623896163215 0.40179341758018683 0.2373046875 0.39062500000000006 0.19690521277405607 0.4868142255379618 0.2118629148903776 0.49798264311814855
0 0.35591947115384615 0.4904847756410256 0.3419471153846154 0.4625400641025641 0.31400240384615385 0.48737980769230765 0.3279747596153846 0.5153245192307692
0 0.39062500000000006 0.5325520833333334 0.36718750000000006 0.5013020833333334 0.33593750000000006 0.5429687500000001 0.35937500000000006 0.5742187500000001
0 0.42241899119127524 0.6217316834451901 0.40686608640939603 0.5042208473154361 0.37321728187919473 0.5121382130872483 0.3887701866610739 0.6296490492170022
0 0.4453125 0.5911458333333334 0.419921875 0.5911458333333334 0.419921875 0.6536458333333334 0.4453125 0.6536458333333334
0 0.44342672413793094 0.5557650862068967 0.42254849137931033 0.5446300287356323 0.4131196120689656 0.5760596264367817 0.4339978448275862 0.5871946839080461
0 0.5966701600609755 0.5152184959349595 0.5633908155487803 0.39477896341463414 0.44690358231707317 0.452000762195122 0.4801829268292683 0.5724402947154473
0 0.6039870689655173 0.4046785201149425 0.5970164331896552 0.38299209770114934 0.5725013469827587 0.39700071839080464 0.5794719827586207 0.41868714080459773
0 0.6355307667525772 0.36687875859106533 0.591162612757732 0.34412585910652926 0.5830078125 0.37239583333333337 0.6273759664948453 0.39514873281786944
0 0.6519388338414634 0.2874110772357724 0.6180687881097561 0.2823932926829269 0.615377286585366 0.3146913109756099 0.6492473323170732 0.31970909552845544
0 0.5602904472100657 0.3146112554704598 0.5075090604485777 0.26675613147337734 0.49108913429978107 0.2989520650984685 0.5438705210612691 0.3468071890955509
0 0.4558520047169812 0.27112814465408813 0.4345703125 0.2630208333333334 0.4287846403301887 0.2900206367924529 0.4500663325471699 0.29812794811320764
0 0.4658203125 0.21354166666666677 0.42600326197994054 0.19685642644873705 0.4140160661218425 0.2477111967558198 0.45383311664190196 0.2643964369737495
0 0.42975484913793105 0.34222341954022995 0.4095501077586207 0.3314475574712645 0.4005253232758621 0.3615301724137932 0.42073006465517243 0.37230603448275873
0 0.4911217084390863 0.33948022419627755 0.4652452807741117 0.3095785744500847 0.45119666085025373 0.3311918358714045 0.47707308851522834 0.36109348561759735
0 0.38150952482876715 0.7085616438356165 0.289041095890411 0.5562607020547946 0.2227418664383562 0.6278217751141554 0.31521029537671236 0.7801227168949773
0 0.262890625 0.7872395833333333 0.2544921875 0.7536458333333332 0.2392578125 0.7604166666666665 0.24765625 0.7940104166666667
0 0.4053661040145986 0.8639465480535283 0.3887930542883212 0.8536344282238446 0.37991132527372273 0.8790107968369831 0.3964843750000001 0.8893229166666669
0 0.4706858407079646 0.855123064159292 0.4697265625 0.8359375 0.4487261476769911 0.8378042035398231 0.4496854258849557 0.8569897676991151
0 0.6207111791237114 0.7674237542955329 0.6005960051546392 0.7555036512027493 0.5900853737113403 0.7870355455326461 0.6102005476804125 0.7989556486254297
0 0.7494333937713312 0.9128492960750856 0.7140338363907851 0.8755866040955633 0.6734881612627988 0.9440637443117181 0.7088877186433449 0.9813264362912404
0 0.6690757558664261 0.6288874473525874 0.6372087939981949 0.6196506468110711 0.628289288131769 0.6743569494584837 0.6601562500000001 0.6835937500000001
0 0.6372499443289785 0.6364249307205068 0.6364705500296912 0.6062883511480603 0.59119841152019 0.608369828780681 0.5919778058194775 0.6385064083531274
0 0.5842777628755365 0.5250804721030045 0.5684222438304721 0.5120708154506439 0.5484048082081545 0.5554419259656653 0.564260327253219 0.568451582618026
0 0.6093749999999999 0.5143229166666666 0.5908203125 0.5078125 0.5846219235751295 0.539217670552677 0.6031766110751294 0.5457280872193436
0 0.6668602195945946 0.5080588400900902 0.6589685388513514 0.4449253941441442 0.6314136402027029 0.451048704954955 0.639305320945946 0.514182150900901
0 0.693359375 0.59375 0.662109375 0.59375 0.662109375 0.6171875 0.693359375 0.6171875
0 0.8455017719072165 0.42508322594501735 0.8119764819587629 0.40521638745704486 0.8004590850515465 0.43976857817869436 0.833984375 0.45963541666666685
0 0.7499999999999998 0.4596354166666668 0.7370519301470586 0.43250612745098055 0.7043198529411764 0.4602787990196079 0.7172679227941176 0.48740808823529413
0 0.5259765625000001 0.7236979166666668 0.5095703125 0.7127604166666667 0.5 0.7382812500000001 0.5164062500000001 0.7492187500000003
0 0.5075827205882353 0.5884650735294118 0.48943014705882365 0.5824142156862746 0.48173253676470595 0.6234681372549021 0.49988511029411764 0.6295189950980393
0 0.9999999999999998 0.5403645833333335 0.9970703124999998 0.5026041666666666 0.9774126838235293 0.5053155637254901 0.9803423713235293 0.5430759803921569
0 0.8445763221153847 0.920272435897436 0.8291766826923078 0.9161658653846155 0.82421875 0.9492187500000002 0.8396183894230769 0.9533253205128207
0 0.8517217677038629 0.5123893508583692 0.8286614806866954 0.5050686248211733 0.82421875 0.5299479166666669 0.8472790370171674 0.5372686427038629
0 0.661505373916185 0.5488017822736032 0.6410144960260117 0.5287662572254337 0.6259257586705204 0.5562003251445088 0.6464166365606937 0.5762358501926783