0 0.55078125 0.07031250000000008 0.52734375 0.07031250000000008 0.52734375 0.1653645833333334 0.55078125 0.16536458333333343
0 0.5764017226968796 0.3654311385586924 0.5738620797734026 0.16903208580980683 0.53905292301263 0.16983229631005445 0.541592565936107 0.36623134905894006
0 0.49216074486301364 0.2574736015981735 0.48212756849315064 0.22804295091324203 0.460054580479452 0.24142051940639273 0.47008775684931503 0.27085117009132426
0 0.5294322400990099 0.2651222153465348 0.5138555847772277 0.23973803630363044 0.4934347926980197 0.26201526402640274 0.5090114480198019 0.2873994430693071
0 0.21484375000000006 0.33984375000000006 0.18652343750000006 0.3203125 0.17676697349906195 0.34546249609130714 0.20508728599906195 0.36499374609130714
0 0.501953125 0.4921875000000001 0.42578125 0.4921875000000001 0.42578125 0.6796875 0.501953125 0.6796875
0 0.51953125 0.6549479166666666 0.5149818978658537 0.6003556910569104 0.4967606707317073 0.6030551321138211 0.5013100228658536 0.6576473577235773
0 0.5734182889344261 0.5286244877049181 0.5691758452868851 0.466401980874317 0.5399430071721312 0.46994535519125685 0.5441854508196722 0.532167862021858
0 0.6147288602941178 0.5321231617647059 0.5800781250000001 0.5273437500000001 0.5781686580882354 0.5519546568627451 0.612819393382353 0.556734068627451
0 0.7518956801470589 0.5575980392156862 0.7255284926470589 0.4990042892156863 0.673828125 0.5403645833333335 0.7001953124999999 0.5989583333333334
0 0.6843878073770493 0.9198642418032787 0.6741547131147542 0.861876707650273 0.6502049180327869 0.8693903688524589 0.6604380122950821 0.9273779030054645
0 0.5772412330316741 0.08133601998491725 0.5556640624999999 0.06770833333333356 0.5493407098416289 0.08550740007541503 0.570917880373303 0.09913508672699871
0 0.3103515625 0.23125000000000007 0.287183277027027 0.22637246621621626 0.28396853885135137 0.2535191441441442 0.3071368243243243 0.25839667792792803
0 0.3247445913461539 0.179286858974359 0.3212890625000001 0.15625 0.29875300480769235 0.16225961538461542 0.30220853365384615 0.1852964743589744
0 0.22172357794943826 0.6556355337078652 0.216357970505618 0.6246342462546816 0.17727352528089885 0.636660229400749 0.18263913272471907 0.6676615168539326