0 0.42765659568584063 0.1338610803834809 0.39523126382743357 0.09603152654867264 0.3537921736725663 0.15917680678466084 0.38621750553097345 0.1970063606194691
0 0.5082502693965517 0.285650143678161 0.46943696120689654 0.28260596264367815 0.46778017241379316 0.32015984195402314 0.5065934806034483 0.32320402298850587
0 0.480761261700468 0.15120823582943327 0.4104518086973479 0.13620888585543425 0.38416841361154436 0.3552371782371295 0.45447786661466455 0.3702365282111285
0 0.17974494485294118 0.30047487745098045 0.14941406250000003 0.29036458333333337 0.14453125000000003 0.31640625000000006 0.17486213235294118 0.3265165441176471
0 0.326171875 0.4296875 0.3046875 0.4296875 0.3046875 0.46484375 0.326171875 0.46484375
0 0.5234375000000001 0.4179687500000001 0.4813207347972974 0.4001632882882884 0.47364864864864875 0.4324253941441443 0.5157654138513514 0.450230855855856
0 0.8242187499999998 0.3138020833333334 0.8080679086538461 0.30949519230769246 0.8040865384615385 0.3360376602564104 0.8202373798076922 0.3403445512820514
0 0.803485576923077 0.3422475961538462 0.7998046875000002 0.3177083333333333 0.7821514423076923 0.3224158653846155 0.7858323317307694 0.34695512820512825
0 0.3828125000000001 0.5651041666666666 0.3085937500000001 0.5651041666666666 0.3085937500000001 0.70703125 0.3828125000000001 0.70703125
0 0.39192058915211975 0.7740447059434747 0.3632788146820449 0.7318357751454697 0.32589424875311723 0.7769346165835411 0.35453602322319205 0.8191435473815463
0 0.557569550304878 0.8026549796747967 0.5146484375 0.765625 0.4858279344512195 0.8250127032520325 0.5287490472560975 0.8620426829268292
0 0.6401005993150685 0.6751284246575343 0.6089014340753425 0.6303296232876714 0.5937312714041095 0.649111729452055 0.6249304366438355 0.6939105308219179
0 0.6396484375 0.5898437500000001 0.6013671875 0.5643229166666668 0.58828125 0.5992187500000001 0.6265625 0.6247395833333335
0 0.34375 0.8658854166666666 0.3271484375 0.8541666666666666 0.31541385135135136 0.8837204391891892 0.33201541385135136 0.8954391891891892