0 0.641778811416185 0.16656280105973026 0.6308887283236995 0.08151643786127168 0.5632620574421965 0.09691112716763008 0.5741521405346821 0.18195749036608866
0 0.390625 0.1575520833333334 0.37968749999999996 0.15026041666666667 0.37382812499999996 0.1658854166666667 0.384765625 0.1731770833333334
0 0.28025501179245277 0.30004422169811323 0.2693101415094339 0.2489681603773585 0.2417084316037735 0.2594830974842767 0.25265330188679236 0.3105591588050315
0 0.420794444155574 0.31550930740432614 0.32010288841514145 0.2875394308097615 0.30626689891846925 0.3760897635884637 0.40695845465890185 0.4040596401830283
0 0.44360819777397265 0.31786529680365305 0.4140625 0.3164062500000001 0.4134391053082192 0.3388484589041097 0.4429848030821918 0.34030750570776264
0 0.2109375 0.3411458333333333 0.19042968750000006 0.3411458333333333 0.19042968750000006 0.37109375 0.2109375 0.37109375
0 0.2699757543103448 0.7561691810344827 0.2687634698275862 0.7286907327586207 0.23407192887931036 0.7314116379310346 0.23528421336206895 0.7588900862068966
0 0.2362935564159292 0.668660121681416 0.22141178097345132 0.6459831305309734 0.19942616150442477 0.6716330199115045 0.21430793694690262 0.694310011061947
0 0.376953125 0.46093750000000006 0.35546875 0.4609375 0.35546875000000006 0.49348958333333337 0.37695312500000006 0.4934895833333334
0 0.22265625 0.4557291666666667 0.19921875000000006 0.4557291666666667 0.19921875000000006 0.4908854166666667 0.22265625000000006 0.4908854166666667
0 0.63809286069112 0.2878132327638712 0.4789679520486937 0.23771835411718142 0.4711722247282113 0.2817412848681407 0.6302971333706376 0.3318361635148305
0 0.822265625 0.2604166666666668 0.78515625 0.2604166666666668 0.78515625 0.3372395833333334 0.822265625 0.3372395833333334
0 0.8163762019230767 0.35775240384615414 0.760802283653846 0.30012019230769255 0.7207331730769229 0.36881009615384647 0.7763070913461536 0.426442307692308
0 0.8004140624999998 0.4601979166666667 0.7958984374999998 0.42708333333333337 0.7566249999999999 0.43660416666666674 0.7611406249999998 0.46971875
0 0.6328125 0.4609375000000001 0.619140625 0.4609375000000001 0.619140625 0.5065104166666667 0.6328125 0.5065104166666667
0 0.6943359375 0.4557291666666668 0.6796875 0.4361979166666668 0.6640625000000001 0.4570312500000001 0.6787109375000001 0.4765625000000001
0 0.6346474644128115 0.360139568505338 0.6198912922597867 0.3225784030249111 0.5929611043149468 0.34138678825622776 0.6077172764679716 0.37894795373665474
0 0.562190594059406 0.41123917079207933 0.5254969832920791 0.3712097772277228 0.4623201577970296 0.47416460396039606 0.4990137685643565 0.5141939975247526
0 0.5388572352707007 0.33087845010615724 0.5180259753184714 0.3227093285562634 0.5119924363057325 0.3500613720806795 0.5328236962579619 0.3582304936305734
0 0.580078125 0.4257812500000001 0.55859375 0.3971354166666668 0.5410156250000001 0.4205729166666668 0.5625000000000001 0.4492187500000001
0 0.6017657439720814 0.47146652918781734 0.513072057423858 0.46301951142131986 0.5048580266497462 0.6163480858714044 0.5935517131979696 0.624795103637902
0 0.5659556775990098 0.7627784653465347 0.5554513459158416 0.7007528877887789 0.5121093749999999 0.7138020833333333 0.5226137066831682 0.7758276608910891
0 0.5229657113613102 0.7646561007335382 0.4833984375000001 0.7239583333333335 0.45171463184493355 0.7787204665643126 0.49128190570624375 0.8194182339645174
0 0.7061591859076435 0.8705679405520169 0.6892739848726116 0.7451350185774946 0.5694367038216561 0.7738140260084926 0.5863219048566879 0.8992469479830149
0 0.7145549610894941 0.7295162532425424 0.6943359374999999 0.7057291666666666 0.6817394212062255 0.7247639023994812 0.7019584447957199 0.7485509889753569
0 0.3577223557692307 0.8574719551282052 0.34756610576923075 0.8337740384615385 0.3296875 0.8473958333333335 0.33984375 0.8710937500000001