0 0.3730340676229507 0.18913507513661207 0.34391969774590153 0.10040556693989076 0.2676901895491803 0.14487278005464485 0.29680455942622946 0.23360228825136617
0 0.28906250000000006 0.4583333333333333 0.259765625 0.4583333333333333 0.25976562500000006 0.6236979166666666 0.2890625000000001 0.6236979166666666
0 0.3796114162707839 0.567785654196358 0.29296875000000006 0.5638020833333334 0.2922635837292162 0.5910685124703089 0.37890625000000006 0.5950520833333335
0 0.3593750000000001 0.5963541666666666 0.3281250000000001 0.5963541666666666 0.3281250000000001 0.6458333333333334 0.3593750000000001 0.6458333333333334
0 0.4685448078793775 0.5499503485732815 0.4363980423151751 0.5013730139429314 0.41592062864785995 0.5254640888456551 0.4480673942120624 0.5740414234760053
0 0.4421188766891893 0.46435106981981994 0.4243823902027028 0.46040962837837845 0.4217166385135136 0.48173564189189205 0.4394531250000001 0.48567708333333354
0 0.3731543864678899 0.7560325879204892 0.3609249569954128 0.7257501911314983 0.3382131594036697 0.7420560970948011 0.35044258887614677 0.772338493883792
0 0.5334713267904073 0.7217305902321506 0.43377725648817345 0.7183222459483135 0.43074875780223393 0.8758041776171706 0.5304428281044677 0.8792125219010075
0 0.5717268318965518 0.5021102729885059 0.544719827586207 0.41208692528735635 0.51171875 0.4296875 0.538725754310345 0.5197108477011495
0 0.6402503140225335 0.5523244011368251 0.5731934188489648 0.5022552527405604 0.5490636419001219 0.5597071026187578 0.6161205370736906 0.6097762510150224
0 0.7387527225881853 0.439378143150588 0.6250892311676584 0.4006841886244512 0.6123594712866554 0.4671618235585779 0.7260229627071823 0.5058557780847147
0 0.8189603365384615 0.3555689102564105 0.6321364182692306 0.1895032051282053 0.5762469951923076 0.30128205128205143 0.7630709134615384 0.46734775641025667
0 0.5867000214041097 0.11057006278538821 0.5094311857876712 0.07193564497716899 0.4910905393835616 0.13714683219178087 0.5683593750000001 0.17578125000000008
0 0.7406099759615384 0.16025641025641038 0.7150691105769231 0.15344551282051294 0.7028245192307693 0.2350761217948719 0.7283653846153846 0.2418870192307693
0 0.5771484375 0.24348958333333345 0.5498046875 0.2252604166666667 0.5390625 0.25390625000000006 0.56640625 0.2721354166666668