0 0.5542605974437148 0.08865648452157604 0.5048828124999998 0.0677083333333334 0.49391709662288913 0.1136599046278925 0.543294881566604 0.13460805581613514
0 0.4986764355964467 0.06123096446700516 0.47897168464467005 0.03846103003384105 0.46543861040609136 0.059281144247038974 0.48514336135786806 0.08205107868020309
0 0.326171875 0.22265625 0.3230516387195122 0.1852134146341463 0.3063309832317073 0.1876905487804878 0.3094512195121951 0.22513338414634146
0 0.5709161418153327 0.16992878093860506 0.5537109375 0.1041666666666667 0.5291716263862101 0.11558029974284798 0.5463768307015429 0.18134241401478635
0 0.6186739115677046 0.1824000950398262 0.5950002262853006 0.10099584389331406 0.5599691403421434 0.11910715363263338 0.5836428256245474 0.20051140477914553
0 0.6413717830882353 0.11060049019607839 0.6318933823529412 0.08953737745098038 0.6043198529411764 0.11159620098039215 0.6137982536764705 0.13265931372549017
0 0.7303998161764705 0.16916360294117638 0.7114430147058822 0.13967524509803908 0.6875574448529411 0.16697303921568618 0.7065142463235293 0.19646139705882348
0 0.6669921875 0.2552083333333334 0.615234375 0.2552083333333334 0.615234375 0.3007812500000001 0.6669921875 0.3007812500000001
0 0.6784965701219513 0.28642657520325215 0.6581316692073171 0.28340955284552855 0.6551781631097562 0.3188516260162603 0.6755430640243903 0.3218686483739839
0 0.5689256656804735 0.2791774531558185 0.5593796227810652 0.24826645710059173 0.5185142381656807 0.27070235453648916 0.5280602810650888 0.30161335059171596
0 0.46875 0.21875000000000006 0.431640625 0.21875000000000006 0.431640625 0.3059895833333334 0.46875 0.3059895833333334
0 0.794374088429127 0.3223224575050419 0.7428323519878998 0.29636069396427556 0.7348831163569577 0.3244168197205417 0.786424852798185 0.35037858326130805
0 0.7297926682692308 0.3405448717948719 0.7021935096153846 0.33050881410256416 0.6966947115384616 0.3573918269230771 0.7242938701923077 0.3674278846153847
0 0.7412109375 0.38281250000000017 0.7114497950819673 0.3792050887978144 0.7085521260245902 0.4217042349726777 0.7383132684426229 0.4253116461748635
0 0.654296875 0.3828125000000001 0.603515625 0.3828125000000001 0.603515625 0.4388020833333334 0.654296875 0.4388020833333334
0 0.7368840144230769 0.5357371794871794 0.7212139423076923 0.5088741987179488 0.6932241586538461 0.5379006410256412 0.7088942307692307 0.5647636217948718
0 0.7811726485148515 0.48670843646864687 0.7616800742574257 0.45494275990099003 0.7269009127475247 0.49288366336633666 0.7463934870049505 0.5246493399339934
0 0.7141777663934425 0.6097634904371584 0.6888735911885245 0.5326460040983607 0.5929719518442622 0.5885886270491804 0.6182761270491802 0.6657061133879781
0 0.5958086993243243 0.572459177927928 0.5692303631756758 0.5668637387387387 0.565746410472973 0.5962837837837839 0.5923247466216217 0.6018792229729731
0 0.49431688262195117 0.5653963414634148 0.4619140625 0.5494791666666667 0.4506431021341464 0.5902693089430895 0.48304592225609755 0.6061864837398374
0 0.5387158703071673 0.5534076365187715 0.49032769837883955 0.545817335039818 0.48725469283276446 0.5806447312286689 0.5356428647610922 0.5882350327076223
0 0.47265625 0.4947916666666668 0.44921875 0.4947916666666668 0.44921875 0.5325520833333335 0.47265625 0.5325520833333335
0 0.5280468749999999 0.43494791666666666 0.5234374999999999 0.39192708333333337 0.5007421874999999 0.3962500000000001 0.5053515624999999 0.4392708333333334
0 0.4109333554376658 0.43137640915119374 0.36393194628647213 0.3483829299292662 0.3157503730106101 0.396892269009726 0.36275178216180376 0.47988574823165353
0 0.3893479567307692 0.3197115384615385 0.3754206730769231 0.3052684294871796 0.35733173076923086 0.3362780448717949 0.3712590144230769 0.3507211538461538
0 0.4164710168393782 0.5062135686528498 0.4111328125 0.4791666666666668 0.38382954177461137 0.48874676165803116 0.38916774611398963 0.5157936636442142
0 0.30566406250000006 0.5026041666666667 0.28613281250000006 0.4765625000000001 0.2666015625 0.5026041666666667 0.2861328125 0.5286458333333335
0 0.3442799018970895 0.49502447158697177 0.3070202865124741 0.4934219074844076 0.3062325396309772 0.5259821119196121 0.3434921550155926 0.5275846760221762
0 0.19362914364640887 0.6409487223756906 0.19081815435082877 0.5697369935543278 0.1676504229972376 0.5713627992633518 0.17046141229281772 0.6425745280847146
0 0.6395582932692306 0.8485176282051283 0.6153094951923077 0.7299679487179488 0.5759765625 0.7442708333333334 0.600225360576923 0.862820512820513
0 0.400390625 0.5677083333333334 0.3085937500000001 0.5677083333333334 0.3085937500000001 0.7018229166666666 0.400390625 0.7018229166666666
0 0.5058780354299361 0.7961783439490444 0.4748084195859873 0.6553294187898089 0.38947427348726105 0.6887937898089173 0.42054388933121006 0.8296427149681527
0 0.3678942938535913 0.782875805709024 0.34011351864640893 0.7809262776243096 0.3388671875000001 0.8125000000000002 0.3666479627071824 0.8144495280847148
0 0.31297508445945954 0.8514569256756759 0.29006545608108114 0.8296382319819823 0.27343750000000006 0.8606770833333336 0.29634712837837845 0.8824957770270273
0 0.5077373798076924 0.867988782051282 0.46966646634615394 0.8027243589743589 0.4063852163461538 0.868349358974359 0.44445612980769234 0.9336137820512821
0 0.537990663109756 0.97802337398374 0.5323218368902438 0.9099974593495935 0.4995236280487805 0.9148564532520325 0.5051924542682926 0.9828823678861789
0 0.7402343749999999 0.7122395833333333 0.7275390624999999 0.703125 0.7219574254587156 0.7169461964831804 0.7346527379587156 0.7260607798165137