0 0.5572599085365854 0.07720401422764235 0.54296875 0.05338541666666673 0.515577362804878 0.08260289634146342 0.5298685213414633 0.10642149390243905
0 0.4716796875 0.03385416666666673 0.4599609375 0.018229166666666727 0.4423828125 0.04166666666666673 0.4541015625 0.05729166666666673
0 0.38528612785532995 0.10607021996615908 0.36959668464467 0.08794019670050765 0.35980131662436543 0.1030099936548224 0.37549075983502533 0.12114001692047381
0 0.337890625 0.0794270833333334 0.32421875 0.061197916666666755 0.30859375 0.08203125000000008 0.322265625 0.10026041666666673
0 0.22851562500000006 0.26432291666666674 0.2060546875 0.23437500000000006 0.189453125 0.25651041666666674 0.21191406250000006 0.28645833333333337
0 0.5720075974770642 0.29619887232415903 0.5537808199541284 0.15646024464831806 0.4885822821100917 0.17157874617737 0.5068090596330275 0.311317373853211
0 0.5848004066780822 0.28833119292237447 0.5651086258561644 0.27848530251141557 0.5564800941780821 0.30916452625570784 0.576171875 0.3190104166666668
0 0.39843749999999994 0.32161458333333337 0.38664097068584063 0.3036389196165192 0.36908012997787604 0.3241265671091445 0.38087665929203535 0.34210223082595875
0 0.6796875 0.5455729166666667 0.6511460985938884 0.3289509983023325 0.6193466632528786 0.336399514688515 0.6478880646589902 0.5530214330528493
0 0.6142578125 0.4309895833333333 0.6044921875 0.4114583333333333 0.584209735576923 0.4294871794871795 0.593975360576923 0.4490184294871795
0 0.5211392281704782 0.5964110143797645 0.5189505912162162 0.5059473536036037 0.4544385882276508 0.5087220634095634 0.4566272251819128 0.5991857241857244
0 0.5304289961283186 0.49399658923303846 0.49952468196902655 0.4579415560471977 0.47345132743362833 0.49767238200589975 0.5043556415929203 0.5337274151917406
0 0.5740510731319555 0.43248211446740864 0.474298862281399 0.42184187864334927 0.4712465222575517 0.4727142123741389 0.5709987331081081 0.4833544481981983
0 0.459344783113656 0.49277608218092783 0.411247602906223 0.4908899182512245 0.40834323681936047 0.6225545141889945 0.45644041702679344 0.6244406781186977
0 0.36477529452119606 0.6148238392631846 0.3085597440386071 0.5156910405627051 0.2549722629636639 0.5697141922154934 0.31118781344625285 0.668846990915973
0 0.3317180129716981 0.5724253144654089 0.31283166273584906 0.527098073899371 0.25644899764150947 0.5688630110062893 0.27533534787735847 0.6141902515723271
0 0.3844009336099584 0.8032557486168741 0.32115129019709543 0.6575899031811896 0.2418511734958506 0.7188040283540803 0.3051008169087136 0.8644698737897649
0 0.3242187500000001 0.8164062500000001 0.2999384631849316 0.8016909246575344 0.28796553938356173 0.8368115011415526 0.31224582619863017 0.8515268264840183
0 0.6498046875 0.8036458333333332 0.636328125 0.7497395833333333 0.6087890625 0.7619791666666667 0.622265625 0.8158854166666666
0 0.6448902027027027 0.5309966216216216 0.6201171875 0.5208333333333334 0.6119457347972973 0.5562429617117118 0.63671875 0.56640625
0 0.7247004533678756 0.7024031196027634 0.6573075210492227 0.6787564766839379 0.6396231379533679 0.7683573510362696 0.7070160702720207 0.7920039939550951
0 0.7752797719594595 0.7527590090090089 0.7582242398648649 0.7098043355855856 0.706176097972973 0.7465442004504506 0.7232316300675675 0.7894988738738739
0 0.818359375 0.43359375000000017 0.7724609374999999 0.37239583333333337 0.7236328125 0.4375 0.76953125 0.4986979166666668
0 0.18698932052752296 0.4215405198776759 0.17739392201834864 0.39778048547400613 0.1575938933486239 0.4119958906727829 0.16718929185779818 0.4357559250764526
0 0.4228975183823529 0.7921721813725491 0.4091796874999999 0.7708333333333334 0.3869025735294117 0.7962928921568627 0.40062040441176466 0.8176317401960784
0 0.59765625 0.6575520833333334 0.5815655048076922 0.6408653846153846 0.5658954326923077 0.6677283653846153 0.5819861778846154 0.6844150641025641
0 0.453125 0.2903645833333333 0.4404296875 0.2734375 0.4267578125 0.2916666666666667 0.439453125 0.30859375
0 0.5585937500000002 0.6080729166666667 0.5263240585567825 0.602909766035752 0.5246235459384859 0.6218043506834914 0.5568932373817036 0.6269675013144062