0 0.4314191365979382 0.06641967353951897 0.41664988724226804 0.05766752577319594 0.40710575064432997 0.08629993556701038 0.4218750000000001 0.0950520833333334
0 0.15625000000000006 0.3190104166666668 0.11815007163323785 0.29029742717287493 0.09617881446991407 0.34212705945558747 0.13427874283667623 0.3708400489493793
0 0.5445695872015915 0.29855009394341286 0.5126953125 0.2708333333333333 0.4921797289456233 0.3127763041556145 0.5240540036472148 0.340493064765694
0 0.5774915540540542 0.31626548423423434 0.5537109375 0.29947916666666674 0.5420238597972973 0.32891328828828836 0.5658044763513514 0.34569960585585596
0 0.47487892392533926 0.23173548265460048 0.4429749363687783 0.21158559577677244 0.43144177743212675 0.2440493024132732 0.46334576498868774 0.26419918929110126
0 0.4401981314432991 0.16508268900343653 0.4208984375 0.1536458333333334 0.40857562822164945 0.19061426116838492 0.42787532216494856 0.2020511168384881
0 0.5038641214799281 0.3925902174455762 0.4745397459182145 0.3024921360095866 0.41735496086728585 0.335580187737168 0.4466793364289995 0.42567826917315765
0 0.5071601076244813 0.3004624827109267 0.4903559387966804 0.2617619726832642 0.4691065871369293 0.27816498098201936 0.48591075596473027 0.31686549100968187
0 0.686419330957639 0.4965606283042228 0.6295381433823529 0.29633884803921584 0.5988190671426419 0.31185353300876684 0.655700254717928 0.5120753132737739
0 0.8025727370689655 0.4622575431034483 0.7962755926724137 0.3615032327586208 0.7400255926724137 0.36775323275862076 0.7463227370689655 0.4685075431034483
0 0.6434406947026022 0.6257444625154897 0.5996326092007435 0.505272227385378 0.520036593866171 0.5567282372986371 0.5638446793680297 0.6772004724287487
0 0.5383390319376528 0.5428891605541973 0.5067189410146699 0.4858489965362674 0.4208841113997554 0.5704398431132846 0.45250420232273836 0.6274800071312144
0 0.32295299087982837 0.3875570010729614 0.2975162620708155 0.37948184907010024 0.2920466738197426 0.41011154327610877 0.3174834026287554 0.41818669527897
0 0.392930084073604 0.3789657360406092 0.37307661802030456 0.3560239530456854 0.3574813610406092 0.3800166560913707 0.37733482709390864 0.4029584390862945
0 0.3639573317307692 0.6465344551282051 0.34277343749999994 0.6041666666666666 0.28891225961538464 0.6520432692307693 0.31009615384615385 0.6944110576923077
0 0.3953125000000002 0.7143229166666668 0.3167968750000001 0.6794270833333333 0.2843750000000001 0.8091145833333333 0.3628906250000002 0.8440104166666668
0 0.3858203125 0.6452604166666667 0.3672265625 0.6266666666666667 0.3508203125 0.6558333333333334 0.3694140625 0.6744270833333333
0 0.4697265625 0.8463541666666665 0.4638671875 0.8229166666666666 0.43984375 0.83359375 0.445703125 0.8570312499999999
0 0.8115234375 0.7109375 0.79296875 0.6861979166666666 0.7763671874999999 0.7083333333333335 0.7949218749999999 0.7330729166666667