0 0.5609975961538461 0.1727764423076924 0.4610877403846153 0.14613381410256418 0.4363731971153846 0.310897435897436 0.5362830528846154 0.3375400641025642
0 0.5264453124999999 0.18822916666666664 0.517265625 0.10255208333333335 0.47351562499999994 0.11088541666666668 0.4826953124999999 0.1965625
0 0.513671875 0.3281250000000001 0.45703125 0.3281250000000001 0.45703125 0.4036458333333334 0.513671875 0.4036458333333334
0 0.45779933286516855 0.40788857677902624 0.4323428721910112 0.35358146067415736 0.38854020365168535 0.39008368445692887 0.4139966643258427 0.4443908005617978
0 0.5296105155109488 0.44906668187347937 0.5288278398722628 0.41045468369829685 0.4862596943430657 0.4119886709245742 0.4870423699817518 0.4506006690997567
0 0.6496911530286928 0.4420870417109459 0.5925420098299681 0.40496452134254357 0.5725084683846972 0.45979316108749574 0.6296576115834219 0.4969156814558981
0 0.7202105226769913 0.34448746312684375 0.6570796460176991 0.33887582964601776 0.6532079646017699 0.4163094579646019 0.7163388412610621 0.42192109144542783
0 0.20734375 0.48078125 0.19515625 0.36703125000000003 0.132265625 0.3790104166666667 0.144453125 0.4927604166666667
0 0.3454308974004425 0.40804871865781717 0.2878612417035399 0.4029314159292036 0.2821401410398231 0.5173534292035398 0.33970979673672574 0.5224707319321534
0 0.19804687500000012 0.5528645833333333 0.169967830882353 0.5499846813725491 0.16580882352941181 0.6220741421568629 0.19388786764705893 0.6249540441176471
0 0.2491510000907112 0.7276585933720369 0.2210560481676343 0.6549422472181907 0.17058803519593618 0.6896071450169329 0.19868298711901308 0.762323491170779
0 0.3823408291392769 0.6723003971514653 0.2814836688578472 0.5412286445494385 0.22764209505957272 0.6148820528622295 0.32849925534100244 0.7459538054642564
0 0.278094951923077 0.8270232371794872 0.2555588942307693 0.8210136217948718 0.2516526442307693 0.8470552884615384 0.274188701923077 0.8530649038461539
0 0.4736328125000001 0.6171875000000002 0.44596532534246575 0.6158212043378998 0.44498876284246575 0.6509774543378997 0.4726562500000001 0.6523437500000001
0 0.5355481190286626 0.6891089437367305 0.5032966759554142 0.6764613190021233 0.4945262738853504 0.7162204750530787 0.5267777169585989 0.728868099787686
0 0.6265119851638619 0.6339715732949515 0.5592338352524358 0.5128709034543846 0.4795484112046059 0.5915725568349574 0.5468265611160319 0.7126732266755241
0 0.7084765625000002 0.7456250000000001 0.6708984375000002 0.7109375 0.6462187500000002 0.7584687500000001 0.6837968750000002 0.7931562500000002
0 0.619259717987805 0.6587271341463415 0.6025390625000001 0.6562500000000001 0.6004668445121952 0.6811166158536588 0.6171875000000001 0.6835937500000002
0 0.841796875 0.3945312500000001 0.8251953125 0.3906250000000001 0.8216560927013422 0.4173657718120806 0.8382576552013422 0.4212720218120806
0 0.8185022865853661 0.39281631097560993 0.800924161585366 0.3902121443089433 0.798828125 0.41536458333333354 0.8164062500000002 0.41796875000000017