0 0.4423828125 5.921189464667501e-17 0.43208827353667145 -0.002596820639398138 0.4249148779090269 0.04795853902209694 0.4352094168723554 0.05055535966149514
0 0.49480738146551734 0.09480064655172422 0.4456694504310345 0.0893408764367817 0.4419854525862069 0.14828484195402308 0.49112338362068975 0.15374461206896559
0 0.52421875 0.09322916666666667 0.5140625 0.06614583333333333 0.485546875 0.08515625000000003 0.495703125 0.11223958333333336
0 0.6780887029867257 0.05671552359882018 0.6205320105088495 0.05159937315634228 0.6172047842920354 0.11814389749262547 0.6747614767699115 0.12326004793510335
0 0.6074218749999999 0.10026041666666678 0.5924714078608248 0.09140088058419256 0.5845783666237114 0.11508000429553272 0.5995288337628866 0.12393954037800696
0 0.509765625 0.055989583333333405 0.4924879807692307 0.0513822115384616 0.490234375 0.06640625000000007 0.5075120192307693 0.07101362179487188
0 0.5449218749999999 0.29036458333333337 0.531370698735955 0.28619499063670417 0.529296875 0.2981770833333334 0.5428480512640449 0.3023466760299627
0 0.5790715144230768 0.2767628205128206 0.5751953124999999 0.25781250000000006 0.5538762019230768 0.26556490384615394 0.5577524038461538 0.2845152243589745
0 0.634314903846154 0.28996394230769235 0.628455528846154 0.25090144230769235 0.5856370192307694 0.26231971153846156 0.5914963942307694 0.30138221153846156
0 0.513404323630137 0.24530893264840195 0.5087890625 0.2317708333333334 0.498046875 0.23828125000000003 0.502662136130137 0.25181934931506855
0 0.4552734375000001 0.3289062500000001 0.4384765625 0.31770833333333337 0.4283203125 0.3447916666666667 0.44511718750000007 0.35598958333333347
0 0.5491107747894335 0.5275072581674326 0.4057280699655437 0.4145390664880042 0.38846400028713635 0.45349389037774385 0.5318467051110262 0.5664620820571723
0 0.5800897277227722 0.4892172029702972 0.5523940284653465 0.4751495462046205 0.533876082920792 0.5399623556105612 0.5615717821782178 0.5540300123762378
0 0.7344065747690531 0.5010254282140107 0.7233666823036952 0.4156502598152426 0.6135518908775982 0.44089503945342584 0.6245917833429562 0.526270207852194
0 0.8248274977189782 0.6511253041362529 0.8220802919708031 0.5155964872262774 0.7415331318430656 0.5184990875912409 0.7442803375912408 0.6540279045012164
0 0.6016828981164383 0.6714469178082193 0.5712890625000001 0.6562500000000002 0.5578446061643836 0.7040525114155253 0.5882384417808219 0.7192494292237444
0 0.5940970019035534 0.6302413811336718 0.5771484375 0.6041666666666666 0.5615333518401014 0.6222107656514383 0.5784819162436549 0.6482854801184434
0 0.63671875 0.6731770833333334 0.633908155487805 0.6394499491869919 0.6118283155487805 0.642721036585366 0.6146389100609755 0.6764481707317073
0 0.6586408943965517 0.6179956896551724 0.6576710668103448 0.5960129310344828 0.632482489224138 0.5979885057471265 0.6334523168103449 0.619971264367816
0 0.464551238299532 0.5662396808372335 0.4384765625 0.5182291666666666 0.39199767209438374 0.5631053367134684 0.4180723478939158 0.6111158508840354
0 0.4707031249999999 0.7174479166666665 0.4402343749999999 0.6700520833333333 0.3926240808823529 0.7244638480392157 0.4230928308823529 0.7718596813725489
0 0.484375 0.6393229166666666 0.46210937499999993 0.6294270833333333 0.4525390624999999 0.6677083333333333 0.4748046875 0.6776041666666667
0 0.41833243534482756 0.7024335488505747 0.41419046336206894 0.6361619971264371 0.3639210668103448 0.6417474856321841 0.3680630387931034 0.7080190373563219
0 0.560546875 0.7825520833333334 0.5428878881369427 0.7756269904458599 0.5390625 0.7929687500000001 0.5567214868630573 0.7998938428874734
0 0.5898437500000001 0.8190104166666667 0.5592342667436492 0.8119737538491149 0.5561670034642033 0.8356939232101618 0.5867764867205543 0.8427305860277137
0 0.748046875 0.8033854166666667 0.7063851172243167 0.7749334845271757 0.689453125 0.8190104166666666 0.7311148827756834 0.8474623488061578
0 0.5332031250000001 0.9127604166666666 0.5115234375000001 0.903125 0.5001953125 0.9484375000000002 0.521875 0.9580729166666669
0 0.41658988960779075 0.9495536508360014 0.41081597685432225 0.8833461179295625 0.3140143493196371 0.898354122198506 0.3197882620731056 0.9645616551049447
0 0.30580670646067415 0.8567269428838951 0.3017578125 0.8333333333333333 0.2785068469101123 0.8404874765917602 0.2825557408707865 0.8638810861423221
0 0.35645427178899086 0.786064124617737 0.3388671875 0.7734375 0.3277039134174312 0.8010798929663608 0.3452909977064221 0.813706517584098