0 0.8085327717264679 0.15875830032618843 0.7805519352865796 0.13610714701770749 0.7395972885601119 0.22604676335818585 0.767578125 0.2486979166666668
0 0.7937573702830186 0.3255552279874215 0.7509765624999998 0.2421875 0.7125368514150942 0.2772553066037736 0.755317659198113 0.3606230345911951
0 0.6803224636011797 0.40850236899496273 0.5732429074133801 0.2482472508907729 0.5484958849751198 0.2776437139083426 0.6555754411629193 0.43789883201253244
0 0.5315434747409326 0.289919311312608 0.5068359374999999 0.28125000000000006 0.5010423413212435 0.31060422063903287 0.525749878562176 0.3192735319516408
0 0.4970703125000001 0.27994791666666674 0.37942325367647056 0.24073223039215688 0.3693129595588235 0.29465379901960786 0.486960018382353 0.33386948529411775
0 0.3406894329896908 0.11855670103092793 0.3247422680412371 0.10910652920962206 0.31459407216494845 0.13955111683848803 0.3305412371134021 0.1490012886597939
0 0.220703125 0.3828125 0.18500808189655174 0.363775143678161 0.17450161637931033 0.3987966954022989 0.21019665948275862 0.41783405172413796
0 0.2726833574288257 0.4727489249703441 0.2518870940836299 0.46408381524317915 0.2409224866548043 0.5108661402728352 0.2617187500000001 0.5195312500000001
0 0.30078125 0.4583333333333333 0.28125 0.4583333333333333 0.28125 0.4830729166666667 0.30078125 0.4830729166666667
0 0.3338735219594595 0.3180743243243244 0.2454413006756757 0.28068834459459474 0.22047614020270273 0.38567004504504515 0.30890836148648654 0.4230560247747749
0 0.3885216346153847 0.3408453525641026 0.3674879807692307 0.33523637820512825 0.36207932692307687 0.3712940705128205 0.3831129807692308 0.3769030448717949
0 0.5927625535490388 0.48124042212315415 0.42383002969141825 0.33257980112844804 0.3744441022046532 0.4323493516067614 0.5433766260622737 0.5810099726014675
0 0.5096607294818456 0.5721168998991428 0.46935721208396386 0.5391806921331317 0.45622015648638437 0.5677595499243572 0.49652367388426627 0.6006957576903683
0 0.4003525152439025 0.648634400406504 0.3860756478658537 0.5598005589430896 0.3152486661585366 0.5800368394308945 0.3295255335365853 0.6688706808943088
0 0.25279075386597943 0.6712628865979382 0.2177734375 0.6328125 0.18594756765463918 0.6843400987972508 0.2209648840206186 0.7227904853951891
0 0.4383647350074037 0.8396445171108918 0.4362506169792694 0.7127974354228364 0.35295841559723595 0.7152653525008225 0.3550725336253702 0.8421124341888778
0 0.6752730238275341 0.7979623676248111 0.6074602874432679 0.7762622919818459 0.589802382753404 0.8743617624810895 0.6576151191376702 0.8960618381240547
0 0.6487247242647058 0.7133118872549021 0.6312614889705882 0.7074908088235295 0.626953125 0.7304687500000001 0.6444163602941176 0.7362898284313727
0 0.7041146707214765 0.7247273489932887 0.6714686451342282 0.7170459312080538 0.6662974517617449 0.7561171700223714 0.6989434773489933 0.7637985878076063
0 0.7742802868150684 0.7248680079908678 0.735003745719178 0.7052297374429225 0.7139742080479452 0.7800014269406395 0.7532507491438356 0.7996396974885847
0 0.9331109550561798 0.6143346207865169 0.9147098841292134 0.6086727528089888 0.9112864290730336 0.6284527153558054 0.9296875000000002 0.6341145833333336
0 0.8238345286885245 0.538635587431694 0.7564485143442624 0.5174948770491805 0.7419761782786887 0.5995047814207652 0.8093621926229506 0.6206454918032788
0 0.846996410472973 0.5534557995495497 0.8245090793918919 0.548458614864865 0.8201013513513514 0.5837204391891894 0.8425886824324325 0.588717623873874
0 0.8522344466743119 0.5191489870030582 0.8368244696100918 0.5129849961773701 0.830078125 0.5429687500000002 0.8454881020642201 0.5491327408256882
0 0.51953125 0.8919270833333334 0.5048828125 0.8854166666666666 0.4990234375 0.9088541666666666 0.513671875 0.9153645833333334
0 0.5705652573529412 0.1317248774509804 0.5581801470588236 0.12121629901960788 0.5490923713235294 0.14025735294117656 0.561477481617647 0.1507659313725491
0 0.512762661637931 0.6278286637931035 0.4557044719827587 0.6214888649425289 0.45297683189655186 0.665131106321839 0.5100350215517242 0.6714709051724138
0 0.0883347602739726 0.29593678652968036 0.08664383561643836 0.23506349885844752 0.04980201198630137 0.236882848173516 0.05149293664383562 0.2977561358447488
0 0.08105468750000004 0.5625 0.049854607627795575 0.5608359957401491 0.04692492012779557 0.6584922457401492 0.07812500000000003 0.6601562500000001
0 0.3007812500000001 0.9713541666666666 0.288055889423077 0.9616586538461539 0.27327223557692315 0.9961538461538463 0.28599759615384623 1.0058493589743591