0 0.693359375 0.16927083333333345 0.66796875 0.16927083333333345 0.66796875 0.2018229166666668 0.693359375 0.2018229166666668
0 0.38919168086441897 0.08750298900047823 0.38099528111549497 0.05808001554280248 0.3317118005738881 0.08248707257293161 0.3399082003228121 0.11191004603060736
0 0.470703125 0.1822916666666667 0.4453125 0.1822916666666667 0.4453125 0.2825520833333334 0.470703125 0.2825520833333334
0 0.43257197967632666 0.34173733298833275 0.3924009691381257 0.23623770935265345 0.29337562041305987 0.3032702531050057 0.3335466309512608 0.408769876740685
0 0.36940817636986295 0.4914026826484019 0.33782373715753417 0.3791024543378996 0.2396858946917808 0.4281713755707763 0.2712703339041096 0.5404716038812787
0 0.25976562500000006 0.453125 0.17968750000000006 0.453125 0.17968750000000006 0.53515625 0.2597656250000001 0.53515625
0 0.2676474667159764 0.3594135231755425 0.2587890625 0.3307291666666667 0.240026349852071 0.34103026380670615 0.24888475406804736 0.3697146203155819
0 0.208984375 0.28515624999999994 0.20040203010948904 0.26063526459854014 0.1816905223540146 0.2722779805352798 0.19027286724452555 0.2967989659367396
0 0.6185657367928453 0.28774178452579047 0.536958259671381 0.22440463810316139 0.4966796875 0.3166666666666666 0.5782871646214642 0.38000381308929565
0 0.4541015625 0.44531250000000006 0.42320312499999996 0.43942708333333336 0.4184765625 0.48354166666666665 0.449375 0.48942708333333335
0 0.49736637443438914 0.4423842854449473 0.4873046875 0.4140625 0.4632087811085973 0.4292809671945701 0.47327046804298645 0.4576027526395174
0 0.46722790948275855 0.5449263649425287 0.46435883620689655 0.47989403735632175 0.43516298491379307 0.482183908045977 0.4380320581896552 0.5472162356321839
0 0.35053487128792765 0.674997814450183 0.3339780705293738 0.6320727754465248 0.25149668132666236 0.6886314423283841 0.26805348208521623 0.7315564813320423
0 0.19061622191011235 0.6178458567415731 0.16949394311797752 0.5727849953183521 0.14105293188202248 0.5964858380149813 0.16217521067415733 0.6415466994382023
0 0.19921874999999997 0.5794270833333334 0.19042968750000003 0.5625 0.17316406250000002 0.5784375 0.181953125 0.5953645833333333
0 0.5087890625000001 0.7291666666666669 0.4316406250000001 0.6263020833333336 0.38769531250000006 0.6848958333333336 0.46484375 0.7877604166666669
0 0.5341419719827587 0.7758548850574714 0.4970703125000001 0.7473958333333335 0.48627020474137933 0.7724066091954024 0.523341864224138 0.8008656609195403
0 0.4718900240384615 0.6105168269230771 0.4580078124999999 0.5781250000000001 0.4345552884615384 0.5959935897435897 0.4484375 0.6283854166666668
0 0.5839843750000001 0.8216145833333335 0.5507812500000001 0.7773437500000001 0.52734375 0.8085937500000002 0.560546875 0.8528645833333336
0 0.6967641469594595 0.7605222409909911 0.6726932010135137 0.755173141891892 0.6631651182432434 0.8313978040540543 0.6872360641891893 0.8367469031531534
0 0.6337890625000002 0.7408854166666667 0.5984007580445545 0.7361669760726073 0.5954710705445545 0.7752294760726074 0.6308593750000002 0.7799479166666669
0 0.6641789707568807 0.7160622133027523 0.6433934202981653 0.7077479931192661 0.633851777522936 0.7501552943425077 0.6546373279816514 0.7584695145259939
0 0.6178306021341464 0.6029598577235774 0.5794588414634146 0.5972751524390245 0.573385099085366 0.6701600609756099 0.6117568597560976 0.6758447662601627
0 0.6944861778846153 0.6669671474358976 0.6823167067307692 0.6426282051282051 0.6584284855769231 0.6638621794871793 0.6705979567307693 0.6882011217948718
0 0.711626838235294 0.6560202205882352 0.6992761948529411 0.5901501225490196 0.6666475183823529 0.6010263480392157 0.6789981617647058 0.6668964460784312
0 0.8074242444757365 0.6969508232235699 0.7748439530979204 0.6569856658001155 0.7525387240034662 0.6893120847775852 0.7851190153812825 0.7292772422010396
0 0.82421875 0.5468750000000002 0.798828125 0.5468750000000002 0.798828125 0.5898437500000002 0.82421875 0.5898437500000002
0 0.811205231741573 0.5313524110486894 0.7906315835674157 0.4874619616104871 0.7333984375 0.5351562500000002 0.7539720856741573 0.5790466994382025
0 0.8375769106217618 0.4505478195164078 0.8173524530440414 0.4043204879101901 0.7339246680699482 0.46920876511226267 0.7541491256476685 0.5154360967184803
0 0.7433203125 0.4884375000000001 0.741015625 0.46692708333333344 0.7109374999999998 0.4726562500000001 0.7132421874999998 0.49416666666666675
0 0.689244923857868 0.4974156620135365 0.6681273794416244 0.4730131662436549 0.6542076459390863 0.49442814086294423 0.6753251903553299 0.5188306366328258
0 0.7007796653144016 0.3954556499323868 0.6942230286511156 0.3412541201825558 0.6248336080121704 0.35617657623394183 0.6313902446754563 0.4103781059837728
0 0.5742187500000001 0.49088541666666685 0.5555940448113208 0.4738944575471699 0.5438568691037735 0.4967669025157234 0.5624815742924529 0.5137578616352203