0 0.7196589595690859 0.29156271807397083 0.5956988998168179 0.19367839904628992 0.5550929812892533 0.2850971882996047 0.6790530410415213 0.3829815073272856
0 0.763671875 0.18619791666666685 0.720703125 0.12890625000000017 0.677734375 0.18619791666666685 0.720703125 0.2434895833333335
0 0.6694796580188679 0.0645636792452831 0.6509065448113207 0.057488207547169906 0.6449366155660378 0.08534787735849066 0.6635097287735848 0.09242334905660385
0 0.771484375 0.1757812500000001 0.748046875 0.1445312500000001 0.7353515625 0.1614583333333335 0.7587890625 0.1927083333333335
0 0.8692908653846155 0.47035256410256404 0.8197115384615385 0.3711939102564102 0.765174278846154 0.4196714743589743 0.8147536057692308 0.5188301282051282
0 0.7941406249999999 0.3184895833333333 0.780078125 0.26223958333333336 0.7525390624999999 0.27447916666666666 0.7666015624999999 0.3307291666666667
0 0.841796875 0.6341145833333336 0.7892469651167227 0.43497808272301924 0.7323768762397009 0.46165787750483184 0.7849267861229784 0.6607943781151462
0 0.7079085316543436 0.5042793052988294 0.6597843981053603 0.3695317313616759 0.6064110154805913 0.40341959334565625 0.6545351490295748 0.5381671672828097
0 0.5068359375 0.3359375000000001 0.4823858629338395 0.3258202277657268 0.47163308364967466 0.37201735357917587 0.49608315821583504 0.38213462581344915
0 0.44741865335051545 0.31972991838487985 0.42027222938144326 0.2800875214776634 0.39915431701030923 0.3057962843642613 0.4263007409793814 0.3454386812714778
0 0.3270733173076923 0.3364383012820513 0.3056640625 0.33072916666666674 0.30168269230769235 0.35727163461538464 0.32309194711538464 0.3629807692307692
0 0.23544115538990829 0.26435875382262997 0.22578304185779818 0.24044342507645258 0.20831242832568808 0.25298642966360857 0.21797054185779818 0.276901758409786
0 0.16129001524390246 0.5831364329268294 0.14182545731707316 0.526905487804878 0.1112328506097561 0.5457317073170731 0.13069740853658537 0.6019626524390245
0 0.42160041641198037 0.5653747707823962 0.35073397386919314 0.5512014822738387 0.3443015548594132 0.6083785401385493 0.4151679974022005 0.6225518286471068
0 0.35574190947508905 0.6538738137603797 0.29495871330071183 0.6523446767497035 0.29397033474199297 0.7221900948991699 0.3547535309163702 0.7237192319098459
0 0.22265625000000008 0.7265625 0.20800781250000008 0.7265625 0.20800781250000008 0.7513020833333334 0.22265625000000008 0.7513020833333334
0 0.515625 0.546875 0.46484375 0.546875 0.46484375 0.5846354166666666 0.515625 0.5846354166666666
0 0.5600210336538461 0.648838141025641 0.5484525240384615 0.5717147435897435 0.48873197115384615 0.5876402243589743 0.5003004807692308 0.6647636217948718
0 0.6057270347921915 0.5473144941225863 0.5621875983942066 0.5171271515533166 0.5376603825566751 0.580017448572628 0.5811998189546601 0.6102047911418977
0 0.5676185344827587 0.828259698275862 0.5600282866379309 0.6562140804597701 0.4852640086206896 0.6620779454022988 0.4928542564655173 0.8341235632183908
0 0.5839172188395416 0.8728547337631328 0.5661907906518625 0.787767878462273 0.5174354181590258 0.8058254238299905 0.5351618463467049 0.8909122791308501
0 0.6030105064655171 0.7419181034482759 0.5654296874999999 0.65625 0.5454130056366047 0.6718604940318301 0.582993824602122 0.7575285974801061