0 0.7533657007662397 0.5034285414760598 0.7126502816216835 0.44213651265629766 0.6584881418687101 0.5060994205550473 0.6992035610132662 0.5673914493748095
0 0.6869826858108107 0.46747606981981976 0.6752005912162162 0.44587556306306314 0.6429159628378379 0.47718186936936946 0.6546980574324324 0.4987823761261261
0 0.6077013221153846 0.23938701923076933 0.5686508413461538 0.2364943910256411 0.565498798076923 0.31214342948717955 0.6045492788461538 0.31503605769230775
0 0.5458984375 0.1223958333333334 0.5302734375 0.10156250000000006 0.5146484375 0.1223958333333334 0.5302734375 0.1432291666666667
0 0.3681640625 0.0677083333333334 0.3525390625 0.04687500000000003 0.337890625 0.06640625000000003 0.353515625 0.0872395833333334
0 0.5315861936475409 0.3864412568306012 0.48579982069672134 0.28782445355191266 0.4144595286885246 0.34670850409836074 0.4602459016393442 0.4453253073770493
0 0.451171875 0.2760416666666668 0.412109375 0.2760416666666668 0.412109375 0.3111979166666668 0.451171875 0.3111979166666668
0 0.24117187499999998 0.3024479166666667 0.21410156249999995 0.2972916666666666 0.20515624999999998 0.38078125 0.2322265625 0.3859375
0 0.29882812500000006 0.4375 0.255859375 0.4375 0.25585937500000006 0.50390625 0.2988281250000001 0.50390625
0 0.2910156250000001 0.5182291666666666 0.2578125000000001 0.5182291666666666 0.2578125000000001 0.5481770833333334 0.2910156250000001 0.5481770833333334
0 0.35292622041420113 0.6344381780078895 0.32202292899408286 0.5343703772189349 0.28213988535502954 0.5562669501972386 0.3130431767751479 0.6563347509861932
0 0.32051554764851486 0.5209364686468647 0.2969040068069307 0.49517842409240925 0.2809792698019802 0.521129847359736 0.3045908106435643 0.5468878919141915
0 0.302734375 0.7903645833333334 0.2880859375000001 0.7708333333333335 0.2783203125000001 0.7838541666666667 0.29296875 0.8033854166666666
0 0.3710367244525547 0.7541153436739659 0.36185561131386856 0.7278835918491483 0.3221872148722627 0.7525661496350364 0.33136832801094884 0.778797901459854
0 0.4269501602415772 0.8591204646427251 0.3616676259950019 0.8006158984326794 0.32813620823306194 0.8671335076514872 0.3934187424796372 0.9256380738615329
0 0.5870863970588235 0.6774662990196079 0.5603745404411764 0.618106617647059 0.5287798713235294 0.6433823529411765 0.5554917279411764 0.7027420343137255
0 0.550900342987805 0.46862296747967486 0.4874475990853659 0.45922256097560976 0.47984946646341464 0.5504001524390245 0.5433022103658537 0.5598005589430896
0 0.5039062500000001 0.7903645833333335 0.4863281250000001 0.7669270833333335 0.466796875 0.7929687500000002 0.484375 0.8164062500000002
0 0.673828125 0.7304687500000001 0.6484375 0.6966145833333334 0.6298828125 0.7213541666666666 0.6552734375000001 0.7552083333333335