0 0.7450639895428013 0.1681359435797667 0.7164472884241244 0.1344692363813231 0.6989489603599222 0.16091115434500658 0.727565661478599 0.19457786154345016
0 0.7865234374999999 0.2203125 0.7766314338235293 0.19958639705882356 0.7569163602941176 0.21631433823529414 0.7668083639705882 0.23704044117647058
0 0.33203124999999994 0.17578125000000003 0.28865930216426194 0.1602660816685165 0.2824834385405105 0.19095825240473552 0.32585538637624856 0.20647342073621908
0 0.25648745461618255 0.30359612724757956 0.1937402748962656 0.2551597078146612 0.15732381353734443 0.3390279218533887 0.2200709932572614 0.3874643412863071
0 0.23851879222972974 0.4681517454954956 0.21729835304054057 0.46343609234234245 0.21275865709459466 0.49975365990991 0.23397909628378377 0.5044693130630632
0 0.38548860497237564 0.5376740906998159 0.29730953503506163 0.4500294393681825 0.23601726851359972 0.5596578835529111 0.32419633845091367 0.6473025348845446
0 0.298828125 0.4335937500000001 0.262261465266223 0.4016504610371604 0.24623836574459243 0.4342588740987245 0.2828050254783694 0.4662021630615641
0 0.466796875 0.31640625 0.4521143561241612 0.29002027404921704 0.39774407508389265 0.34380592841163315 0.4124265939597316 0.3701919043624161
0 0.5326306573275861 0.22912176724137936 0.515173760775862 0.20293642241379317 0.4941406249999999 0.22786458333333345 0.5115975215517241 0.25404992816091965
0 0.5496829044117647 0.3144025735294117 0.5474149816176471 0.28517156862745097 0.5010363051470588 0.29156862745098044 0.5033042279411764 0.3207996323529411
0 0.6689453124999999 0.25000000000000006 0.6531091150646949 0.24250760551447942 0.6410762765711644 0.28772190773259404 0.6569124740064695 0.2952143022181147
0 0.6471247438524589 0.35314207650273227 0.587359118852459 0.3343920765027323 0.581531762295082 0.3674137636612023 0.6412973872950819 0.3861637636612023
0 0.6548189975247525 0.419722050330033 0.6523727568069307 0.3871055074257425 0.6268467667079208 0.3905089727722772 0.6292930074257426 0.4231255156765677
0 0.724609375 0.49609375 0.707715930544515 0.43891593799682044 0.6313251440779014 0.4790403914944357 0.6482185885333862 0.5362182034976153
0 0.90234375 0.6419270833333334 0.8999036815068493 0.5540846175799087 0.8591609589041095 0.5560966038812786 0.8616010273972602 0.6439390696347032
0 0.9890625 0.5096354166666666 0.9783203125 0.4666666666666667 0.9560546875 0.4765625 0.966796875 0.5195312499999999
0 0.8991740880972696 0.02853029010238899 0.8720703125 0 0.8450731921928327 0.04559513651877142 0.8721769677901025 0.07412542662116041
0 0.7445312499999999 0.6174479166666667 0.7262324892241379 0.5886135057471265 0.7104727909482758 0.6063936781609196 0.7287715517241378 0.6352280890804598
0 0.6060102103960396 0.4654367780528052 0.5332611386138615 0.3468827351485149 0.43647509282178215 0.4524675123762377 0.5092241646039604 0.571021555280528
0 0.5438832099562798 0.6578191242713304 0.5078326833267091 0.6168728471118179 0.4918350680643879 0.6419125927397987 0.5278855946939587 0.6828588698993112
0 0.5713178790983606 0.5844731898907104 0.5478515625000001 0.5651041666666667 0.5406089907786886 0.5807035519125684 0.5640753073770493 0.6000725751366119
0 0.5034771031574394 0.6006523933102653 0.4736328125000001 0.5885416666666666 0.46700975886678203 0.6175569492502884 0.4968540495242214 0.629667675893887
0 0.4238281250000001 0.39973958333333337 0.3916015625 0.38541666666666674 0.38671875 0.4049479166666668 0.4189453125000001 0.4192708333333334
0 0.37109375000000006 0.38932291666666674 0.36369152181952663 0.3653537968441815 0.34375 0.37630208333333337 0.3511522281804734 0.4002712031558186
0 0.3490058813202247 0.33982911985018727 0.34472656249999994 0.31510416666666663 0.321190308988764 0.32234609082397 0.3254696278089887 0.3470710440074906
0 0.3926495807926829 0.6267466971544716 0.3775009527439024 0.6014989837398375 0.3542778201219512 0.6262703252032521 0.3694264481707317 0.6515180386178863
0 0.29340712262908325 0.7519469507376184 0.27390777298472074 0.6405220956269757 0.2568359375 0.6458333333333334 0.27633528714436245 0.757258188443976
0 0.5229888885406219 0.7526564067201604 0.3807006958375126 0.715936873119358 0.36286985957873624 0.8387715229020395 0.5051580522818455 0.875491056502842
0 0.4695312500000002 0.9148437500000003 0.44609375 0.9044270833333334 0.44140625 0.9231770833333335 0.46484375000000017 0.9335937500000002
0 0.6047104779411766 0.9649662990196081 0.5887293198529413 0.9633272058823532 0.5875344669117648 0.9840379901960787 0.6035156250000001 0.9856770833333336
0 0.6263645119863014 0.8811536815068496 0.6174951840753424 0.8496182933789955 0.5975893621575342 0.8595712043378997 0.6064586900684932 0.8911065924657536
0 0.7328752474547514 0.4167326546003016 0.7135145644796381 0.3583109445701356 0.6714083710407242 0.38311769419306174 0.6907690540158372 0.44153940422322774
0 0.39825556506849313 0.5179295091324201 0.37883668664383563 0.5152040525114155 0.3722602739726028 0.5985052796803653 0.3916791523972603 0.6012307363013698
0 0.6584448483910892 0.7793291047854787 0.6447149597772279 0.7774984529702972 0.6425201113861388 0.8067630981848187 0.6562500000000001 0.8085937500000002