0 0.5780024963017751 0.20752742850098632 0.4558478180473373 0.19560989891518746 0.4533757858727811 0.24065581854043402 0.5755304641272189 0.25257334812623283
0 0.5093689903846154 0.24108173076923084 0.4828064903846155 0.22858173076923088 0.452157451923077 0.3443669871794873 0.47871995192307687 0.3568669871794873
0 0.4705078124999999 0.2859375 0.4300781250000001 0.26796875000000003 0.4212890625000001 0.30312500000000014 0.4617187499999999 0.32109375000000007
0 0.35859672430203055 0.3908298963620982 0.27420586135786806 0.382792671319797 0.26693865006345185 0.5184472821489001 0.3513295130076143 0.5264845071912013
0 0.36440045646067415 0.287804307116105 0.3540313377808989 0.2656835205992511 0.33147164676966295 0.2844832631086144 0.3418407654494382 0.3066040496254682
0 0.8043288680647291 0.34251327884191984 0.7847653669914135 0.26715757100396303 0.7143290228698811 0.2996666529062087 0.7338925239431968 0.37502236074416556
0 0.5194538985148515 0.42735406353135313 0.49945853960396036 0.40554094471947194 0.4701326577970296 0.45333127062706274 0.4901280167079207 0.4751443894389439
0 0.5707778560105236 0.5893328948551898 0.5626907801538047 0.5469206748066199 0.49148551335671886 0.5710580533819033 0.4995725892134377 0.6134702734304731
0 0.4990072513812155 0.6219857849907922 0.4635596512430939 0.5794486648250461 0.41092239295580113 0.657429788213628 0.4463699930939227 0.6999669083793739
0 0.7031250000000001 0.64453125 0.6941406250000001 0.6205729166666667 0.67265625 0.6348958333333333 0.681640625 0.6588541666666667
0 0.8302337247324612 0.6126727853745543 0.7977528611771699 0.5714272443519621 0.743200059453032 0.647801166765755 0.7756809230083234 0.6890467077883472
0 0.6982421874999999 0.7057291666666666 0.6395582932692307 0.7013822115384615 0.6369050480769232 0.7650600961538461 0.6955889423076923 0.7694070512820513
0 0.7335937499999998 0.85859375 0.6761718749999999 0.8330729166666667 0.6673828124999999 0.8682291666666667 0.7248046874999998 0.8937500000000002
0 0.6835743369165945 0.8038074402189572 0.6097792985630943 0.7110365348602711 0.495356896877701 0.8728459917891099 0.5691519352312013 0.9656168971477962
0 0.52734375 0.7265625 0.498046875 0.7265625 0.498046875 0.8424479166666666 0.52734375 0.8424479166666666
0 0.5513909271408841 0.7540860957642727 0.5300684133287294 0.752589779005525 0.5291350138121549 0.7762359000920812 0.5504575276243096 0.7777322168508289
0 0.5670090437382739 0.7136198405253283 0.5552738039399625 0.6833690001563476 0.5195147602016885 0.7080304096310194 0.53125 0.73828125
0 0.5994591346153848 0.7450921474358975 0.5945012019230771 0.7120392628205129 0.5723407451923077 0.717948717948718 0.5772986778846154 0.7510016025641025
0 0.5541015625 0.42552083333333346 0.53828125 0.41848958333333347 0.5330078125 0.4395833333333334 0.548828125 0.44661458333333337