0 0.7626953125 0.24739583333333345 0.712890625 0.18098958333333345 0.6728515625 0.23437500000000017 0.72265625 0.30078125000000017
0 0.29728970462328763 0.17257063356164387 0.28027343749999994 0.16406250000000003 0.27204623287671226 0.19331478310502287 0.28906249999999994 0.20182291666666669
0 0.33203125000000006 0.26692708333333337 0.31445312500000006 0.2434895833333334 0.3046875 0.25651041666666674 0.322265625 0.27994791666666674
0 0.38995261270491804 0.28460126366120225 0.3520908043032787 0.28001195355191266 0.3498815317622951 0.3124146174863388 0.3877433401639344 0.3170039275956284
0 0.47151963198424063 0.39962243314231144 0.4108893714183381 0.34517893385864384 0.3750430918696275 0.4161473256924547 0.43567335243553007 0.47059082497612237
0 0.4355468749999999 0.31901041666666674 0.4113581730769231 0.30058092948717957 0.3995192307692308 0.3282051282051283 0.42370793269230766 0.34663461538461543
0 0.5101467225609755 0.33139608739837395 0.5055259146341463 0.2759463922764228 0.4319979039634146 0.28683943089430897 0.4366187118902438 0.3422891260162601
0 0.672343979704345 0.37291947416421656 0.5396779162242731 0.23082904551889363 0.5187614214104868 0.26554758112817173 0.6514274848905586 0.4076380097734946
0 0.6844816875540191 0.5048189462690869 0.5770724732605877 0.4401424301354078 0.5424496610306828 0.5423621614808414 0.6498588753241141 0.6070386776145205
0 0.5463431300721371 0.48723864404869255 0.4840553496956718 0.4819375563570785 0.47612485206266913 0.6475968402464682 0.5384126324391344 0.6528979279380824
0 0.37317884290540543 0.47029842342342343 0.35011613175675677 0.4540188626126127 0.33852407094594594 0.4832136824324325 0.36158678209459466 0.4994932432432433
0 0.31640625000000006 0.5221354166666667 0.2935546875 0.5119791666666668 0.2849609375 0.5463541666666668 0.3078125000000001 0.5565104166666668
0 0.4343157350167644 0.7597497991757475 0.4130859375 0.6927083333333334 0.37031937604777865 0.7167843234842135 0.39154917356454316 0.7838257893266276
0 0.5185431985294118 0.8846966911764705 0.4961397058823529 0.7502757352941176 0.4187959558823529 0.7731924019607843 0.4411994485294118 0.9076133578431372
0 0.46367056417785246 0.7072147651006712 0.4447291841442954 0.7027579697986578 0.4411506396812081 0.7297958612975393 0.46009201971476515 0.7342526565995526
0 0.6038125 0.8090208333333333 0.5855937499999999 0.8046041666666667 0.5809375 0.83875 0.5991562500000001 0.8431666666666667
0 0.857421875 0.4739583333333334 0.8359375 0.4739583333333334 0.8359375 0.5013020833333335 0.857421875 0.5013020833333335
0 0.14943007172131145 0.6278389685792349 0.14550781249999997 0.5703125 0.09884093237704919 0.5759690915300547 0.10276319159836064 0.6334955601092896