0 0.7345488609942427 0.19519486271036313 0.7194904229406555 0.060385988706820194 0.6349299712134633 0.07717813514909949 0.6499884092670506 0.21198700915264243
0 0.9554055274566476 0.3387749879576108 0.8738653811416188 0.259046844894027 0.8583419888005783 0.2872711946050097 0.9398821351156071 0.3669993376685935
0 0.767578125 0.40494791666666685 0.7353515624999999 0.36197916666666674 0.7080078125 0.3984375 0.740234375 0.4414062500000001
0 0.30664062499999994 0.06119791666666673 0.29003906249999994 0.0494791666666667 0.28291279560810806 0.06742680180180181 0.29951435810810806 0.07914555180180184
0 0.06743632277397263 0.2857805365296804 0.05389822345890414 0.27757562785388135 0.04513591609589044 0.3032783961187215 0.05867401541095892 0.3114833047945206
0 0.1278339974832215 0.4334783976510067 0.07998767827181207 0.3474937080536913 0.04048998531879193 0.3865666946308725 0.08833630453020133 0.472551384228188
0 0.1377357219827586 0.5061242816091954 0.13574218749999997 0.46093749999999994 0.08983028017241379 0.4645384339080459 0.0918238146551724 0.5097252155172414
0 0.2684080837408313 0.556598283414833 0.20768117741442546 0.5154034229828852 0.19077208129584358 0.5597169162591688 0.2514989876222494 0.6009117766911167
0 0.08203125000000008 0.8502604166666666 0.033981017191977145 0.8324640341451768 0.015625000000000066 0.9205729166666667 0.06367523280802301 0.9383692991881567
0 0.23457146819526636 0.9727641148915188 0.21453171227810652 0.9617618959566075 0.203125 0.9986979166666666 0.22316475591715984 1.009700135601578
0 0.4636808378383955 0.7262400957411688 0.3896397325850115 0.6344464447837571 0.3683658875660284 0.6649523357543745 0.44240699281941237 0.7567459867117862
0 0.5787574434447815 0.7463119414299395 0.49860482165655934 0.7395480071018194 0.49528675341126727 0.8094486448026388 0.5754393751994894 0.8162125791307588
0 0.6046875 0.6934895833333333 0.59765625 0.6653645833333334 0.53671875 0.6924479166666667 0.54375 0.7205729166666667
0 0.761119611135182 0.7737963063258229 0.7344630090987868 0.7410975411611782 0.7109510398613518 0.7751728588965913 0.7376076418977469 0.8078716240612359
0 0.6418269230769231 0.9884815705128206 0.634540264423077 0.9399038461538461 0.5800781250000001 0.9544270833333334 0.5873647836538461 1.0030048076923077
0 0.9352463942307694 0.9966947115384617 0.9228515625000002 0.9140625000000001 0.8383413461538464 0.9365985576923078 0.8507361778846155 1.0192307692307694
0 0.8984375000000002 0.9179687500000002 0.8740234375 0.8854166666666666 0.8544921875 0.9114583333333335 0.87890625 0.9440104166666671
0 0.7119140625 0.4843750000000001 0.697265625 0.46484375 0.6884765624999999 0.47656250000000006 0.703125 0.49609375000000017
0 0.4144341122787611 0.6076926622418878 0.41344890763274333 0.5879885693215338 0.39257812499999994 0.5898437499999999 0.39356332964601765 0.6095478429203538