0 1.0039589733581789 0.1263954640075208 0.9977053535455278 0.08099881647864628 0.9304972363517325 0.0974579472199839 0.9367508561643836 0.14285459474885842
0 0.630859375 0.0013020833333334517 0.6015624999999999 -0.01822916666666655 0.5878906249999999 0.018229166666666727 0.6171875 0.03776041666666673
0 0.5686624461206897 0.010775862068965658 0.5248181573275862 -0.014278017241379181 0.513604525862069 0.02060883620689668 0.5574488146551724 0.04566271551724152
0 1.0000000000000002 0.40494791666666674 0.9970703125000002 0.3567708333333333 0.9805509570029027 0.3585567096032898 0.9834806445029027 0.4067337929366232
0 0.419921875 0.4895833333333334 0.3759765625000001 0.4895833333333334 0.3759765625000001 0.5859375 0.419921875 0.5859375
0 0.3380333318409742 0.5623358404966571 0.28972566708452724 0.44837929799426934 0.19531250000000003 0.51953125 0.24362016475644702 0.6334877925023878
0 0.3477251838235294 0.43088235294117644 0.30872012867647053 0.3863051470588234 0.2734949448529411 0.4410998774509803 0.3125 0.48567708333333326
0 0.28310740162582465 0.4389272600534087 0.2619838301131008 0.3516164978008169 0.18329001237040526 0.3854633011310085 0.20441358388312914 0.4727740633836003
0 0.07900325083892626 0.5905865492170023 0.05289822776845641 0.5408626957494408 0.019406721895973145 0.5721214345637584 0.04551174496644299 0.62184528803132
0 0.20898437500000006 0.6080729166666666 0.15722656250000006 0.5755208333333334 0.1294994676397787 0.6538960881382256 0.1812572801397787 0.686448171471559
0 0.0866311961206897 0.6496408045977012 0.038085937500000056 0.6458333333333334 0.03478582974137937 0.720635775862069 0.08333108836206901 0.7244432471264368
0 0.3583984375 0.8463541666666669 0.325028978115727 0.8060004018298715 0.2835073952151336 0.8670406775469833 0.31687685459940657 0.9073944423837786
0 0.6456461239270386 0.8158921226752505 0.6213703728540773 0.7632946620171676 0.5813774141630901 0.7961093973533622 0.6056531652360515 0.8487068580114451