0 0.9558966226817158 0.15265353752966165 0.9143486265923565 0.058328357218683756 0.8699060685181713 0.09312993708629959 0.9114540646075306 0.1874551173972775
0 0.2990656672297297 0.15044341216216223 0.26771009290540543 0.14347550675675683 0.2596600506756757 0.20787584459459468 0.291015625 0.21484375000000006
0 0.6461622100515464 0.5263772551546392 0.5900149001288659 0.49758376288659795 0.5631342622422679 0.5907699742268041 0.6192815721649485 0.6195634664948454
0 0.5692289169520548 0.6340610730593607 0.5029296875 0.5625 0.46954462756849313 0.6174871575342465 0.5358438570205479 0.6890482305936073
0 0.3574218750000001 0.5104166666666666 0.3339843750000001 0.5104166666666666 0.3339843750000001 0.5794270833333334 0.3574218750000001 0.5794270833333334
0 0.11328125000000004 0.70703125 0.10156250000000004 0.69140625 0.08593750000000004 0.7122395833333335 0.09765625000000004 0.7278645833333335
0 0.10800862461018712 0.7978901377338878 0.09441390007796262 0.7576094724532225 -0.009373781834719264 0.8198820816008318 0.004220942697505237 0.8601627468814971
0 0.14897354014598546 0.8550657694647202 0.08794337363138693 0.8528664841849148 0.08702811359489059 0.8980193126520681 0.14805828010948913 0.9002185979318735
0 0.7127403846153845 0.8427483974358976 0.6543719951923077 0.7908653846153848 0.6103515625 0.8789062500000001 0.6687199519230769 0.9307892628205129
0 0.3613281250000001 0.9270833333333334 0.3359375000000001 0.9270833333333334 0.3359375000000001 0.9700520833333334 0.3613281250000001 0.9700520833333334
0 0.8019875919117648 0.8854932598039216 0.7548828125000001 0.8697916666666666 0.7390280330882353 0.9543504901960788 0.7861328125 0.9700520833333336
0 0.9006976664847162 0.8081275018195052 0.8817378548034934 0.7750693686317323 0.855204353165939 0.8021231350072782 0.8741641648471618 0.835181268195051