0 0.7599454541414861 0.0001564536674962739 0.732198997955919 -0.0012395944424693642 0.7280608447387131 0.14497515256546997 0.7558073009242803 0.1463712006754356
0 0.8789062499999998 0.15494791666666666 0.8447265625 0.13020833333333334 0.827271585356242 0.17308020701975627 0.861451272856242 0.1978197903530896
0 0.7869289908439492 0.16774482484076447 0.7382874701433122 0.14866971868365192 0.7341510748407643 0.16742137738853516 0.7827925955414013 0.1864964835456477
0 0.3232758620689656 0.211700790229885 0.28886045258620696 0.09698275862068964 0.23733836206896552 0.12446120689655173 0.2717537715517241 0.2391792385057471
0 0.17774222939008044 0.17599419124218058 0.1396484375 0.15364583333333337 0.12458633545576407 0.19928856680071494 0.16268012734584453 0.22163692470956214
0 0.10782210553278689 0.14909921448087438 0.09792840676229506 0.13810621584699453 0.0838402920081967 0.1606471994535519 0.09373399077868852 0.17164019808743175
0 0.24776141826923076 0.22299679487179488 0.2431640625 0.2005208333333334 0.22829026442307693 0.20592948717948725 0.23288762019230766 0.22840544871794874
0 0.2681490384615384 0.2506209935897436 0.26233473557692305 0.22219551282051286 0.23440504807692303 0.23235176282051287 0.2402193509615384 0.2607772435897436
0 0.26953125 0.3828125 0.236328125 0.3828125 0.236328125 0.44921875 0.26953125 0.44921875
0 0.025390625000000038 0.3958333333333333 3.6416499056676663e-17 0.3958333333333333 3.9466156613147125e-17 0.4622395833333333 0.025390625000000045 0.4622395833333333
0 0.03710937500000005 0.515625 4.765837397072463e-17 0.515625 5.2980325392800534e-17 0.6315104166666666 0.037109375000000056 0.6315104166666666
0 0.11748136467889911 0.9222262041284405 0.0895982654816514 0.8693950688073394 0.06405354071100922 0.8933629587155962 0.09193663990825693 0.9461940940366973
0 0.17107872596153845 0.9420272435897437 0.14728064903846155 0.9173477564102565 0.12835036057692303 0.9497996794871796 0.15214843749999996 0.9744791666666667
0 0.27979607627795533 0.9091412074014908 0.25 0.9075520833333333 0.24927927815495207 0.9315761448349307 0.2790753544329074 0.9331652689030883
0 0.6994946246750434 0.4716407603986135 0.6374279002383016 0.4681926090410168 0.6351989005632582 0.5395205986424033 0.697265625 0.5429687500000001
0 0.61328125 0.5208333333333335 0.59765625 0.5208333333333335 0.59765625 0.55859375 0.61328125 0.55859375
0 0.811871254280822 0.2804473458904111 0.7934637200342465 0.2712435787671234 0.7757651969178081 0.3341716609589042 0.7941727311643836 0.3433754280821919
0 0.8792833384900991 0.31492367986798697 0.8603515625 0.29427083333333337 0.8442527846534652 0.32050587871287134 0.8631845606435643 0.34115872524752494
0 0.7382812500000002 0.59765625 0.7177734375000001 0.5729166666666665 0.6940363933915212 0.6078975737738985 0.7145442058915213 0.6326371571072319
0 0.7871093749999998 0.6705729166666667 0.7601739609571788 0.6518976962636441 0.7491734886649873 0.6801040354743914 0.7761089027078084 0.6987792558774141