0 0.49301907068777284 0.04151883187772943 0.4524213632641921 0.00012509097525488974 0.39576368040393006 0.09891284570596807 0.4363613878275109 0.1403065866084426
0 0.582960175304878 0.08781122967479682 0.526850888250469 0.06400728971232027 0.505547901031895 0.1532769504377737 0.5616571880863039 0.17708089040025024
0 0.4332221798780488 0.16038490853658544 0.3815405868902439 0.13499745934959356 0.37100323932926826 0.17313262195121956 0.4226848323170732 0.19852007113821143
0 0.12462439903846156 0.1381209935897436 0.08832632211538462 0.13207131410256412 0.08284254807692308 0.1905649038461539 0.11914062500000003 0.19661458333333337
0 0.24064662629757788 0.26687301758938875 0.23615241133217996 0.2471840758362169 0.2037433769463668 0.26033556805074975 0.20823759191176472 0.28002450980392163
0 0.35742187500000006 0.4739583333333333 0.33398437500000006 0.4739583333333333 0.3339843750000001 0.5403645833333334 0.3574218750000001 0.5403645833333334
0 0.13868806111878454 0.8845246316758749 0.13620618957182323 0.821650552486188 0.10934802313535914 0.8235353360957643 0.11182989468232045 0.8864094152854513
0 0.5732421875 0.6614583333333336 0.5348504539894618 0.6354700829569692 0.5026238914894618 0.7201054996236358 0.541015625 0.7460937500000002
0 0.662109375 0.5442708333333334 0.615234375 0.5442708333333334 0.615234375 0.5872395833333334 0.662109375 0.5872395833333334
0 0.87851312899361 0.998614716453674 0.8779296874999998 0.9791666666666665 0.8513316194089458 0.9805852302981894 0.8519150609025559 1.000033280085197
0 0.8907301437601959 0.2562087921424687 0.8885842551998369 0.15606732599238718 0.8148721069535074 0.1588754078303426 0.8170179955138664 0.2590168739804241
0 0.8338766163793103 0.296452945402299 0.8134765625 0.27343750000000006 0.7998450969827585 0.2949173850574714 0.8202451508620691 0.31793283045977033
0 0.7909753543814432 0.1068916451890035 0.7838273195876287 0.08211179123711349 0.7590910921391751 0.09479703608247429 0.7662391269329896 0.11957689003436431
0 0.7840762867647058 0.07685355392156866 0.7704044117647058 -0.005177696078431371 0.7428998161764706 0.0029718137254901873 0.7565716911764706 0.08500306372549021
0 0.63671875 0.01692708333333339 0.6298828125 0.007812500000000059 0.619140625 0.022135416666666727 0.6259765625 0.03125000000000006
0 0.9986923558639947 0.055700421594393354 0.99761056586728 -0.0005526582347787912 0.9433593750000002 0.0013020833333333259 0.9444411649967149 0.05755516316250547