0 0.7171875 0.03359375000000012 0.6708984375 0.013020833333333452 0.654296875 0.07942708333333343 0.7005859375 0.10000000000000009
0 0.6465517241379312 0.054463002873563225 0.6416015625000001 0.03906249999999994 0.6203865840517242 0.05118534482758612 0.6253367456896552 0.0665858477011494
0 0.28671064013840836 0.30145256632064593 0.23450340614186854 0.2643274221453288 0.1980901275951557 0.3553606185121108 0.2502973615916956 0.39248576268742796
0 0.46539652122641517 0.3593995676100629 0.4530512971698114 0.32977102987421386 0.4349756780660378 0.3431603773584906 0.44732090212264153 0.37278891509433965
0 0.7013885348694944 0.3603712105764003 0.7001953125000001 0.3046875 0.6575404006933117 0.30631244902120713 0.658733623062806 0.36199615959760745
0 0.669110576923077 0.3979767628205127 0.6323016826923078 0.3348758012820513 0.5901141826923078 0.37862580128205126 0.626923076923077 0.4417267628205127
0 0.9163312107271097 0.504079237731897 0.9113607355251346 0.46033905595451813 0.8632812500000002 0.4700520833333332 0.868251725201975 0.5137922651107121
0 0.5771484375 0.7213541666666669 0.5341796875 0.6640625000000002 0.4970703125000001 0.7135416666666669 0.5400390625000001 0.7708333333333336
0 0.5087890625000001 0.6119791666666667 0.5023667279411765 0.6113204656862746 0.5013556985294119 0.6288449754901962 0.5077780330882354 0.6295036764705884
0 0.5423971036585366 0.6181402439024389 0.5306068978658537 0.6055640243902439 0.5155535442073171 0.6306529471544716 0.52734375 0.6432291666666666
0 0.40940381659836067 0.673860143442623 0.3990298411885246 0.6623335040983608 0.3867827868852459 0.6819287909836066 0.39715676229508196 0.693455430327869
0 0.4146484375000001 0.7072916666666669 0.4052734375000001 0.7031250000000002 0.4005859375000001 0.721875 0.40996093750000007 0.7260416666666667
0 0.463671875 0.7872395833333333 0.4333984375 0.7065104166666667 0.4068359375000001 0.72421875 0.4371093750000001 0.8049479166666667
0 0.477491425304878 0.8353658536585366 0.4755859375 0.8124999999999999 0.45050495426829257 0.8162157012195121 0.45241044207317066 0.8390815548780488
0 0.24218750000000008 0.8385416666666666 0.19921875000000008 0.8385416666666666 0.19921875000000008 0.9427083333333334 0.24218750000000008 0.9427083333333334
0 0.13490853658536586 0.7373920223577236 0.1339081554878049 0.7253874491869918 0.1171875 0.7278645833333334 0.11818788109756098 0.739869156504065