0 0.140625 0.07552083333333336 0.1015625 0.07552083333333336 0.1015625 0.14713541666666666 0.140625 0.14713541666666666
0 0.8918507543103449 0.07508081896551731 0.8565598060344828 0.02214439655172432 0.8355872844827585 0.0470007183908048 0.8708782327586206 0.0999371408045978
0 0.854094914910859 0.20302159305780662 0.8505954340559156 0.14858522420313344 0.8232849220016207 0.15170642558076716 0.8267844028565641 0.20614279443544037
0 0.7269646139705881 0.37545955882352966 0.6396484374999999 0.3203125000000002 0.6202011453619909 0.3750530260180998 0.7075173218325792 0.43020008484162925
0 0.8358168012640448 0.4247425093632959 0.8027234023876405 0.4145599250936331 0.7989378511235955 0.43643199906367053 0.8320312499999998 0.4466145833333334
0 0.658203125 0.6002604166666666 0.6484375 0.57421875 0.6234375 0.5908854166666667 0.633203125 0.6169270833333333
0 0.7753906249999999 0.5247395833333334 0.7748316271551723 0.5120689655172412 0.74609375 0.5143229166666665 0.7466527478448276 0.5269935344827587
0 0.767578125 0.6861979166666666 0.7407886402027026 0.6361908783783783 0.6927523226351351 0.6819397522522521 0.7195418074324325 0.7319467905405406
0 0.719293176775148 0.7655402490138068 0.7081696098372781 0.7299448348126234 0.6719732340976332 0.7500539324457594 0.683096801035503 0.7856493466469429
0 0.5703125 0.7929687499999999 0.5458984375 0.7447916666666666 0.48805694427031093 0.796901120026747 0.5124710067703109 0.8450782033600801
0 0.451171875 0.6575520833333335 0.41886753318584075 0.6083264196165192 0.36853567477876104 0.6670469210914455 0.40084001659292035 0.7162725848082597
0 0.3981956501457208 0.5307316842005497 0.34187573304663066 0.4386362222775093 0.23531740919107197 0.5544842461615013 0.29163732629016204 0.6465797080845417
0 0.34765625 0.7981770833333335 0.3371363146551724 0.7816002155172416 0.30798087284482756 0.8144935344827587 0.31850080818965515 0.8310704022988508
0 0.37131575435282527 0.9402786903197546 0.32817504722404733 0.9388037943495401 0.32751416721419185 0.9731695548620236 0.37065487434296984 0.9746444508322383
0 0.06250000000000007 0.80078125 0.039096174568965594 0.7882992097701149 0.027377424568965615 0.8273617097701148 0.05078125000000009 0.83984375