0 0.7560817307692308 0.0182011217948718 0.7558257211538463 -0.00125560897435897 0.6951604567307693 0.0001634615384615364 0.6954164663461538 0.019620192307692304
0 0.666015625 0.031250000000000104 0.62109375 0.031250000000000104 0.62109375 0.11588541666666677 0.666015625 0.11588541666666678
0 0.69921875 0.2304687500000001 0.6455078125000001 0.2031250000000001 0.6306328440565494 0.2550693342469707 0.6843437815565493 0.28241308424697065
0 0.5762561152156549 0.3409419928115017 0.5439453125 0.2942708333333334 0.5257338258785943 0.31668497071352514 0.5580446285942491 0.36335613019169344
0 0.41703259698275863 0.3454382183908047 0.3794787176724138 0.3424928160919541 0.3770272090517241 0.39806034482758623 0.41458108836206903 0.40100574712643683
0 0.8296017530487806 0.4979039634146343 0.7432736280487805 0.44477896341463424 0.7004001524390244 0.5686356707317075 0.7867282774390244 0.6217606707317075
0 0.9287109375 0.4322916666666668 0.8867550701264106 0.42823795967404943 0.8812070687944006 0.530321184183034 0.9231629361679901 0.5343748911756514
0 0.7610827583200477 0.7038032873322706 0.7087084153298127 0.6250560482263853 0.6598386433838181 0.6828391748040391 0.7122129863740533 0.7615864139099244
0 0.290671849675851 0.7798267828200973 0.15083126519448958 0.6993955969746083 0.06825048115883314 0.9546452930848193 0.20809106564019458 1.0350764789303082
0 0.3523623091063349 0.8925869626696833 0.30497472426470595 0.8700214460784313 0.29352994202488697 0.9127486331070891 0.34091752686651594 0.9353141496983409
0 1.0002169440196393 0.8732954697896546 0.9711602794993561 0.8454494996243831 0.9232301140936897 0.9343634296522861 0.9522867786139729 0.9622093998175576