0 0.892578125 1.4295518950984403e-16 0.8486328125 1.3936735709046702e-16 0.8486328125 0.03776041666666681 0.892578125 0.03776041666666682
0 0.5166015625 0.12500000000000006 0.480859375 0.10911458333333342 0.4705078125 0.15052083333333346 0.50625 0.16640625000000006
0 0.30601643041237103 0.13159095790378006 0.2880859375 0.12239583333333333 0.2818943298969072 0.14386007302405499 0.2998248228092783 0.15305519759450173
0 0.4769474224452554 0.5202915906326034 0.4465185903284671 0.4691358728710463 0.3758211678832117 0.5438963655717761 0.40625 0.5950520833333334
0 0.22421874999999997 0.30494791666666665 0.1814453125 0.2859375 0.1740234375 0.31562500000000004 0.21679687499999994 0.3346354166666667
0 0.24296875 0.44192708333333325 0.2373046875 0.4192708333333333 0.2162109375 0.42864583333333334 0.221875 0.45130208333333327
0 0.14295798723662886 0.27664311520799567 0.0009765625000000221 0.2604166666666667 -0.012461064120745501 0.46944641410048615 0.12952036061588335 0.4856728626418152
0 0.039224894662921395 0.5175181413857678 0.0009765625000000555 0.5052083333333334 -0.006258778089887585 0.5451749765917603 0.031989554073033756 0.5574847846441948
0 0.16411013719512196 0.7492695630081301 0.15848894817073172 0.6818152947154471 0.12376143292682926 0.6869601117886178 0.1293826219512195 0.7544143800813007
0 0.2421484375000001 0.8277604166666667 0.17839843750000006 0.7640104166666667 0.1544921875000001 0.8065104166666667 0.2182421875000001 0.8702604166666668
0 0.201171875 0.9648437500000001 0.19854266826923075 0.9473157051282051 0.16023137019230768 0.9575320512820513 0.16286057692307693 0.9750600961538464
0 0.8395897278062601 0.3286555304461235 0.7919921875 0.2708333333333334 0.7627785811859147 0.3135849523295558 0.8103761214921746 0.3714071494423458
0 0.7392736486486486 0.37252956081081073 0.7357105152027026 0.3424408783783784 0.6928842905405405 0.35145692567567566 0.6964474239864864 0.38154560810810806
0 0.8734375 0.46328125000000003 0.8466796875 0.39192708333333326 0.8240234375 0.40703124999999996 0.85078125 0.47838541666666673
0 0.984375 0.4179687500000001 0.9550781250000002 0.3789062500000002 0.9121093750000002 0.4361979166666669 0.94140625 0.4752604166666668
0 1.0000000000000002 0.5065104166666667 0.9990234375000002 0.4348958333333334 0.9819126166969598 0.4353106411103768 0.9828891791969598 0.5069252244437101
0 0.9968837780898875 0.6061124765917605 0.9428217169943821 0.5894779962546818 0.9288645540730338 0.6701193820224719 0.9829266151685392 0.6867538623595506
0 0.753515625 0.7385416666666668 0.7373046875 0.6953125 0.7021484375 0.71875 0.718359375 0.7619791666666668
0 0.7519531250000001 0.8059895833333336 0.7158203125000001 0.7578125000000002 0.7060546875000001 0.7708333333333337 0.7421875000000001 0.8190104166666671
0 0.910358932783019 0.7424823113207549 0.8575545400943396 0.7394211871069185 0.8565337558962265 0.7707252358490568 0.9093381485849059 0.7737863600628933