0 0.2636934564917127 0.07757826887661144 0.23431565089779002 0.03405559392265196 0.18365309910220992 0.0948506560773481 0.2130309046961326 0.1383733310313076
0 0.272265625 0.19609375 0.22597656249999995 0.17552083333333332 0.21484374999999994 0.22005208333333334 0.2611328125 0.24062500000000003
0 0.3251346982758621 0.21491558908045982 0.27326912715517243 0.21084770114942533 0.2693561422413793 0.29954202586206896 0.321221713362069 0.3036099137931034
0 0.3482421875 0.1526041666666667 0.2814453125 0.12291666666666672 0.2607421875 0.2057291666666667 0.3275390625 0.2354166666666667
0 0.3814150984116023 0.166422076427256 0.3793864381906078 0.1150293508287293 0.3486328125 0.11718750000000001 0.3506614727209945 0.16858022559852676
0 0.4829352816955983 0.1721777162120273 0.45220958617482954 0.08860382439553624 0.3995950867947923 0.12299238608183506 0.430320782315561 0.2065662778983261
0 0.7407306608606558 0.12683572404371596 0.6826171874999999 0.11979166666666678 0.6783907530737705 0.1817793715846996 0.7365042264344263 0.18882342896174878
0 0.8038341630520505 0.00470721608832821 0.7446858980678233 -0.00475650630914816 0.7411462440851734 0.0345729823869612 0.8002945090694006 0.04403670478443757
0 0.6242129964492373 0.2673380512449588 0.5743728629668596 0.21797258570050854 0.5065087043003683 0.33978004997369815 0.556348837782746 0.3891455155181484
0 0.6312435963114755 0.4019168374316941 0.6025390625000001 0.3984375000000001 0.5988889600409837 0.4519723360655739 0.6275934938524591 0.4554516734972679
0 0.8706171028880865 0.4855661477135982 0.8222677402978338 0.3769921404933815 0.7776829027527075 0.4122884702166065 0.82603226534296 0.5208624774368232
0 0.5664062500000001 0.5013020833333334 0.5281973723277911 0.4995453533254157 0.5270514771377672 0.543853300673001 0.5652603548099763 0.5456100306809186
0 0.3911894869942197 0.4378161127167631 0.3407017702312139 0.4274596579961465 0.33346504696531787 0.49017792630057816 0.38395276372832365 0.5005343810211947
0 0.06010609192607004 0.7601278777561608 0.054995288180933855 0.6510973978599223 0.01766552164396887 0.6542082117380026 0.022776325389105054 0.7632386916342412
0 0.9052734375 0.7174479166666667 0.8849609375 0.70390625 0.8724609375 0.7372395833333335 0.8927734375 0.7507812500000003