0 0.7333233173076923 0.22576121794871795 0.7103365384615385 0.17978766025641027 0.6688701923076923 0.2166466346153846 0.6918569711538461 0.2626201923076923
0 0.700744413064833 0.40254430664702046 0.6239708681237721 0.39245200965946314 0.6182335154715128 0.4700428740995417 0.6950070604125738 0.480135171087099
0 0.0066148290094339614 0.4697818396226416 0.0056382665094339614 0.43983392295597484 0.0009765624999999972 0.4401041666666667 0.0019531249999999972 0.47005208333333337
0 0.041360294117647065 0.530484068627451 0.0361328125 0.5026041666666666 0.002355238970588236 0.5138633578431372 0.007582720588235304 0.5417432598039215
0 0.09928000184911254 0.8598835059171599 0.06597864275147938 0.8416004068047338 0.03090906989644977 0.955159023668639 0.06421042899408294 0.9734421227810651
0 0.19741104014598537 0.9944133972019464 0.168293795620438 0.9454626672749392 0.13798899406934312 0.9775091240875914 0.1671062385948905 1.0264598540145988
0 0.41514482739169684 0.8964820246690735 0.40308762973826723 0.8225312123947054 0.361328125 0.8346354166666667 0.3733853226534296 0.9085862289410349
0 0.39361872438524587 0.7340121243169401 0.36989305840163933 0.7076502732240438 0.3483606557377049 0.7421021174863388 0.37208632172131145 0.768463968579235
0 0.5647798199391343 0.7961270946047491 0.5360694107867449 0.7526264746768861 0.47321805962578906 0.8263720600390744 0.5019284687781785 0.8698726799669372
0 0.934360580956376 0.5762374161073827 0.9049457319630871 0.5693162751677854 0.8958027474832214 0.6383966023489933 0.9252175964765103 0.6453177432885906
0 0.9960937499999998 0.6471354166666666 0.9951171874999998 0.6380208333333335 0.9839062499999998 0.6401562500000002 0.9848828124999998 0.6492708333333332
0 0.9765625 0.6471354166666666 0.9759661919247786 0.6352092551622419 0.9607992256637168 0.6365574299410031 0.9613955337389382 0.6484835914454278
0 0.9941406249999998 0.6236979166666667 0.9915476831896551 0.5822108477011495 0.9776468211206893 0.5837553879310345 0.9802397629310342 0.6252424568965519