0 0.5565831801470587 0.09865196078431383 0.5034466911764705 0.056142769607843174 0.45812270220588225 0.1568627450980392 0.5112591911764706 0.19937193627450986
0 0.484375 0.22526041666666677 0.4658203125 0.20052083333333343 0.44921875 0.22265625000000008 0.4677734375 0.24739583333333343
0 0.4453125 7.024178581046993e-17 0.404296875 6.689314221905138e-17 0.404296875 0.045572916666666734 0.4453125 0.04557291666666674
0 0.23404498922413794 0.006582255747126468 0.16858162715517247 -0.0006914511494252559 0.16310614224137937 0.08691630747126441 0.22856950431034484 0.09419001436781613
0 0.1328125 0.0013020833333333424 0.04918536394897102 -0.0003138999720005488 0.04860951609092819 0.052664102967940656 0.13223665214195718 0.05428008627327455
0 0.080078125 0.08723958333333333 0.0291015625 0.06458333333333334 0.022265625000000004 0.09192708333333334 0.0732421875 0.11458333333333333
0 0.31445312500000006 0.4739583333333333 0.2685546875 0.4739583333333333 0.26855468750000006 0.5169270833333334 0.3144531250000001 0.5169270833333334
0 0.230444931402439 0.6728912601626017 0.2236328125 0.5911458333333333 0.17154153963414634 0.5988630589430893 0.17835365853658536 0.6806084857723577
0 0.4672876862046634 0.9670701101036272 0.4267274530440416 0.9355232620898103 0.41659751457253896 0.9586774071675305 0.45715774773316076 0.9902242551813475
0 0.5356219951923077 0.9445512820512822 0.5283203124999999 0.9088541666666667 0.49972956730769225 0.9192508012820514 0.50703125 0.9549479166666669
0 0.7740455483490565 0.7066136006289309 0.7393130896226414 0.6389298349056605 0.6877800707547168 0.6859424135220127 0.7225125294811319 0.7536261792452831
0 0.8835196659482758 0.35587284482758635 0.8486328125 0.3359375000000001 0.836712015086207 0.37302442528735646 0.8715988685344828 0.39295977011494265
0 0.9324969951923074 0.767948717948718 0.9093599759615383 0.7595352564102564 0.9023287259615383 0.7939102564102565 0.9254657451923075 0.802323717948718