0 0.7279897836538464 0.0009014423076924239 0.5634445440573772 -0.02260502049180319 0.5443775614754098 0.21467298497267773 0.7089228010718791 0.2381794477721733
0 0.729273056402439 0.2442962398373984 0.6963938643292683 0.2159298780487805 0.6677829649390243 0.2748856707317074 0.700662157012195 0.3032520325203253
0 0.814453125 0.20833333333333345 0.7578125 0.20833333333333345 0.7578125 0.2760416666666668 0.814453125 0.2760416666666668
0 0.901823122042587 0.050489616193480705 0.8717868937302841 0.04568381966351224 0.865493148659306 0.11561432045215579 0.895529376971609 0.12042011698212425
0 0.9924712558962264 0.22354559748427671 0.9906213148584907 0.166814072327044 0.9343418337264152 0.17007665094339622 0.9361917747641509 0.2268081761006289
0 0.32885627925117006 0.47437475624024955 0.3010219627535101 0.4231242687207487 0.27636871099843996 0.44692740834633377 0.3042030274960999 0.4981778958658346
0 0.11190059267241378 0.6966594827586207 0.09432246767241381 0.6419719827586208 0.030206088362068995 0.6786099137931035 0.04778421336206897 0.7332974137931034
0 0.14453125000000006 0.91796875 0.10644531250000004 0.859375 0.07506642607868023 0.895635046531303 0.11315236357868023 0.954228796531303
0 0.6352441085598322 0.736221953666545 0.6117585108080993 0.6303503701507965 0.545761626117293 0.6563773105922412 0.5692472238690259 0.7622488941079897
0 0.6918103448275863 0.8215696839080462 0.630522629310345 0.7888829022988507 0.6198814655172414 0.8243534482758622 0.6811691810344829 0.8570402298850577
0 0.6767384472379603 0.8982198713408878 0.6200950557719546 0.8710310434372049 0.6035128585339942 0.932446588762984 0.6601562499999999 0.9596354166666667
0 0.947265625 0.4622395833333333 0.9352022058823529 0.44845281862745096 0.9112132352941176 0.4857689950980392 0.9232766544117647 0.49955575980392164