0 0.29620150862068967 0.14677622126436785 0.27407731681034486 0.07794540229885061 0.23235452586206895 0.10178699712643681 0.2544787176724138 0.17061781609195406
0 0.22744874458092484 0.0880223386319846 0.181928513367052 0.04503100915221584 0.13807351878612717 0.1275815871868979 0.18359375 0.17057291666666669
0 0.22501208118556698 0.1405310352233677 0.19648034793814434 0.12589937714776636 0.1819325869845361 0.17633161512027493 0.21046432023195877 0.19096327319587628
0 0.15592672413793104 0.1814744971264368 0.1529229525862069 0.11338900862068965 0.08422683189655171 0.11877693965517241 0.08723060344827586 0.18686242816091958
0 0.560546875 0.06770833333333343 0.521484375 0.06770833333333343 0.521484375 0.13411458333333343 0.560546875 0.13411458333333345
0 0.6845703125 0.2526041666666667 0.6123046875 0.15625000000000006 0.54296875 0.2486979166666667 0.615234375 0.3450520833333333
0 0.5419921875000002 0.2890625000000001 0.49989366941260754 0.28620836318051585 0.49696398191260743 0.36303127984718253 0.5390625000000001 0.36588541666666685
0 0.7604930828327172 0.2848120764017253 0.7461966410582256 0.23109211337030194 0.6785990209103512 0.2630737831176833 0.6928954626848428 0.31679374614910666
0 0.8906250000000002 0.02473958333333348 0.8404120271933753 0.01761717584303207 0.8369061940465533 0.0615569512831992 0.8871191668531783 0.06867935877350062
0 1.0001749163499671 0.1261084489975766 0.9990234375000002 0.041666666666666664 0.930722152800727 0.043322455386649035 0.9318736316506939 0.12776423771755893
0 0.9355955005186722 0.08178812240663907 0.8890365663900415 0.06523383471645931 0.8553390819502074 0.23372125691562945 0.9018980160788381 0.25027554460580925
0 0.9651243093922652 0.13742374539594862 0.9142783149171271 0.133855605432781 0.9110680680248618 0.21518186003683257 0.9619140625 0.21875000000000017
0 0.8798828125 0.5130208333333336 0.8681640625 0.4973958333333336 0.849609375 0.5221354166666669 0.861328125 0.5377604166666669
0 0.45151413859808825 0.5172340834091945 0.39203361473031406 0.4638818559399181 0.3552264984922622 0.5368328971324534 0.4147070223600364 0.5901851246017297
0 0.29492187500000006 0.7773437500000001 0.2793774917917448 0.7526701258599126 0.2432373504924953 0.793147084115072 0.2587817337007505 0.8178207082551595
0 0.27539062500000006 0.9440104166666666 0.25878906250000006 0.9322916666666666 0.2509976773648649 0.9519144144144145 0.2675992398648649 0.9636331644144145
0 0.051156850961538526 0.8217147435897435 0.03538161057692315 0.8175080128205128 0.03305288461538467 0.8330328525641025 0.04882812500000004 0.8372395833333334