0 0.5458101455479452 0.06203267694063925 0.540603595890411 -0.003916952054794513 0.5126953124999999 0 0.5179018621575342 0.06594962899543376
0 0.591796875 0.0013020833333334295 0.5732421875 8.881784197001253e-17 0.5724922306629835 0.018998906537753317 0.5910469181629835 0.020300989871086656
0 0.498611408390411 0.055479452054794536 0.49703285530821917 -0.001348458904109599 0.4433593749999999 0.0013020833333333333 0.44493792808219174 0.05812999429223747
0 0.4333065257352941 0.0028339460784314596 0.34874770220588236 -0.025352328431372494 0.3353630514705882 0.04603247549019611 0.419921875 0.07421875000000006
0 0.3322159572963801 0.00014375942684771714 0.2812915370475113 -0.0013009049773755194 0.2808284431561086 0.027719645550527954 0.3317528634049774 0.029164309954751187
0 0.21339574353448273 0.016657686781609192 0.2099609375 0.005208333333333333 0.1990167025862069 0.01104525862068965 0.20245150862068967 0.02249461206896551
0 0.270948024611399 0.36000917530224535 0.2416207901554404 0.2929754965457686 0.19140625 0.33203125000000006 0.2207334844559586 0.3990649287564768
0 0.44316541414359856 0.2564419333910036 0.4065304660467127 0.18761263696655145 0.3206544658304499 0.26887164792387547 0.3572894139273356 0.3377009443483276
0 0.56217610271197 0.17400184434746477 0.47908305408354107 0.16846230777223614 0.47371317799251866 0.31165900353283454 0.5568062266209476 0.31719854010806325
0 0.6923828125 0.2109375000000001 0.6753906249999999 0.20338541666666674 0.6568359374999999 0.27760416666666676 0.673828125 0.2851562500000001
0 0.2839786724452555 0.4573125760340633 0.24404083029197085 0.4150794555961071 0.22328495666058396 0.4499733880778589 0.2632227988138686 0.4922065085158151
0 0.2719396336151265 0.776676911245913 0.14624993950051632 0.7728681326363793 0.14415564903846162 0.895733173076923 0.2698453431530718 0.8995419516864567
0 0.0273437500000001 0.8736979166666667 0.0020054958596215423 0.8696437960042062 -0.00015711257886427132 0.8936727786540485 0.025181141561514287 0.8977268993165092
0 0.013671875000000066 0.7721354166666665 0.000976562500000089 0.7682291666666665 -0.003138167134831371 0.7920031601123596 0.009557145365168607 0.7959094101123596
0 0.23828125 0.9986979166666666 0.21972656250000008 0.9713541666666669 0.19921875000000008 0.9960937500000002 0.2177734375 1.0234375
0 0.5970243566176471 0.926547181372549 0.5786420036764706 0.9204197303921569 0.5661764705882353 0.9869025735294118 0.5845588235294118 0.9930300245098039
0 1 0.8841145833333333 0.9990234375 0.8307291666666666 0.9376555997324614 0.8327248687078874 0.9386321622324614 0.886110285374554