0 0.5908203125 0.04947916666666673 0.5703125 0.022135416666666668 0.537109375 0.06640625 0.5576171875 0.09375000000000006
0 0.6919154959862385 0.44472859327217135 0.681756737385321 0.3548389717125382 0.5639793577981652 0.37850200688073393 0.5741381163990826 0.4683916284403671
0 0.505859375 0.55859375 0.4793037779365904 0.46278532137907136 0.3832213974792099 0.5101302624740125 0.40977699454261945 0.6059386910949411
0 0.35304687500000004 0.5186979166666668 0.302734375 0.5091145833333334 0.296015625 0.5718229166666666 0.34632812500000004 0.58140625
0 0.29687499999999994 0.6184895833333334 0.29254248403284666 0.568424954379562 0.232346316149635 0.5776859032846714 0.2366788321167883 0.6277505322384428
0 0.2526999080882353 0.5155484068627452 0.19203814338235295 0.495327818627451 0.17761948529411767 0.5722273284313726 0.23828125 0.5924479166666666
0 0.18285355294585987 0.46194930997876865 0.15885001990445863 0.45253615976645445 0.14519680533439494 0.5144307324840764 0.16920033837579618 0.5238438826963907
0 0.15422387295081968 0.7649188866120219 0.07714843750000004 0.6510416666666666 0.02085745389344269 0.7187739071038252 0.09793288934426232 0.8326511270491803
0 0.07421875 0.81640625 0.05273437500000004 0.7877604166666667 0.0234375 0.8268229166666669 0.04492187499999996 0.8554687500000001
0 0.2696786556603774 0.7024371069182389 0.22634139150943397 0.6859276729559748 0.2188237028301887 0.7210102201257862 0.2621609669811321 0.7375196540880504
0 0.27599403454472854 0.7852178181576145 0.216144793330671 0.7621181110223642 0.1831082767571885 0.9142863085729499 0.24295751797124604 0.9373860157082003
0 0.2117991727941176 0.977251838235294 0.18100873161764705 0.8130361519607842 0.0808249080882353 0.8464307598039214 0.11161534926470588 1.0106464460784312
0 0.3605267671271764 0.7941298810875599 0.3192146988550341 0.7524819423416604 0.2874745694549584 0.8084537834342671 0.32878663772710065 0.8501017221801666
0 0.6484375 0.7565104166666666 0.6227810650887575 0.7422568417159764 0.6032498150887575 0.8047568417159764 0.62890625 0.8190104166666666
0 0.638671875 0.9075520833333334 0.6220703125000001 0.9036458333333334 0.6188850146812082 0.9277125279642059 0.635486577181208 0.9316187779642059
0 0.505859375 0.8450520833333336 0.5048828125 0.8359375 0.4939453125 0.8380208333333333 0.494921875 0.8471354166666669