0 0.2919533322281167 0.09142559129089305 0.2668217423740053 0.04268553824049516 0.22438142407161807 0.08158916335101679 0.24951301392572942 0.13032921640141468
0 0.25810689933500386 0.2684209152531484 0.17603047296646107 0.26538104760986897 0.17538294501734775 0.29646238916730916 0.25745937138589053 0.29950225681058856
0 0.534225643382353 0.21795343137254913 0.4867302389705883 0.21308210784313739 0.4826056985294119 0.2845741421568629 0.5301011029411765 0.28944546568627466
0 0.6945929588007882 0.38997909086314936 0.6256478831867799 0.3254347647564181 0.5981898356958764 0.3775773195876289 0.6671349113098847 0.4421216456943602
0 0.4885066105769232 0.4555288461538462 0.4599609375000001 0.44791666666666674 0.450946514423077 0.5080128205128206 0.4794921875000001 0.5156250000000001
0 0.53125 0.5221354166666667 0.530710018382353 0.5127757352941178 0.5175666360294119 0.514123774509804 0.5181066176470589 0.523483455882353
0 0.5527782654494382 0.5215209503745318 0.5517578124999999 0.5156249999999999 0.5390624999999999 0.5195312499999999 0.5400829529494382 0.5254272003745318
0 0.548828125 0.4986979166666668 0.5462217133620689 0.4569953304597702 0.5341796874999999 0.4583333333333334 0.536786099137931 0.50003591954023
0 0.5858184070121951 0.5597688008130081 0.5711985518292684 0.5296430386178863 0.5513576600609756 0.5467606707317074 0.5659775152439025 0.5768864329268292
0 0.11824485214078376 0.6731506259071118 0.09227027394775036 0.6324061895258829 0.026561366110304796 0.706876285074988 0.05253594430333819 0.7476207214562168
0 0.706399356617647 0.8458180147058826 0.6112706801470589 0.8141084558823531 0.5845588235294118 0.9565716911764707 0.6796875 0.98828125
0 0.8738201935279187 0.7318831958544841 0.8466796875 0.7005208333333335 0.8192913229695431 0.7426567787648055 0.846431828997462 0.7740191412859562
0 0.9733926741803278 0.8193946379781423 0.9716796875 0.7942708333333335 0.9391009221311476 0.798219774590164 0.9408139088114755 0.8233435792349728