0 0.6231806506849316 0.04336115867579912 0.6168263056506849 0.024721746575342488 0.5987264554794519 0.035691352739726116 0.6050808005136986 0.054330764840182746
0 0.6878756009615385 0.017027243589743703 0.6473106971153846 0.006209935897435977 0.637169471153846 0.07381810897435903 0.677734375 0.08463541666666675
0 0.6497421874999999 0.38952083333333337 0.6169765624999999 0.3264166666666668 0.5709687499999998 0.3688854166666668 0.6037343749999998 0.43198958333333337
0 0.6787109375 0.29687500000000006 0.6390234888304862 0.2955181641480509 0.6380469263304862 0.3462994141480509 0.677734375 0.34765625000000006
0 0.4513221153846153 0.3343349358974359 0.43306790865384615 0.31810897435897434 0.4187950721153846 0.34665464743589747 0.43704927884615374 0.362880608974359
0 0.2679783555327869 0.28709870218579236 0.2045818391393443 0.2794142759562842 0.1990106301229509 0.3611253415300547 0.2624071465163935 0.3688097677595629
0 0.12527573529411767 0.7274356617647061 0.12458639705882354 0.7154871323529413 0.10531939338235294 0.7174632352941177 0.10600873161764708 0.7294117647058825
0 0.22851562500000008 0.8307291666666666 0.18750000000000008 0.8307291666666666 0.18750000000000008 0.9322916666666666 0.22851562500000008 0.9322916666666666
0 0.46039062499999994 0.8243229166666667 0.4580078125 0.8020833333333335 0.43476562499999993 0.8065104166666668 0.4371484375 0.82875
0 0.45156777871621634 0.7728744369369372 0.38914695945945954 0.6563555743243245 0.365867820945946 0.6785261824324326 0.4282886402027028 0.7950450450450453
0 0.4931640625 0.5911458333333335 0.47673483455882354 0.5894607843137256 0.47575827205882354 0.6063878676470591 0.4921875 0.6080729166666669
0 0.5605468750000001 0.7122395833333335 0.5156250000000001 0.6523437500000001 0.478515625 0.7018229166666669 0.5234375 0.7617187500000002
0 0.8929213930236729 0.4942723278335725 0.8885569852941178 0.45121017156862747 0.841796875 0.4596354166666667 0.8461612827295552 0.5026975729316117
0 0.47265625 0.9986979166666666 0.4619140625000001 0.9817708333333335 0.4492187500000001 0.9960937500000002 0.4599609375 1.0130208333333333