0 0.5289435793515359 0.07672514931740615 0.4884778956911264 0.034129692832764506 0.4294841883532424 0.13376350967007963 0.46994987201365196 0.17635896615472127
0 0.155078125 0.17109375 0.1251953125 0.16875 0.1224609375 0.2307291666666667 0.15234375 0.2330729166666667
0 0.2784738965133531 0.3050468286350149 0.2729158939169139 0.2785801496043522 0.23727281157270025 0.29188690034619197 0.24283081416913946 0.3183535793768547
0 0.01776514684106621 0.4197682728693649 0.0009765625000000388 0.4192708333333333 -0.0011712965819348248 0.5481423782494242 0.015617287759131343 0.5486398177854557
0 0.3954326923076923 0.5708133012820513 0.3893479567307692 0.5059094551282051 0.3689152644230769 0.5093149038461539 0.375 0.57421875
0 0.17578125000000008 0.859375 0.14843750000000008 0.859375 0.14843750000000008 0.921875 0.17578125000000008 0.921875
0 0.4003906250000001 0.9049479166666667 0.3794113685344828 0.8929597701149425 0.373046875 0.9127604166666667 0.39402613146551724 0.9247485632183909
0 0.6169254954268293 0.7741996951219512 0.6103515625 0.6953125 0.5565453506097561 0.7032837906504065 0.5631192835365854 0.7821709857723577
0 0.69921875 0.5872395833333334 0.6536805654086265 0.5739113341846387 0.6467869874432463 0.6157834373817632 0.6923251720346197 0.6291116865304578
0 0.9359671420218293 0.19276518104643117 0.8807436492983367 0.15963108541233553 0.8444910505457379 0.2670461928274429 0.8997145432692305 0.30018028846153855
0 0.8357421875 0.1411458333333334 0.8064453125 0.023958333333333335 0.775390625 0.037760416666666664 0.8046875 0.1549479166666667
0 0.66796875 0.05078125000000006 0.659765625 0.04713541666666673 0.6558593750000001 0.06276041666666672 0.6640625 0.06640625000000006
0 1 0.013020833333333497 0.978515625 0.013020833333333494 0.978515625 0.08854166666666681 1 0.08854166666666682