0 0.21679687499999994 0.11588541666666673 0.1463729214449541 0.07243979357798169 0.12360951834862381 0.13803755733944956 0.1940334719036697 0.1814831804281346
0 0.18980928308823528 0.20018382352941178 0.18674172794117647 0.14701286764705881 0.14716222426470588 0.15107230392156862 0.15022977941176469 0.20424325980392158
0 0.14292606888361045 0.18142258016627083 0.14129305225653205 0.11827927058590658 0.07920362603919241 0.12113395684877278 0.08083664266627079 0.18427726642913697
0 0.5957031250000001 0.0013020833333334185 0.5012936069403613 -0.0005222551798963156 0.4999011543206636 0.12758338583228346 0.5943106723803024 0.1294077243455132
0 0.6234224759615384 0.027443910256410367 0.59375 0.019531250000000118 0.5831580528846154 0.09014423076923087 0.6128305288461539 0.09805689102564112
0 0.9117938701923076 0.14008413461538477 0.7757361778846155 0.1174078525641027 0.7688100961538462 0.1912860576923078 0.9048677884615384 0.21396233974358986
0 0.892578125 0.024739583333333467 0.8447265625 0.020833333333333467 0.8426210775414937 0.06668611687413568 0.8904726400414937 0.07059236687413568
0 0.70703125 0.3971354166666667 0.7019978388314785 0.31324523052464226 0.6806500894276629 0.3155223237943826 0.6856835005961844 0.399412509936407
0 0.69921875 0.3984375000000001 0.6552734375 0.3984375000000001 0.6552734375 0.4492187500000001 0.69921875 0.4492187500000001
0 0.5025719368811882 0.5412283415841586 0.4606126237623762 0.5058941831683169 0.42578125 0.5794270833333334 0.46774056311881196 0.614761241749175
0 0.29492187500000006 0.46875 0.267578125 0.46875 0.26757812500000006 0.5221354166666666 0.2949218750000001 0.5221354166666666
0 0.6342740666946308 0.47116191275167796 0.5980626048657719 0.4626415687919464 0.5855180369127517 0.557422748881432 0.6217294987416107 0.5659430928411634
0 0.7236930595408897 0.5412500747250119 0.693685829895983 0.45395631575801054 0.6542086060796273 0.47808128586800563 0.6842158357245338 0.565375044835007
0 0.7275390625000001 0.5703125000000001 0.6007996015100672 0.5452775447427294 0.5927144505033557 0.6180439038031321 0.7194539114932886 0.6430788590604027
0 0.6770868512506537 0.6531385723519842 0.6756867768977689 0.6131897841496718 0.5495931017953635 0.6210460878943701 0.5509931761482483 0.6609948760966824
0 0.641151362110052 0.7396668291450029 0.582334204397747 0.7363992092720971 0.5806400292461006 0.7906128141247835 0.6394571869584056 0.7938804339976893
0 0.7507831837871286 0.7500257838283829 0.7342976485148515 0.7320415635313532 0.7111502165841583 0.7697633044554455 0.7276357518564356 0.7877475247524753
0 0.7078263274336284 0.8890463679941003 0.6817702571902655 0.886730272861357 0.6805689988938053 0.9107554387905605 0.7066250691371682 0.9130715339233039
0 0.551953125 0.8888020833333332 0.5416015625 0.8473958333333333 0.5 0.8658854166666666 0.5103515625 0.9072916666666665
0 0.384765625 0.8815104166666666 0.3696794181034483 0.8728897270114945 0.3620016163793104 0.896776221264368 0.37708782327586204 0.9053969109195402
0 0.047644150995575216 0.8422059365781711 0.04652931415929203 0.8199091998525073 0.027084485619469023 0.8216376290560471 0.028199322455752206 0.8439343657817109