0 0.8380859375 0.08802083333333342 0.7944561298076924 0.07215544871794886 0.7900841346153847 0.09352964743589756 0.8337139423076924 0.10939503205128212
0 0.49617879653628655 0.00003902568331770606 0.3925970855914232 -0.0013018378887840836 0.3915179886310085 0.14689414467483514 0.4950996995758718 0.14823500824693692
0 0.3245192307692307 0.004607371794871865 0.2934194711538461 -0.02303685897435894 0.2794471153846153 0.004907852564102585 0.310546875 0.03255208333333339
0 0.40342928513948495 0.18238108011444928 0.3884036346566523 0.09823743741058656 0.3287285407725321 0.11718191165951361 0.34375419125536477 0.20132555436337632
0 0.21360922759433962 0.47386006289308186 0.18219339622641512 0.3984620676100629 0.13609227594339623 0.4326110455974843 0.16750810731132076 0.5080090408805032
0 0.3211307010135135 0.49092060810810806 0.30967588682432434 0.48001126126126137 0.29463154560810817 0.5080940315315315 0.30608635979729726 0.5190033783783784
0 0.4121093749999999 0.4934895833333336 0.4013671874999999 0.4635416666666668 0.3787680288461538 0.47795272435897446 0.3895102163461538 0.5079006410256413
0 0.5432286078326181 0.31421562052932756 0.5317864806866953 0.2501397085121602 0.4377850053648068 0.27998144670958514 0.44922713251072954 0.34405735872675247
0 0.6313671874999999 0.3107291666666667 0.6246875 0.24838541666666666 0.5645312499999999 0.25984375 0.5712109374999998 0.32218750000000007
0 0.6527343750000001 0.26796875000000003 0.6416015625000001 0.23828125000000006 0.6275390625000001 0.24765625000000005 0.6386718750000001 0.27734375000000006
0 0.6729717548076926 0.4075721153846154 0.6597205528846155 0.3848557692307693 0.6503906250000002 0.39453125 0.663641826923077 0.4172475961538461
0 0.5821961392687276 0.5730173033095523 0.5391101088733651 0.571616131589378 0.5385597038495838 0.6017049395560842 0.5816457342449464 0.6031061112762585
0 0.4804687500000001 0.6497395833333334 0.4449957770270272 0.6418567004504505 0.4391364020270272 0.6887317004504506 0.474609375 0.6966145833333335
0 0.4343828125 0.8814375000000001 0.4165078125000001 0.8649375000000001 0.3939375 0.9084062500000002 0.4118125 0.92490625
0 0.6256401282514451 0.8567196531791909 0.6127269237716763 0.8231906310211947 0.5567106213872832 0.8615441353564549 0.569623825867052 0.8950731575144509
0 0.7574031113537119 0.8461665302037849 0.7220976050764192 0.8101687590975256 0.7107882437227074 0.8298876455604078 0.74609375 0.8658854166666671
0 0.8396727791172106 0.7188659124629082 0.8232421875 0.6406250000000001 0.7747762889465875 0.6587189354599408 0.7912068805637982 0.7369598479228489
0 0.833984375 0.5013020833333335 0.8222656250000002 0.4986979166666669 0.8203125000000002 0.5143229166666667 0.83203125 0.5169270833333335
0 0.82421875 0.2994791666666668 0.77734375 0.2994791666666668 0.77734375 0.3945312500000001 0.82421875 0.3945312500000001
0 0.8690257352941175 0.24287683823529427 0.7467026654411766 0.2303308823529413 0.7439223345588235 0.27852328431372564 0.8662454044117647 0.2910692401960786
0 0.8873828124999997 0.3121875 0.8836718749999998 0.27755208333333337 0.84046875 0.28578125000000004 0.8441796874999999 0.3204166666666666
0 1.0048828125 0.5286458333333334 0.9814453125 0.4973958333333334 0.962890625 0.5221354166666667 0.986328125 0.5533854166666666
0 1.001524474557522 0.6760209255162244 0.9163094579646016 0.6295400073746313 0.8876088910398229 0.7230825958702065 0.9728239076327434 0.7695635140117996
0 0.8911177608944956 0.9787127293577982 0.8779476060779816 0.9461009174311925 0.830078125 0.98046875 0.8432482798165137 1.0130805619266057