0 0.1837061050257732 0.1320457474226804 0.007979623067010316 -0.014889390034364272 -0.05330460695876289 0.1154086125429553 0.12242187499999999 0.26234375
0 0.31075126548149173 0.18187744978662218 0.20892974403353742 0.13997558910845165 0.17748296383593096 0.27582567956211157 0.2793044852838853 0.31772754024028205
0 0.2596501809408926 0.6589594013872137 0.2078534944209891 0.4724913299155609 0.17782861504825087 0.4873184308403699 0.22962530156815436 0.6737865023120225
0 0.2679120790155441 0.8037767163212438 0.24407484617875644 0.7492916126943006 0.21031513115284978 0.7755491688255615 0.23415236398963737 0.8300342724525046
0 0.4248460477941179 0.6739460784313727 0.35714384191176474 0.664607843137255 0.3492853860294118 0.7658946078431375 0.4169875919117649 0.7752328431372552
0 0.4771909808168317 0.7466609942244223 0.474609375 0.7122395833333334 0.4225905012376237 0.7191754331683169 0.4251721070544554 0.7535968440594059
0 0.7546822212837838 0.8452702702702701 0.6601404138513514 0.6071649774774774 0.5377375422297297 0.6935670045045045 0.6322793496621621 0.9316722972972973
0 0.6963084003712872 0.5635442450495051 0.5955580909653466 0.5501108704620463 0.5867496905940596 0.6675562087458747 0.6875000000000001 0.6809895833333335
0 0.5652065560089022 0.8109583642433235 0.499643569176558 0.7864815158259151 0.4869250741839764 0.8470457776953513 0.5524880610163206 0.8715226261127598
0 0.9999999999999998 0.8320312500000001 0.9970703124999998 0.7994791666666667 0.9859800128154573 0.8012536146161935 0.9889097003154573 0.8338056979495269
0 0.4843750000000001 0.4596354166666668 0.4755859375000001 0.4583333333333334 0.4743950076219513 0.4726244918699188 0.4831840701219513 0.4739265752032521