0 0.27944711538461536 0.1409254807692308 0.263671875 0.13671875000000003 0.25893930288461536 0.16826923076923078 0.2747145432692307 0.17247596153846156
0 0.17692454268292682 0.4577299288617886 0.16985041920731708 0.37284044715447157 0.09696551067073174 0.38363821138211385 0.10403963414634147 0.4685276930894309
0 0.8330336084905661 0.3617285770440253 0.7955741450471698 0.32755503144654097 0.7724351415094339 0.37264642295597494 0.8098946049528302 0.40681996855345925
0 0.626192330972023 0.587867273433764 0.5818505088773314 0.5403122758249643 0.5014666651721664 0.6735611698947873 0.545808487266858 0.721116167503587
0 0.8779397551546394 0.5237328178694161 0.8485824742268042 0.506335910652921 0.8283263530927835 0.567104274054983 0.8576836340206186 0.5845011812714779
0 0.8925107758620688 0.6820671695402297 0.8749326508620691 0.62347341954023 0.8267780172413793 0.6491558908045977 0.8443561422413793 0.7077496408045977
0 0.8185134747706423 0.9612074732415902 0.8160657970183488 0.8535096521406729 0.775856508027523 0.8551342698776759 0.7783041857798165 0.9628320909785933
0 0.5178705050653047 0.905390084282206 0.4640352896851976 0.8559414420071446 0.4375536357166778 0.9071962561397633 0.49138885109678504 0.9566448984148248
0 0.44183593749999994 0.9243749999999998 0.41722656249999995 0.9196874999999999 0.4109375 0.9783854166666667 0.435546875 0.9830729166666666
0 0.19014669314133026 0.9666716152019003 0.14904524198337302 0.9647818933095805 0.14820785703681721 0.9971607779097389 0.18930930819477446 0.9990504998020586
0 0.107421875 0.9986979166666666 0.10657208052125215 0.9318474176718361 0.04806134674755889 0.9331696941412981 0.04891114122630672 1.0000201931361288
0 0.07910156250000004 0.9140624999999999 0.06120807332293299 0.8967860276911075 0.04070026082293299 0.9345464443577742 0.05859375000000004 0.9518229166666665
0 0.008588333503262647 0.7406326468189233 0.007611771003262642 0.6950597301522566 0.0009765624999999945 0.6953125 0.001953125 0.7408854166666666