0 0.18692555147058829 0.20526960784313728 0.13398437500000002 0.18958333333333333 0.1267463235294118 0.23301164215686274 0.17968750000000006 0.24869791666666669
0 0.5340367268041237 0.16695393041237114 0.5065943137886599 0.12687929553264615 0.45884745489690726 0.18500590635738845 0.48628986791237117 0.22508054123711344
0 0.589228381849315 0.0026220034246576263 0.520384738869863 -0.0007776826484017415 0.519046982020548 0.04738156392694073 0.587890625 0.05078125000000009
0 0.8994921874999999 0.009843750000000047 0.8796484374999999 -0.009999999999999905 0.8585546874999999 0.027500000000000094 0.8783984374999999 0.047343750000000046
0 1.001252693965517 0.26667564655172415 0.9988011853448274 0.21110811781609193 0.9509428879310343 0.21486170977011496 0.953394396551724 0.2704292385057471
0 0.7523696890827236 0.2676891354811481 0.7245873927265054 0.17910790072219107 0.6710880346088913 0.20893784585443645 0.6988703309651096 0.2975190806133935
0 0.6523437500000001 0.25390625000000006 0.6441556490384616 0.19931891025641024 0.6144831730769231 0.20723157051282054 0.6226712740384617 0.2618189102564103
0 0.6210109147609147 0.24032614345114353 0.5507032874220373 0.21240254677754683 0.5147812175155925 0.37319657397782396 0.5850888448544699 0.4011201706514207
0 0.5414317418426103 0.28758547264875245 0.49605063879558536 0.2700185940499041 0.4870760106765835 0.31123540467050553 0.5324571137236085 0.3288022832693539
0 0.8943728885135134 0.3542018581081081 0.8426414695945945 0.3049338400900902 0.7762616131756757 0.4288429054054056 0.8279930320945944 0.4781109234234235
0 0.6628220016891893 0.5268510698198199 0.6148384712837839 0.5161880630630632 0.6069995777027029 0.5788992117117118 0.6549831081081082 0.5895622184684687
0 0.9018523586783441 0.49207139065817435 0.8752052647292994 0.48162154989384304 0.8639779060509554 0.5325189092356689 0.8906250000000002 0.5429687500000002
0 0.8359375 0.5898437500000001 0.8004316634241244 0.5868849302853437 0.798444339737354 0.6292811689364461 0.8339501763132295 0.6322399886511025
0 0.3320312500000001 0.7421875 0.2910156250000001 0.7421875 0.2910156250000001 0.8502604166666666 0.3320312500000001 0.8502604166666666