0 0.2282513786764706 0.011090686274509848 0.1647748161764706 0.004580269607843166 0.15969669117647062 0.0926011029411765 0.22317325367647062 0.09911151960784319
0 0.1279296875 1.658375873845374e-17 0.056640625 1.0763497258131036e-17 0.056640625 0.058593750000000014 0.1279296875 0.058593750000000014
0 0.06277022688356164 0.10478025114155251 0.06169467037671232 0.06606021689497717 0.015245077054794517 0.06835402397260275 0.016320633561643837 0.10707405821917808
0 0.017578125000000038 0.4166666666666667 4.120027561584602e-17 0.4166666666666667 4.413033875833724e-17 0.48046875 0.01757812500000004 0.48046875
0 0.32847954816878977 0.5284302016985137 0.317936405254777 0.4806346204883227 0.27585091560509556 0.4971387340764331 0.2863940585191083 0.5449343152866242
0 0.25367647058823534 0.6836703431372549 0.23885569852941177 0.6046262254901961 0.189453125 0.6210937499999999 0.20427389705882354 0.7001378676470588
0 0.4778043713872832 0.04852330202312139 0.4715159862716763 -0.005976035645472067 0.4421626625722543 0.00004515895953757602 0.44845104768786126 0.05454449662813103
0 0.5447444810779817 0.0940175840978594 0.5095237241972477 0.06097094801223246 0.4587281393348624 0.1572152140672783 0.49394889621559634 0.19026185015290525
0 0.4801177435498222 0.2395184608540925 0.4658203125000001 0.20312499999999997 0.44742896463523146 0.21596975088967965 0.4617263956850535 0.2523632117437722
0 0.8960546875000001 0.3152083333333335 0.8621484374999999 0.3087500000000002 0.8573828124999998 0.3532291666666668 0.8912890625 0.3596875000000001
0 0.7276809924078091 0.7056980974331165 0.6962890625 0.6927083333333336 0.6893111950921909 0.7226873192335505 0.720703125 0.7356770833333336
0 0.938671875 0.7934895833333333 0.9255859375 0.75859375 0.9021484375 0.77421875 0.915234375 0.8091145833333333
0 0.548828125 0.9192708333333334 0.52734375 0.9192708333333334 0.52734375 0.9622395833333334 0.548828125 0.9622395833333334
0 0.4679987980769232 0.9767628205128207 0.4296875 0.9427083333333336 0.4185697115384615 0.9649439102564105 0.4568810096153847 0.9989983974358978
0 0.8691406249999998 0.8502604166666666 0.859765625 0.84609375 0.85546875 0.86328125 0.8648437499999998 0.8674479166666667