0 0.18681022072936662 0.19659958813179787 0.15547024952015356 0.12062390035188739 0.1015625 0.16015625 0.13290247120921306 0.23613193777991048
0 0.04992315573770494 0.27699795081967216 0.016502305327868876 0.2665129781420765 -0.013607838114754089 0.4371371243169399 0.019813012295081978 0.4476220969945356
0 0.443359375 0.1354166666666667 0.38671875 0.1354166666666667 0.38671875 0.23046875000000006 0.443359375 0.23046875000000006
0 0.23663737924898318 0.6461094869746272 0.10626259714555494 0.5983054002033702 0.08685675116211508 0.6923943504261089 0.21723153326554331 0.7401984371973659
0 0.2773543543311945 0.7233220734616651 0.2457110300468904 0.6792131971865747 0.17881601678183612 0.7645285764231656 0.21045934106614023 0.8086374526982562
0 0.14086254222972977 0.8951295045045046 0.13055320945945947 0.8691652590090091 0.10632390202702706 0.8862682995495496 0.11663323479729737 0.9122325450450451
0 0.36588999340949035 0.8037286723784418 0.3385805689806679 0.7477093402167546 0.28908309534270654 0.7906071507029878 0.31639251977152905 0.846626482864675
0 0.4873046875000001 0.5182291666666667 0.4544921875 0.5036458333333335 0.4390625 0.5653645833333333 0.4718750000000001 0.5799479166666668
0 0.6938455589857478 0.4534646297019394 0.685042768937915 0.3608723195691787 0.5696272665706756 0.380379165039698 0.5784300566185084 0.4729714751724587
0 0.6523437500000001 0.7643229166666667 0.6227101293103448 0.7485183189655172 0.6031788793103448 0.8136224856321839 0.6328125000000001 0.8294270833333335
0 0.5113020003980893 0.8255871815286625 0.4912109375 0.8177083333333334 0.48576831210191085 0.8423815684713375 0.5058593750000001 0.8502604166666666