0 0.41373209413369716 0.10733394440654838 0.3837890625 0.07291666666666667 0.372831045361528 0.08986506650750341 0.4027740769952251 0.12428234424738512
0 0.11073648494525554 0.3445103406326035 0.05396042427007305 0.3091830139902677 0.03150661496350371 0.3733367548661801 0.08828267563868622 0.4086640815085159
0 0.07982575491573032 0.49376755617977525 0.07383470856741572 0.4591526217228464 0.01649183637640449 0.4767965823970037 0.0224828827247191 0.5114115168539325
0 0.5107421875000001 0.29687500000000006 0.4836009174311928 0.29577838302752296 0.4821978927752295 0.35751146788990834 0.5093391628440368 0.35860808486238543
0 0.7236218398876404 0.5004974250936332 0.6985494206460674 0.4470095973782773 0.6425452071629213 0.493679775280899 0.6676176264044944 0.5471676029962549
0 0.8887879942033294 0.36474590021799463 0.8437976088733651 0.36328279825604454 0.8427571808115338 0.4201595323028143 0.8877475661414982 0.4216226342647643
0 1.0006669207317072 0.5900342987804879 0.9985232469512194 0.564310213414634 0.9682974466463415 0.5687881097560975 0.9704411204268293 0.5945121951219512
0 0.7236169763513512 0.7433558558558561 0.6861064189189188 0.7069819819819821 0.6497888513513512 0.7735641891891892 0.6872994087837837 0.8099380630630632
0 0.599609375 0.859375 0.57421875 0.859375 0.57421875 0.9466145833333334 0.599609375 0.9466145833333334
0 0.848359375 0.8645312500000001 0.80734375 0.7916145833333333 0.74171875 0.8572395833333335 0.782734375 0.9301562500000001
0 1.0162003800675676 0.7374155405405406 0.9813291807432432 0.6495917792792792 0.9282041807432433 0.6870917792792793 0.9630753800675678 0.7749155405405405
0 0.9766015625 0.8376041666666666 0.9634374999999998 0.7147395833333334 0.8825 0.7301562500000001 0.8956640625000001 0.8530208333333333
0 0.900390625 0.9986979166666667 0.8999632987023654 0.976476949189663 0.8610265583935612 0.9778081197985109 0.8614538846911959 1.0000290872755149
0 1.0014004930325933 0.9960531559990553 0.9993352732345301 0.8693863417178398 0.8858528984116676 0.8726756859156038 0.8879181182097309 0.9993425001968194