0 0.9853515625 0.0546875 0.9296875 -0.01953125 0.884765625 0.040364583333333336 0.9404296875 0.11458333333333333
0 0.337890625 0.20703125000000006 0.28515625000000006 0.18359375000000006 0.26074218750000006 0.28125 0.3134765625 0.3046875
0 0.4257812499999999 0.3398437500000001 0.4105269160583941 0.283911192214112 0.3606580748175182 0.30809002433090027 0.375912408759124 0.36402258211678845
0 0.2976700367647059 0.4728952205882353 0.26367187500000006 0.4544270833333333 0.25682215073529413 0.4768443627450981 0.2908203125 0.49531250000000004
0 0.43851505474452546 0.4966906173965937 0.3963945597627737 0.44348578163017033 0.3809976619525547 0.4651554896593674 0.42311815693430654 0.5183603254257908
0 0.5391944679054055 0.66772240990991 0.5107421875000001 0.6406250000000002 0.4970175253378379 0.6662443693693696 0.5254698057432432 0.6933417792792794
0 0.6271121404867257 0.6106217735988202 0.5745817201327433 0.5695635140117995 0.5460211559734514 0.6345247971976402 0.5985515763274336 0.6755830567846609
0 0.6527343749999999 0.6820312500000002 0.6474609374999999 0.6562500000000001 0.6130859375 0.6687500000000001 0.618359375 0.6945312500000003
0 1.0012446867128464 0.8863317327875735 0.9712959500944587 0.8655672753988246 0.9587925062972295 0.8976273876994124 0.9887412429156172 0.9183918450881613
0 1 0.9986979166666666 0.9995314355700712 0.9805800920427553 0.9685203570368172 0.982005888756928 0.968988921466746 1.0001237133808394
0 0.4183593750000001 0.8643229166666668 0.3785156250000002 0.8466145833333335 0.3451171875000001 0.9802083333333336 0.3849609375 0.9979166666666669
0 0.34337298167634267 0.7747962778180941 0.2812117312227867 0.7320996613449445 0.26010437454644414 0.7867304668601841 0.3222656250000001 0.8294270833333336
0 0.13593033256880735 0.7885966169724771 0.12251827694954129 0.7289874808868502 0.09617796731651376 0.7395236047400612 0.10959002293577984 0.7991327408256882
0 0.05800781250000009 0.9098958333333332 0.02636718750000009 0.8958333333333333 0.014257812500000088 0.9442708333333332 0.04589843750000009 0.9583333333333333