0 0.5616017863538681 0.3879051755014327 0.539641721883954 0.3797718182903534 0.5248813574498566 0.4506215675740211 0.5468414219197708 0.45875492478510044
0 0.13671875000000003 0.23567708333333334 0.08886718750000003 0.23177083333333334 0.08650884984439836 0.2831301867219917 0.13436041234439838 0.2870364367219917
0 0.04056968027456649 0.15694243737957614 0.018215995303468225 0.13508550096339117 0.001450731575144515 0.16556779865125246 0.02380441654624278 0.18742473506743743
0 0.3079618566176471 0.707797181372549 0.2783203125 0.6979166666666667 0.2707950367647059 0.7380514705882354 0.300436580882353 0.7479319852941176
0 0.34835091817010316 0.6957689003436427 0.3149766430412372 0.6786538874570448 0.29675418814432997 0.7418250644329898 0.3301284632731959 0.7589400773195878
0 0.12710386954697986 0.7073021532438478 0.1220703125 0.6692708333333334 0.09399250209731544 0.6758773769574944 0.0990260591442953 0.7139086968680088
0 0.15625000000000006 0.7825520833333335 0.12115273699664433 0.774293903803132 0.11523437500000004 0.8190104166666665 0.15033163800335578 0.827268596196868
0 0.08593750000000004 0.8294270833333334 0.05371093750000009 0.796875 0.03923912448949829 0.8223453908984832 0.07146568698949825 0.8548974742318165
0 0.023507370528286265 0.6758549119523016 0.009156288997504248 0.6718685004159733 -0.002957310732113072 0.7493955386855242 0.011393770798668944 0.7533819502218525
0 0.5440167682926831 0.8220591971544717 0.5250571646341464 0.7904598577235773 0.5083841463414634 0.8082444105691058 0.5273437500000001 0.8398437500000002
0 0.846587775735294 0.4447610294117647 0.7914866727941176 0.3980085784313726 0.7535271139705881 0.47754289215686285 0.8086282169117647 0.524295343137255
0 0.7958984375 0.3593750000000001 0.775390625 0.3320312500000001 0.7353515625 0.3854166666666668 0.755859375 0.4127604166666668
0 0.974609375 0.7981770833333336 0.9287109375000002 0.7760416666666669 0.9073774644715774 0.854682704496931 0.9532759019715773 0.8768181211635977