0 0.06189650632022473 0.1992333801498127 0.02537965238764046 0.18799742509363293 0.021166169241573045 0.21234199438202245 0.05768302317415732 0.22357794943820225
0 0.25134389334862384 0.2114750573394496 0.23271753153669722 0.1653526376146789 0.20988926318807338 0.18174216360856263 0.228515625 0.2278645833333334
0 0.36845439189189183 0.22033361486486489 0.34470016891891897 0.17599239864864868 0.2998046875 0.21875 0.3235589104729729 0.2630912162162162
0 0.41984374999999996 0.3015104166666667 0.37882812499999996 0.2936979166666667 0.371484375 0.36223958333333334 0.4125 0.37005208333333334
0 0.6542341275452488 0.3786199095022625 0.6044365101809953 0.2939067213423831 0.5712139423076922 0.3286258012820513 0.6210115596719457 0.4133389894419307
0 0.4892578125000001 0.5182291666666667 0.4330078125000001 0.4932291666666668 0.4121093750000001 0.5768229166666667 0.4683593750000001 0.6018229166666668
0 0.48405949519230773 0.6583133012820515 0.41675180288461544 0.6470953525641027 0.41259014423076923 0.6914863782051284 0.4798978365384616 0.7027043269230772
0 0.4432112068965517 0.6203394396551724 0.44234913793103453 0.6007992097701149 0.416015625 0.6028645833333334 0.41687769396551727 0.6224048132183907
0 0.74609375 0.5950520833333336 0.7255859374999999 0.5677083333333334 0.701171875 0.6002604166666666 0.7216796875 0.6276041666666667
0 0.833984375 0.8841145833333335 0.7861328125000002 0.8697916666666667 0.7775799526665347 0.9205904705260377 0.8254315151665346 0.9349133871927043
0 0.2656250000000001 0.94140625 0.21679687500000008 0.94140625 0.21679687500000008 0.9986979166666666 0.2656250000000001 0.9986979166666666
0 0.23688089622641514 0.886743317610063 0.1803876768867925 0.8652220911949686 0.15916126179245288 0.9642786949685536 0.21565448113207558 0.9857999213836479
0 0.07868088942307702 0.9511017628205128 0.0595703125000001 0.9479166666666666 0.0550781250000001 0.9958333333333335 0.07418870192307701 0.9990184294871797
0 0.546875 0.0013020833333334198 0.513671875 0.001302083333333417 0.513671875 0.011718750000000087 0.546875 0.011718750000000088