0 0.3749425551470588 0.29848345588235303 0.3400160845588235 0.2868412990196079 0.33588005514705876 0.3089001225490196 0.3708065257352941 0.3205422794117647
0 0.5660306490384615 0.28245192307692313 0.5419921875 0.27604166666666674 0.5349308894230769 0.3231169871794872 0.5589693509615384 0.32952724358974367
0 0.6862140315594059 0.31141707920792094 0.6664603960396038 0.2792259694719474 0.627107827970297 0.32215604372937306 0.6468614634900989 0.3543471534653467
0 0.734375 0.4010416666666668 0.69140625 0.4010416666666668 0.69140625 0.4674479166666668 0.734375 0.4674479166666668
0 0.9752898755656106 0.48405095211161414 0.9249540441176467 0.3984221813725492 0.890129206730769 0.43481570512820533 0.940465038178733 0.5204444758672703
0 0.8733148127256319 0.08924206528279198 0.7436576319945848 0.05166027376654645 0.7354608528880866 0.10193385228640203 0.8651180336191338 0.13951564380264755
0 0.2624149233704087 0.2490926506725298 0.17480468750000006 0.18750000000000008 0.1528135912441801 0.24310966869287814 0.24042382711458873 0.30470231936540787
0 0.8138365241040957 0.6342878981797498 0.76988787862628 0.5880261660978386 0.7116440912969284 0.6863934513651879 0.755592736774744 0.7326551834470991
0 0.24921875 0.63984375 0.2361328125 0.6049479166666667 0.2048828125 0.62578125 0.21796875 0.6606770833333333
0 0.39665670955882354 0.06678921568627452 0.37890625 0.02734375 0.35765165441176466 0.04434742647058822 0.3754021139705882 0.08379289215686274
0 0.09378046158256888 0.6765242737003059 0.06933593750000003 0.6302083333333334 0.007893133600917413 0.687858371559633 0.032337657683486266 0.7341743119266055
0 0.7985468750000001 0.7650833333333333 0.7361562500000002 0.7499583333333334 0.7303437500000001 0.7925833333333333 0.792734375 0.8077083333333335
0 0.515625 0.9986979166666666 0.5068359375 0.9713541666666666 0.48420662715517243 0.9842852011494253 0.49299568965517243 1.0116289511494252
0 0.18951056985294118 0.4710477941176471 0.17779181985294118 0.44500612745098045 0.1513671875 0.4661458333333333 0.1630859375 0.4921875
0 0.298828125 0.5611979166666666 0.27446586952917773 0.5113906388152079 0.22239462450265252 0.556669982316534 0.24675687997347479 0.606477260167993
0 0.28515625 0.9986979166666666 0.2845607850609756 0.991552337398374 0.26741139481707316 0.9940929878048781 0.2680068597560975 1.0012385670731707