0 0.3984375 5.668775222615677e-17 0.28515625 4.7439117545096034e-17 0.28515625 0.04557291666666672 0.3984375 0.04557291666666673
0 0.4863281250000001 0.05078124999999994 0.4560546875000001 0.015624999999999882 0.43361917529585803 0.049970722386587715 0.46389261279585803 0.08512697238658777
0 0.8129444079682611 0.26774779745939503 0.7694714426408135 0.025353081694233323 0.6338021590020115 0.06860995473848905 0.677275124329459 0.3110046705036507
0 0.810546875 0.001302083333333448 0.7138671874999999 1.1657341758564144e-16 0.7130948642496429 0.10194666904713336 0.809774551749643 0.10324875238046667
0 0.9763383709016396 0.011035689890710377 0.9754738729508198 -0.0016436133879781452 0.9511718749999998 0.0013020833333333482 0.9520363729508196 0.013981386612021869
0 0.9154174061866126 0.19944588826910087 0.8734727592545639 0.15694197937795817 0.8257875887423933 0.24060017325895888 0.8677322356744421 0.2831040821501016
0 0.9007579558486241 0.36251672400611645 0.8692212586009175 0.3499020451070338 0.857421875 0.40234375000000017 0.8889585722477065 0.4149584288990828
0 0.7691258844339623 0.6503292059748428 0.7607421875000001 0.6302083333333334 0.7388524469339623 0.6464229559748428 0.7472361438679245 0.6665438286163522
0 0.5978975183823529 0.6929840686274511 0.5966796875000001 0.6718750000000001 0.573828125 0.6742187500000001 0.5750459558823529 0.6953278186274511
0 0.43438555743243235 0.7085092905405405 0.4077280405405405 0.6587485923423423 0.36948374155405406 0.6951717342342342 0.39614125844594594 0.7449324324324322
0 0.45584388207087134 0.9955942511920242 0.4384765625000001 0.9296875 0.4011220944408323 0.9471868904421327 0.41848941401170353 1.0130936416341567