0 0.5747145432692309 0.11059695512820523 0.5463491586538461 0.10586939102564112 0.5416917067307693 0.1555488782051283 0.5700570913461539 0.16027644230769242
0 0.31097852844638957 0.18252530087527358 0.24582022702407008 0.16597716083150987 0.239281318380744 0.21174952133479216 0.3044396198030635 0.22829766137855584
0 0.41255474317102137 0.4039396526128266 0.4117359152315915 0.372278305621536 0.3534135614608076 0.37495979315122724 0.35423238940023755 0.4066211401425178
0 0.6689175328227572 0.4347647702407003 0.6147086980306347 0.4209974471188914 0.6070927926695843 0.4743087846462437 0.6613016274617068 0.4880761077680526
0 0.5453177787162163 0.659593186936937 0.525047508445946 0.6550886824324326 0.5187922297297298 0.7051309121621625 0.5390625000000001 0.7096354166666669
0 0.1640050551470588 0.3935355392156863 0.127734375 0.36276041666666664 0.10899586397058827 0.4020220588235294 0.14526654411764706 0.432797181372549
0 0.03732871825937199 0.48534373998718366 0.0363249334147709 0.3796117363558688 -0.0009762495994873457 0.3802412921873331 0.000027535245113746025 0.48597329581864795
0 0.04492187500000007 0.6666666666666666 6.141173157833651e-17 0.6666666666666666 6.45809835487862e-17 0.7356770833333334 0.04492187500000007 0.7356770833333334
0 0.14355468750000006 0.7760416666666667 0.09375000000000004 0.7096354166666667 0.0712890625 0.7395833333333336 0.12109375 0.8059895833333336
0 0.04105575770547949 0.7980343892694063 0.012695312500000045 0.7838541666666666 0.0004949700342466113 0.8272331621004567 0.028855415239726057 0.8414133847031965
0 0.10351562500000008 0.8138020833333335 0.059663565152520005 0.8029744142351902 0.04987203663793114 0.87347341954023 0.09372409648541122 0.8843010886383732
0 0.655498798076923 0.8292267628205129 0.5773737980769231 0.8083934294871795 0.5682091346153847 0.869491185897436 0.6463341346153845 0.8903245192307694