0 0.08984375 0.0013020833333333476 0.03529854678393006 -0.00018213988343046978 0.03468463780183181 0.039926580280321956 0.08922984101790174 0.04141080349708578
0 0.31643264358108114 0.11176801801801796 0.2982210726351352 0.07777308558558559 0.26127005912162166 0.11296452702702707 0.2794816300675676 0.14695945945945946
0 0.31253514620822626 0.19288908526135398 0.2909403116966581 0.17595196015424172 0.26480659543701807 0.23518838367609263 0.28640142994858614 0.2521255087832049
0 0.3579534948224853 0.13685743343195272 0.3292691383136095 0.12110915927021701 0.30920626849112426 0.186074642504931 0.33789062500000006 0.2018229166666667
0 0.2657513786764706 0.2954656862745098 0.23535156249999994 0.23177083333333334 0.20236672794117644 0.2597579656862745 0.23276654411764702 0.32345281862745096
0 0.10566406250000002 0.24296875000000004 0.07832031250000002 0.22473958333333335 0.06835937500000003 0.25130208333333337 0.09570312500000003 0.26953125
0 0.01562500000000003 0.2916666666666667 2.900164538996418e-17 0.2916666666666667 3.121414204858e-17 0.33984375 0.015625000000000035 0.33984375
0 0.03906250000000003 0.2513020833333333 0.0040567660550458965 0.2498877102446483 0.0035640051605504825 0.2715691896024465 0.03856973910550461 0.27298356269113155
0 0.04716532939189187 0.3603955518018018 0.03496093749999999 0.33802083333333327 0.0069731841216216 0.36516047297297294 0.019177576013513487 0.3875351914414414
0 0.1325252757352941 0.45205269607843135 0.11270680147058824 0.40801164215686275 0.0661764705882353 0.4452359068627451 0.08599494485294115 0.4892769607843137
0 0.1622930847772278 0.43114428630363044 0.1427618347772278 0.42854011963696376 0.14062500000000006 0.45703125000000006 0.16015625000000006 0.45963541666666674
0 0.2150390625 0.9406249999999999 0.1658203125000001 0.9187499999999998 0.15742187500000007 0.9523437499999999 0.206640625 0.9742187499999999
0 0.01953125000000008 0.8463541666666666 7.83941383633877e-17 0.8463541666666666 8.096541826394122e-17 0.90234375 0.019531250000000083 0.90234375
0 0.4181389764908256 0.7906871177370031 0.35396358944954126 0.7446124808868502 0.32768599483944955 0.8096808103975536 0.3918613818807339 0.8557554472477064
0 0.4939702712981745 0.6567544582488171 0.4677734375000001 0.6302083333333336 0.44827784292596357 0.6644111308316432 0.474474676724138 0.6909572557471265
0 0.5293057126696832 0.4958462952488689 0.48763610011312214 0.434730863499246 0.4615340427036198 0.4663697209653093 0.503203655260181 0.5274851527149322
0 0.5962271341463414 0.43772230691056924 0.579935213414634 0.41056910569105703 0.5384908536585364 0.4547764227642277 0.5547827743902438 0.48192962398373995
0 0.5732421874999999 0.1640625000000001 0.5422654940746947 0.13294436048599476 0.48560990618266686 0.23320758269491657 0.5165865996079722 0.2643257222089219
0 0.4146347531847133 0.31587546443736725 0.3955078124999999 0.22916666666666666 0.3507787619426751 0.24670747080679406 0.36990570262738853 0.3334162685774947
0 0.4287157012195121 0.21921366869918704 0.4213271722560975 0.17324059959349594 0.38211223323170734 0.18444486788617884 0.389500762195122 0.23041793699186994
0 0.607421875 0.1875000000000001 0.583984375 0.1875000000000001 0.583984375 0.3229166666666668 0.607421875 0.3229166666666668
0 0.5605468749999999 0.29557291666666663 0.5592926317891374 0.2537648096379127 0.5380765774760382 0.2548963325346113 0.5393308206869009 0.29670443956336523
0 0.7381465517241379 0.3185614224137932 0.7117456896551724 0.30347521551724144 0.7024515086206897 0.332390445402299 0.7288523706896551 0.3474766522988507
0 0.8365485850321889 0.5259220761802577 0.7988708758047209 0.5214894045064378 0.7921112191523604 0.6236353272532189 0.8297889283798282 0.6280679989270387
0 0.9537671232876711 0.4990189783105023 0.9443359375 0.47135416666666674 0.923293022260274 0.4841074486301371 0.9327242080479451 0.5117722602739726
0 1.000039525234452 0.6078402640671273 0.9990234375 0.546875 0.9565530910661402 0.5481333806350773 0.9575691788005922 0.6090986447022047
0 0.8850866866438356 0.6668271974885845 0.8762574914383562 0.6409282248858449 0.857421875 0.65234375 0.8662510702054794 0.6782427226027399
0 0.7443344175583657 0.905175907911803 0.7209501155155642 0.8776649643320364 0.7039647677529183 0.903331712062257 0.7273490697957199 0.9308426556420236
0 0.6019679054054053 0.9985036599099099 0.6013101773648649 0.9607939189189189 0.5522360641891892 0.9623155968468468 0.5528937922297297 1.0000253378378379
0 0.5060261051829269 0.8013846544715447 0.4931640625000001 0.7994791666666666 0.4910442073170732 0.8249174288617886 0.5039062500000001 0.8268229166666667