0 0.5798566365979381 0.4713675902061856 0.528662612757732 0.2938949742268042 0.4387483891752577 0.34000483247422686 0.4899424130154639 0.5174774484536083
0 0.431640625 0.5117187500000001 0.41974954044117646 0.4852941176470589 0.3895909926470589 0.5094209558823529 0.40148207720588236 0.5358455882352942
0 0.4792569571167883 0.5506671989051095 0.45914832344890505 0.49321395985401456 0.4353045164233576 0.5080501064476884 0.45541315009124084 0.5655033454987834
0 0.33234303325688075 0.5579892966360857 0.3005716026376147 0.5181192660550459 0.2601472907110091 0.5753870412844038 0.29191872133027524 0.6152570718654435
0 0.567192755886593 0.8214206160900207 0.5068533006967805 0.6564927719045329 0.47899334754925516 0.6746130666346307 0.5393328027390677 0.8395409108201183
0 0.5692046618852459 0.8230746243169399 0.5102362961065573 0.6433615095628417 0.4767321977459016 0.6629055669398908 0.5357005635245902 0.8426186816939892
0 0.5847915914017341 0.726728082851638 0.5728075325144509 0.7049388848747593 0.5534174042630058 0.7238981213872834 0.565401463150289 0.7456873193641621
0 0.7919921875 0.6328125000000002 0.7773437499999999 0.61328125 0.759765625 0.63671875 0.7744140625 0.6562500000000001
0 0.8579971104452054 0.5037813926940639 0.8570633561643837 0.47016623858447487 0.8198603381849315 0.47200342465753425 0.8207940924657533 0.5056185787671234
0 0.6129708840558193 0.9133028998416468 0.5810546874999999 0.8203125000000001 0.5356452271377672 0.8480199673396674 0.5675614236935866 0.9410103671813143
0 0.6249143835616436 0.7189676084474886 0.6005859374999999 0.6927083333333335 0.5841663099315068 0.7197524257990867 0.6084947559931505 0.7460117009132419
0 0.2475345799180328 0.21324282786885243 0.2377689549180328 0.19761782786885243 0.224609375 0.21223958333333331 0.234375 0.22786458333333331
0 0.26171874999999994 0.2330729166666667 0.248046875 0.2200520833333334 0.23550992398648649 0.24345439189189197 0.24918179898648646 0.2564752252252253