0 0.3234454028179191 0.026884633911368017 0.3136907355066304 -0.004958188116286995 0.2320011661637198 0.039530028051683104 0.2417558334750085 0.07137285007933811
0 0.20155415925266906 0.07064149614472126 0.13314543483096086 0.06892052194543301 0.13253864546263347 0.11180030397390277 0.20094736988434167 0.11352127817319103
0 0.5203739689086293 0.19520674703891716 0.48975055520304556 0.09653130287648061 0.4288546954314721 0.13012901861252119 0.45947810913705583 0.22880446277495775
0 0.35144531249999994 0.39343749999999994 0.3430468749999999 0.3150520833333333 0.29656249999999995 0.32390625 0.3049609374999999 0.40229166666666666
0 0.46406249999999993 0.4851562499999999 0.4498046875 0.428125 0.4263671875 0.43854166666666666 0.440625 0.49557291666666653
0 0.556763450386598 0.33363670532646056 0.5296532699742269 0.3319936640893471 0.5271907216494846 0.4042284149484537 0.5543009020618557 0.4058714561855671
0 0.6462573263288676 0.4295637064246617 0.6167325586106307 0.3878115096513975 0.5663049643474503 0.45120619958225305 0.5958297320656871 0.49295839635551725
0 0.650390625 0.76171875 0.6241244612068966 0.7477101293103449 0.6045932112068966 0.8128142959770116 0.630859375 0.8268229166666667
0 0.31445312499999994 0.8893229166666666 0.3011328125 0.7650000000000001 0.19832031249999998 0.7845833333333334 0.21164062499999997 0.9089062499999999
0 0.24218750000000008 0.8984375 0.16406250000000008 0.8984375 0.16406250000000008 0.9986979166666666 0.24218750000000008 0.9986979166666666
0 0.38489612332962136 0.9973349341128434 0.3837042385857461 0.8908598969933185 0.24112872355233858 0.8936972206755753 0.24232060829621385 1.0001722577951002