0 0.21386718750000006 0.0338541666666667 0.18677909287282798 0.009634223235312852 0.1295631966655528 0.12339682388135703 0.15665129129272487 0.1476167673127109
0 0.11461239068154402 0.1436453935464415 0.0970696056996381 0.0927369194813028 0.04228197564837153 0.1263005126658625 0.05982476063027744 0.17720898673100122
0 0.14843750000000003 0.20963541666666669 0.11672794117647059 0.19676776960784315 0.1019206855536332 0.26163765138408307 0.13363024437716264 0.2745052984429066
0 0.5463812324438202 0.4932408707865168 0.518433988764045 0.33176790730337075 0.33984375 0.38671874999999994 0.3677909936797753 0.548191713483146
0 0.58678508254717 0.4452633647798744 0.5101709905660379 0.4160770440251573 0.4885760613207548 0.5168533805031448 0.5651901533018868 0.5460397012578617
0 0.7241233370022973 0.5509866322103115 0.6268708724157733 0.5176429300663605 0.6074218749999999 0.6184895833333335 0.7046743395865238 0.6518332854772846
0 0.703125 0.4687500000000001 0.65625 0.4687500000000001 0.65625 0.5013020833333335 0.703125 0.5013020833333335
0 0.6697346443965517 0.6925772270114943 0.6473882004310345 0.6436278735632185 0.5972925646551724 0.6842852011494254 0.6196390086206897 0.7332345545977013
0 0.8739129666289591 0.6271151489441932 0.8188410279977376 0.5603612839366519 0.7700129029977376 0.631975867269985 0.8250848416289592 0.6987297322775264
0 0.980776793204698 0.46078020134228204 0.9150390625000002 0.4453125000000001 0.9045393770973155 0.5246434563758391 0.9702771078020133 0.5401111577181209
0 0.9745692422945208 0.29412813926940656 0.9610311429794521 0.2859232305936075 0.955078125 0.3033854166666668 0.9686162243150687 0.31159032534246595
0 0.9904719172297296 0.231172578828829 0.9806535050675678 0.22899070945945968 0.9765097128378379 0.26214104729729754 0.9863281249999998 0.26432291666666685
0 1 0.3489583333333334 0.982421875 0.3489583333333334 0.982421875 0.4023437500000001 1 0.4023437500000001
0 0.810546875 0.7161458333333336 0.755859375 0.7161458333333336 0.755859375 0.7981770833333336 0.810546875 0.7981770833333336
0 0.17187500000000008 0.9700520833333334 0.13671875000000008 0.9700520833333334 0.13671875000000008 0.98046875 0.17187500000000008 0.98046875
0 0.01757812500000009 0.8736979166666666 0.0009765625000000445 0.8645833333333334 -0.005009938979289874 0.8839681952662722 0.01159162352071017 0.8930827785996056