0 0.6522895905545928 0.09852731441363366 0.6305835003249568 0.07190117706528008 0.6074218750000002 0.10546874999999988 0.6291279652296362 0.13209488734835345
0 0.7372946885665528 0.3965976962457339 0.6826171875 0.3880208333333334 0.6777310420221843 0.443397148748578 0.7324085430887372 0.4519740116609785
0 0.4769827670218295 0.37023562023562034 0.4762782614345114 0.341116055959806 0.41988533004158013 0.3435415583853084 0.4205898356288983 0.3726611226611228
0 0.3747902684563758 0.15045616610738263 0.30994389681208057 0.13519819630872487 0.3036716128355705 0.18258878635346762 0.3685179844798657 0.19784675615212535
0 0.21778499445266272 0.386942184418146 0.2060546875 0.3489583333333333 0.170690412352071 0.36837401380670615 0.18242071930473375 0.40635786489151876
0 0.10211362933168315 0.44224422442244227 0.06347656249999999 0.34895833333333337 0.008613021188972336 0.3893553687265279 0.047250088020655515 0.48264125981563677
0 0.11456781756434695 0.5595942067842389 0.05693201114156341 0.45428433825865905 0.006022290574356571 0.5038181204321576 0.06365809699714012 0.6091279889577375
0 0.11132812500000004 0.6380208333333334 0.04296875000000006 0.6380208333333334 0.04296875000000007 0.7096354166666666 0.11132812500000004 0.7096354166666666
0 0.09179687499999997 0.77734375 0.08025731077981646 0.7487695909785932 0.047529028096330264 0.7722668195718654 0.05906859231651378 0.8008409785932723
0 0.20898437500000014 0.7408854166666666 0.16236439443005185 0.6862599848877375 0.1271474255181347 0.7396926273747843 0.173767406088083 0.7943180591537133
0 0.7284086385350319 0.824912088641189 0.7197788117038216 0.7608048036093418 0.6394344645700636 0.7800325106157113 0.6480642914012739 0.8441397956475585
0 0.6135565226510068 0.6294305788590606 0.5938352034395974 0.624790268456376 0.5877005557885907 0.6711409395973154 0.6074218750000001 0.67578125