0 0.30417877293448903 0.2702341756716194 0.2158203125 0.20833333333333334 0.19510188611548848 0.2609091250187603 0.28346034654997754 0.32280996735704637
0 0.42598858173076926 0.04580528846153854 0.4022986778846153 0.044050480769230835 0.4000450721153846 0.09813701923076928 0.4237349759615385 0.09989182692307699
0 0.8984375 0.0729166666666668 0.76953125 0.07291666666666678 0.76953125 0.1236979166666668 0.8984375 0.12369791666666681
0 0.7180142337328766 0.3350813356164384 0.7037671232876712 0.29328981164383566 0.6502033390410958 0.32575271118721466 0.6644504494863013 0.3675442351598174
0 0.600703125 0.31921875000000005 0.5797265625 0.28192708333333333 0.5591015625000001 0.30255208333333333 0.580078125 0.33984375000000006
0 0.4111328125 0.3125 0.37940718102331605 0.3013681994818653 0.37452436852331605 0.32610778281519864 0.40625 0.33723958333333337
0 0.34374999999999994 0.57421875 0.31297118190661477 0.5277085359922178 0.269109466196498 0.579310554474708 0.29988828428988323 0.6258207684824904
0 0.29391163793103453 0.6554867097701149 0.28434806034482757 0.6236081178160919 0.24898976293103448 0.6424658764367817 0.2585533405172414 0.6743444683908046
0 0.23437499999999994 0.48828125000000006 0.2230667794585987 0.4606389331210192 0.19734026671974522 0.47934912420382175 0.2086484872611465 0.5069914410828026
0 0.14493750000000005 0.68321875 0.12011718750000003 0.6354166666666666 0.06212500000000003 0.6889479166666668 0.08694531250000007 0.7367500000000001
0 0.02268318965517241 0.5727460488505748 0.019753502155172412 0.5063397988505747 0.0009765625 0.5078124999999999 0.0039062499999999974 0.57421875
0 0.8446015625 0.6397083333333334 0.8007265625000001 0.5992083333333335 0.7628984375 0.6720625000000002 0.8067734374999999 0.7125625000000002
0 0.7940955528846152 0.7073317307692307 0.7520282451923077 0.6961137820512822 0.7467698317307694 0.7311698717948719 0.7888371394230769 0.7423878205128206
0 0.8320649245689656 0.7663882902298852 0.7674097521551724 0.7592043821839082 0.7644127155172413 0.8071569683908048 0.8290678879310345 0.8143408764367819
0 0.5546875 0.9986979166666666 0.5478515625 0.9791666666666666 0.5306369753649636 0.9898779653284672 0.5374729128649636 1.009409215328467