0 0.0908203125 0.027343750000000017 0.0470703125 -0.0018229166666666593 0.004296875 0.11223958333333334 0.048046875 0.14140625
0 0.3637190193965517 0.05648347701149434 0.3410425646551724 0.03089978448275869 0.32763335129310345 0.05202945402298858 0.35030980603448275 0.07761314655172423
0 0.4120192191136539 0.20992330941298165 0.3603515624999999 0.16666666666666669 0.33488441863847934 0.22074504622446342 0.3865520752521333 0.26400168897077836
0 0.7780200941593887 0.27018968340611355 0.7624837950327511 0.16201100800582238 0.5247338973799126 0.22271310953420667 0.5402701965065502 0.33089178493449783
0 0.59375 0.16927083333333345 0.541015625 0.16927083333333343 0.541015625 0.20963541666666677 0.59375 0.2096354166666668
0 0.47454202586206906 0.32790050287356326 0.4474339978448277 0.3124102011494253 0.4415746228448277 0.330639367816092 0.46868265086206906 0.34612966954022995
0 0.5071424498175183 0.3198087743309005 0.4912109375 0.30989583333333354 0.4860216126824818 0.3247224756691 0.5019531250000001 0.33463541666666696
0 0.40125229779411764 0.33655024509803927 0.3994140625 0.3046875 0.37581571691176474 0.30710784313725487 0.3776539522058824 0.33897058823529413
0 0.31250000000000006 0.3502604166666667 0.31152343750000006 0.3359375 0.29673091700819676 0.33773053278688525 0.29770747950819676 0.35205344945355194
0 0.36181066176470583 0.3825214460784314 0.35264246323529413 0.36331188725490193 0.3271139705882352 0.38497242647058827 0.336282169117647 0.4041819852941177
0 0.15440739329268297 0.4278925304878049 0.10705792682926829 0.36858612804878044 0.09019340701219511 0.39252286585365853 0.13754287347560978 0.451829268292683
0 0.10285507373595508 0.4080699906367042 0.049403089887640486 0.34919534176029965 0.011001141151685401 0.4111774344569289 0.064453125 0.4700520833333334
0 0.027359375000000036 0.384 0.0009765625000000278 0.37760416666666663 -0.004382812499999977 0.41690625 0.02200000000000003 0.42330208333333336
0 0.059112278761061995 0.5299940081120944 0.024759748340708022 0.5269404498525074 0.021752281526548727 0.5870897861356931 0.05610481194690271 0.5901433443952802
0 0.019531250000000056 0.6015625 5.698673826110487e-17 0.6015625 5.872085726380376e-17 0.6393229166666666 0.01953125000000006 0.6393229166666666
0 0.2701237710674157 0.6349338717228465 0.24711420294943814 0.5019897003745318 0.12073165379213484 0.540876638576779 0.14374122191011235 0.6738208099250936
0 0.2528404746125612 0.7380242319195216 0.2513095177406199 0.6665795778955954 0.20798550927814027 0.6682300163132138 0.20951646615008154 0.7396746703371399
0 0.35091817010309284 0.6321815936426118 0.3226481958762887 0.6176841709621994 0.31112073131443296 0.6576460481099657 0.3393907055412372 0.6721434707903782
0 0.45545083142201837 0.4867259174311927 0.3585184919724771 0.4642488532110092 0.349609375 0.5325520833333334 0.44654171444954127 0.5550291475535168
0 0.408203125 0.4830729166666667 0.3704876077586207 0.4629579741379311 0.349609375 0.5325520833333334 0.3873248922413793 0.5526670258620691
0 0.5664062499999999 0.4153645833333333 0.5560546874999999 0.37395833333333334 0.537890625 0.38203125 0.5482421875000001 0.4234375
0 0.638671875 0.44401041666666674 0.61707908431455 0.3490021376506869 0.5478014613120269 0.37699309643958506 0.5693942519974768 0.4720013754555649
0 0.6560067407490975 0.3776746765944646 0.6341909690884476 0.35897544374247903 0.6074747574458483 0.41438684566787015 0.6292905291064982 0.4330860785198557
0 0.6816753251903553 0.5071581535532994 0.6792958835659899 0.46274190989847713 0.6645830028553299 0.4641431366328257 0.6669624444796953 0.508559380287648
0 0.505117334075985 0.6005706691682301 0.4721047578564728 0.5481697545340839 0.451171875 0.5716145833333335 0.4841844512195122 0.6240154979674798
0 0.20746823321984448 0.8244264753566796 0.18847656250000008 0.8020833333333334 0.17251717534046698 0.8261997405966279 0.19150884606031138 0.8485428826199741
0 0.2575639660989718 0.7763897814910025 0.23472144119537278 0.7684936000428448 0.21934497509640102 0.8475725685518424 0.24218750000000008 0.8554687500000001
0 0.9142871405750798 0.8186859358359957 0.9136631389776356 0.7978858825878593 0.8806690545127793 0.7996455670926517 0.8812930561102235 0.820445620340788
0 0.8814563679245282 0.898098466981132 0.8642578124999998 0.8645833333333334 0.8532650353773583 0.8746118317610063 0.8704635908018865 0.908126965408805