0 0.9563292647546419 0.1475498729000885 0.8988856308023871 0.09489320844385508 0.8829860535477453 0.12572875221043336 0.9404296875 0.1783854166666668
0 0.7003621199324324 0.0008530405405406542 0.6275453969594594 -0.001404842342342231 0.6263735219594595 0.06578265765765776 0.6991902449324324 0.06804054054054065
0 0.5888671875 9.62193288008469e-17 0.5469203969594594 -0.0013006756756755815 0.5462499999999999 0.03713541666666676 0.5881967905405405 0.038436092342342444
0 0.4725578166445624 0.044243202917771965 0.4504103116710875 0.0380263594164457 0.4397587864721485 0.10548601900972598 0.4619062914456234 0.11170286251105226
0 0.4716796874999999 0.1588541666666667 0.4310344827586207 0.15566630747126442 0.42922279094827587 0.19673132183908051 0.4698679956896551 0.19991918103448283
0 0.9226831896551724 0.2774335488505749 0.9111328124999998 0.2708333333333334 0.9033539870689653 0.2950341235632185 0.9149043642241379 0.3016343390804599
0 0.9428879310344828 0.22499102011494265 0.9318089978448276 0.21866020114942544 0.9225148168103449 0.24757543103448296 0.93359375 0.25390625000000017
0 0.955078125 0.7096354166666669 0.916015625 0.6575520833333336 0.876953125 0.7096354166666669 0.916015625 0.7617187500000003
0 0.8791131652227723 0.6735922029702972 0.7691831683168318 0.6177547442244226 0.7479733910891089 0.6919889645214522 0.8579033879950494 0.7478264232673268
0 0.6809175583281828 0.6789761021837661 0.6116842262824473 0.6146380562422745 0.5839481613102595 0.6676983544499383 0.653181493355995 0.7320364003914299
0 0.5149104420731708 0.5333142784552847 0.43623761432926844 0.5216590447154473 0.4286156631097563 0.6131224593495935 0.5072884908536587 0.624777693089431
0 0.43359375 0.4700520833333334 0.36914062500000006 0.4700520833333334 0.3691406250000001 0.5611979166666666 0.43359375 0.5611979166666666
0 0.2686824324324324 0.4161782094594596 0.24034628378378375 0.38011402027027036 0.1897529560810811 0.4507840653153154 0.21808910472972975 0.4868482545045046
0 0.2869574948840382 0.5248692587539792 0.21580565740109145 0.5178419167803547 0.21150238744884048 0.5953007759208732 0.28265422493178727 0.6023281178944976
0 0.15911467215211456 0.5943994429286038 0.15212578871077762 0.557569136539336 0.05793427054911323 0.5893445884492952 0.06492315399045018 0.6261748948385629
0 0.24094233484774072 0.842174197773412 0.18920639427799604 0.7284483464309103 0.10447376903241645 0.7969752783235101 0.15620970960216113 0.9107011296660119
0 0.19057141869469038 0.9094049594395283 0.13897089325221246 0.8812592182890857 0.11489041758849568 0.959743731563422 0.16649094303097361 0.9878894727138643
0 0.11373197115384623 0.894130608974359 0.07729867788461545 0.8844150641025641 0.07241586538461546 0.9169671474358974 0.10884915865384626 0.9266826923076922
0 0.4687500000000001 0.9596354166666666 0.4589779713114755 0.9042605874316939 0.4387295081967214 0.9106130464480874 0.448501536885246 0.9659878756830601