0 0.498046875 0.0013020833333334098 0.439453125 0.001302083333333405 0.439453125 0.03385416666666674 0.498046875 0.03385416666666674
0 0.11535291726878616 0.09152215799614646 0.08148369761560695 0.05840558766859347 0.044165462427745675 0.1262569243737958 0.07803468208092487 0.15937349470134876
0 0.5776436349150142 0.37538730524079317 0.5458984375 0.25781250000000006 0.45861643502124655 0.29970786118980175 0.49036163243626074 0.4172826664305949
0 0.6610599234570878 0.48388806854709104 0.5295360716007714 0.3133274570073932 0.4389380047613307 0.43752762375441984 0.570461856617647 0.6080882352941176
0 0.31140854779411764 0.7884497549019609 0.3056640625 0.7317708333333335 0.2765297144010043 0.7370202654232425 0.282274199695122 0.7936991869918699
0 0.33992379610655743 0.4725281762295082 0.3190797899590164 0.4493681693989071 0.3065125512295082 0.4694757513661203 0.3273565573770492 0.4926357581967214
0 0.8253591652684567 0.5203352209172258 0.8169633494127518 0.4569001677852348 0.7874370805369129 0.4638475251677852 0.7958328963926176 0.5272825782997762
0 0.8670537243150683 0.620184075342466 0.8603515624999998 0.5963541666666667 0.817650363869863 0.6177047659817352 0.8243525256849316 0.6415346746575344
0 0.7082920792079209 0.9040222772277228 0.6708152846534654 0.8724628712871286 0.6322014232673266 0.9539810231023104 0.6696782178217822 0.9855404290429045
0 0.5536433909730363 0.9232198246385307 0.5500370933470105 0.8837909705939819 0.4837121281506448 0.894575517780383 0.4873184257766706 0.9340043718249315
0 0.98828125 0.9934895833333331 0.9839911981441049 0.9505890647743814 0.9382548103165937 0.9587199781659389 0.942544862172489 1.0016204967248905
0 0.19335937499999997 0.9986979166666665 0.19286556603773583 0.9835544418238993 0.169896079009434 0.9848860062893081 0.17038988797169813 1.0000294811320753