0 0.5048491379310345 0.08539870689655178 0.48447602370689646 0.0745330459770115 0.4716796874999999 0.1171875 0.4920528017241379 0.12805316091954028
0 0.24414062499999994 0.28255208333333326 0.23861994219653176 0.23470616570327557 0.21998058164739884 0.23852962427745666 0.22550126445086702 0.2863755419075144
0 0.16796875 0.001302083333333363 0.13567025938385266 -0.014201192162417347 0.11717090120396598 0.05431494924457036 0.1494693918201133 0.06981822474032108
0 0.08307516163793106 0.16514008620689652 0.06292429956896553 0.1635596264367816 0.061880387931034495 0.1872216235632184 0.08203125000000003 0.18880208333333334
0 0.33244402384020627 0.4436211340206187 0.2558795103092784 0.40435728092783507 0.2144511114690722 0.5479757302405499 0.29101562500000006 0.5872395833333336
0 0.12686474830316744 0.3850867269984918 0.10667067307692309 0.3096955128205129 0.04721966911764707 0.3380055147058824 0.0674137443438914 0.4133967288838613
0 0.027343750000000045 0.4479166666666667 4.430973037930609e-17 0.4479166666666667 4.759857676373502e-17 0.51953125 0.027343750000000045 0.51953125
0 0.04639951508620697 0.7871839080459769 6.661338147750939e-17 0.7721354166666665 -0.003430765086206833 0.790941091954023 0.04296875000000007 0.8059895833333334
0 0.2242337740384616 0.7876602564102566 0.16488882211538472 0.771834935897436 0.15519831730769243 0.8364383012820513 0.2145432692307693 0.8522636217948719
0 0.3128020296391752 0.969005047250859 0.3066406249999999 0.8841145833333334 0.24908988402061852 0.891540485395189 0.2552512886597938 0.9764309493127147
0 0.5814522748592872 0.7282285803627268 0.49021532012195135 0.7091463414634147 0.4712190724671671 0.8706144465290808 0.5624560272045029 0.8896966854283929
0 0.7695312500000002 0.8867187500000003 0.7333984375000002 0.8567708333333336 0.7169255054662804 0.8921040788549353 0.7530583179662804 0.9220519955216021
0 0.9869625342153284 0.8059420620437957 0.9750370666058394 0.7718692974452553 0.9353686701642335 0.7965518552311435 0.9472941377737225 0.8306246198296837
0 0.9881295438555346 0.43653601860537833 0.9248046874999998 0.375 0.8991524243667917 0.42192972170106313 0.9624772807223263 0.4834657403064415
0 0.7011718749999999 0.9986979166666666 0.6865234374999999 0.9739583333333335 0.6694252613054607 0.9919564135381117 0.6840736988054607 1.0166959968714449
0 0.5366629761034301 0.35923949470442246 0.3644732222979262 0.14891914273686077 0.23646870222347785 0.3352259760258797 0.40865845602898165 0.5455463279934415
0 0.11914062500000004 0.6744791666666666 0.06640625000000007 0.6744791666666666 0.06640625000000007 0.7434895833333334 0.11914062500000007 0.7434895833333334