0 0.40384861680327866 0.19277237021857932 0.26969134221311475 -0.02187926912568304 0.14347464139344263 0.1183615095628415 0.27763191598360654 0.3330131489071038
0 0.24322150735294112 0.2900582107843137 0.2216796875 0.2421875 0.18692555147058823 0.2699908088235294 0.20846737132352938 0.3178615196078431
0 0.1687578125 0.34237500000000004 0.12792968749999994 0.3046875 0.10627343749999998 0.34639583333333335 0.1471015625 0.3840833333333334
0 0.1687578125 0.34237500000000004 0.126609375 0.30346875000000006 0.10586718750000002 0.34341666666666676 0.148015625 0.38232291666666673
0 0.11285986282618825 0.39507368359739053 0.10646260484622554 0.36017954916123024 0.04433302510484623 0.380429189965828 0.05073028308480894 0.4153233244019882
0 0.27643053209459456 0.45154842342342344 0.24982580236486482 0.38454391891891887 0.22093010979729732 0.4049408783783783 0.24753483952702707 0.47194538288288285
0 0.4992563790137615 0.43863484327217134 0.480979429472477 0.43132406345565755 0.47391055045871555 0.46274130351681964 0.4921875000000001 0.4700520833333334
0 0.860050109750462 0.38144302603203945 0.826393903073013 0.25497727972889717 0.7110078991451017 0.3095685073937154 0.7446641058225507 0.43603425369685767
0 0.7441406249999998 0.2929687500000001 0.7351406249999998 0.2756354166666668 0.7274218749999998 0.28276041666666685 0.7364218749999998 0.30009375000000016
0 0.6429148706896551 0.649559985632184 0.6132139008620691 0.6325880028735632 0.5952316810344828 0.6885326867816093 0.6249326508620688 0.7055046695402301
0 0.38683363970588236 0.5735294117647061 0.3467141544117647 0.5616421568627452 0.33901654411764703 0.6078278186274509 0.37913602941176466 0.6197150735294117
0 0.3135102370689656 0.6125179597701148 0.2784886853448277 0.5938397988505746 0.2570043103448276 0.6654543821839081 0.2920258620689655 0.6841325431034483
0 0.191306409744409 0.6400467585197018 0.14465605031948886 0.5726629060170396 0.08393757488019174 0.6473933373269437 0.13058793430511187 0.714777189829606
0 0.06054687500000009 0.9088541666666666 8.461304789030786e-17 0.9088541666666666 8.873905517259141e-17 0.9986979166666666 0.06054687500000009 0.9986979166666666
0 0.9611745845375722 0.2752890173410406 0.9463511560693643 0.27224831406551075 0.9421062138728326 0.30903781310211964 0.9569296423410405 0.3120785163776495