0 0.10963766163793105 0.00836925287356324 0.08250269396551725 0.0062410201149425415 0.08028690732758621 0.05646551724137931 0.10742187500000003 0.058593750000000014
0 0.187109375 0.11223958333333332 0.1765625 0.08411458333333335 0.1484375 0.10286458333333336 0.158984375 0.13098958333333333
0 0.08203125000000003 0.30078125 0.0595703125 0.2552083333333333 -0.001617953606043332 0.308820909350057 0.02084298389395669 0.35439382601672365
0 0.5080078125 0.30520833333333347 0.4189453125000001 0.2656250000000001 0.3900390625000001 0.38125000000000014 0.4791015625 0.42083333333333345
0 0.5134462367144177 0.28643907886629694 0.500222028073013 0.23674811306223045 0.47185117259704257 0.25017088339494764 0.48507538123844735 0.2998618491990141
0 0.6252933819640336 0.2150512752703338 0.6162109374999998 0.15104166666666669 0.5727394437588151 0.16200744887165022 0.581821888222849 0.22601705747531733
0 0.7672175480769228 0.22141426282051313 0.7315204326923074 0.18439503205128235 0.7160606971153843 0.21089743589743618 0.7517578124999998 0.24791666666666695
0 0.8559474986442517 0.20373508676789567 0.7785893438177875 0.1494486623282717 0.755711090021692 0.2074069052783802 0.8330692448481563 0.26169332971800424
0 0.9765625 0.35286458333333337 0.9612848678691275 0.32376433165548113 0.9340197671979865 0.349211758948546 0.949297399328859 0.3783120106263983
0 0.8382901633807045 0.4709121463837737 0.8180997923338669 0.3964848962503337 0.7704006955564451 0.41948871597277826 0.7905910666032826 0.4939159661062183
0 0.7712219688487885 0.3809410124692662 0.7142242656743943 0.33369967290129987 0.6852072905690203 0.39593898182297177 0.7422049937434144 0.4431803213909381
0 0.7482486709024897 0.5552407503457815 0.7134789937759337 0.48484288554633487 0.6817467907157677 0.5127053077455049 0.7165164678423237 0.5831031725449516
0 0.4837740384615385 0.6303084935897435 0.42668269230769235 0.6150841346153846 0.41203425480769235 0.7127403846153847 0.4691256009615385 0.7279647435897437
0 0.3323632088226206 0.694135957457767 0.3107991637051917 0.6890016610012363 0.30070157988257123 0.7643969535434694 0.3222656250000001 0.7695312500000001
0 0.5429283405172414 0.9293013649425288 0.5274649784482758 0.9061063218390805 0.4994612068965516 0.9392959770114943 0.5149245689655172 0.9624910201149427
0 0.7226562500000001 0.9127604166666669 0.6728515625000001 0.8854166666666669 0.6578853088017753 0.933878821499014 0.7076899963017753 0.9612225714990141