0 0.3349609375 5.551115123125783e-17 0.294969483873365 -0.0013005350772888871 0.294463204146849 0.026376089972255302 0.334454657773484 0.027676625049544247
0 0.5032964507918551 0.121241044494721 0.37688772624434386 0.05599783182503777 0.3575544400452489 0.12259026206636507 0.4839631645927601 0.1878334747360483
0 0.6202182112068965 0.25749820402298845 0.5982623922413792 0.1843121408045977 0.49589170258620696 0.23890984195402298 0.5178475215517242 0.31209590517241376
0 0.5863800888761468 0.16151567278287474 0.5099233084862386 0.15842650993883803 0.5088123566513761 0.20730839067278295 0.5852691370412845 0.21039755351681969
0 0.4945231769610146 0.37594368932988886 0.4267578125 0.3515625 0.4110452016791921 0.4292012828792861 0.47881056614020673 0.45358247220917497
0 0.6505876659292036 0.503680401917404 0.6302561532079647 0.4374147308259587 0.5623427129424778 0.4744584255162243 0.5826742256637167 0.5407240966076697
0 0.5241656162054409 0.5722990931832396 0.5134259937851782 0.5124941369606003 0.3864358583489681 0.5530355886491557 0.39717548076923076 0.6128405448717948
0 0.4743878865979382 0.6302217568728524 0.461853656572165 0.586769759450172 0.4178781411082474 0.6093213058419245 0.4304123711340207 0.6527733032646049
0 0.3873849233730389 0.6974770905965524 0.33300781250000006 0.65625 0.3152849905578153 0.6978069617954679 0.36966210143085415 0.7390340523920201
0 0.33783783783783783 0.7326506193693693 0.32725401182432434 0.6479800112612613 0.2854465793918919 0.6572705518018018 0.2960304054054054 0.7419411599099098
0 0.3261718750000001 0.9361979166666667 0.23675632311525135 0.8066101603119585 0.11328971241334491 0.9580625361062971 0.20270526429809363 1.0876502924610054
0 0.18499087591240876 0.8631957116788321 0.14677092837591244 0.8149178832116789 0.08954579151459852 0.8954569647201948 0.12776573905109484 0.943734793187348
0 0.36454992311072054 0.8303067333040421 0.3593389581502636 0.8036119654364382 0.24292103745606325 0.8440127050380786 0.2481320024165202 0.8707074729056825
0 0.5392982219827587 0.7983117816091955 0.5275121228448276 0.791576867816092 0.5152882543103449 0.8296066810344829 0.5270743534482759 0.8363415948275862
0 0.830078125 0.9765625000000002 0.7949218750000002 0.9765625000000002 0.7949218750000002 0.9986979166666669 0.830078125 0.9986979166666669
0 1.0000000000000002 0.41796875000000006 0.9990234375000002 0.3932291666666667 0.977905947859116 0.3947110957642726 0.978882510359116 0.41945067909760597