0 0.5960108408888228 0.00010528141101872427 0.552781983873365 -0.0013005350772888483 0.5521781640160522 0.03170828378914001 0.5954070210315101 0.03311410027744758
0 0.533203125 0.05729166666666675 0.48046875 0.05729166666666674 0.48046875 0.12500000000000008 0.533203125 0.12500000000000008
0 0.50390625 0.13281250000000008 0.484375 0.13281250000000008 0.484375 0.19140625000000006 0.50390625 0.19140625000000006
0 0.7015625 0.16640625 0.6724609375 0.08880208333333334 0.6310546875 0.11640625000000006 0.66015625 0.1940104166666667
0 0.4212165936085972 0.20333121229260945 0.3998736213235294 0.17202818627450986 0.36861920248868774 0.20991233031674217 0.3899621747737556 0.24121535633484173
0 0.2737390513657957 0.1094337638558987 0.244140625 0.10807291666666671 0.24378572223871736 0.12179582343626291 0.2733841486045131 0.1231566706254949
0 0.19653861244460857 0.19838018525356974 0.16040435745937962 0.14634685807484002 0.12266461641432791 0.19293913096996557 0.15879887139955687 0.24497245814869528
0 0.2119073275862069 0.16130567528735631 0.21075565732758622 0.13520114942528733 0.17537715517241378 0.13797593390804597 0.1765288254310345 0.16408045977011496
0 0.017578124999999997 0.05859374999999999 0.01643318965517241 0.03264188218390804 -0.0009698275862068953 0.03400682471264367 0.00017510775862068922 0.059958692528735626
0 0.0654296875 8.132420150587892e-18 0.029296875 5.1824246057667946e-18 0.029296875 0.029947916666666675 0.0654296875 0.029947916666666675
0 0.1811287821204394 0.398585127337518 0.1240234375 0.3411458333333333 0.1071870249362495 0.3709032136785667 0.16429236955668888 0.4283425076827514
0 0.29101562499999994 0.36328125000000006 0.27832031249999994 0.3385416666666667 0.25248378537735844 0.36211183176100625 0.26517909787735844 0.3868514150943396
0 0.26665900735294124 0.5016084558823529 0.25548377403846156 0.47015224358974356 0.21938189338235295 0.492953431372549 0.23055712669683262 0.5244096436651584
0 0.2716796875000001 0.4328125000000001 0.25878906250000006 0.42708333333333337 0.2546875 0.44348958333333344 0.2675781250000001 0.4492187500000001
0 0.29915813577586203 0.4514906609195402 0.2985115840517241 0.4368354885057471 0.2734375 0.43880208333333326 0.27408405172413797 0.4534572557471264
0 0.33192069575471705 0.48385908018867935 0.31708431603773596 0.462278891509434 0.2846255896226416 0.5019506682389938 0.29946196933962266 0.5235308569182391
0 0.11621093750000004 0.5677083333333335 0.10058593750000004 0.5468750000000001 0.06835937500000004 0.5898437500000001 0.08398437500000004 0.6106770833333335
0 0.013763786764705885 0.5419577205882354 0.010834099264705885 0.4911764705882353 0.0009765625 0.49218750000000006 0.00390625 0.54296875
0 0.29716498362445415 0.6351209970887919 0.23166280021834065 0.6234761644832606 0.22545373908296948 0.6855667758369725 0.290955922489083 0.6972116084425036
0 0.2951916646400779 0.9017965710116732 0.2685622872081713 0.899577456225681 0.2663393725680935 0.9469996352140079 0.2929687500000001 0.9492187500000001
0 0.583984375 0.59765625 0.559765625 0.5330729166666667 0.512109375 0.56484375 0.536328125 0.6294270833333333
0 0.46515625 0.5465625000000001 0.45402343749999996 0.5267708333333334 0.4213671875 0.5594270833333334 0.4325 0.5792187500000001
0 0.6640474759615385 0.37516025641025647 0.6498497596153845 0.3508213141025641 0.6149639423076924 0.3869991987179487 0.6291616586538462 0.411338141025641
0 0.8984374999999998 0.3971354166666668 0.8839803479381441 0.3537639604810998 0.8363200708762886 0.38200708762886604 0.8507772229381443 0.425378543814433
0 0.9245968515518419 0.5353214529331514 0.8916015625 0.4973958333333331 0.8703849761255118 0.5302108202592085 0.9033802651773535 0.5681364398590267
0 0.67578125 0.5416666666666666 0.65234375 0.5416666666666666 0.65234375 0.5768229166666666 0.67578125 0.5768229166666666
0 0.6953125000000002 0.7070312500000001 0.6863731971153848 0.6474358974358976 0.6161358173076923 0.6661658653846155 0.6250751201923077 0.725761217948718
0 0.740234375 0.9986979166666666 0.7341374577702704 0.9499225788288288 0.713550464527027 0.9544974662162161 0.7196473817567567 1.003272804054054
0 0.73828125 0.7174479166666665 0.7353515625 0.7005208333333333 0.7259370610955056 0.7034176029962546 0.7288667485955056 0.7203446863295879
0 0.6435546875000001 0.8437500000000002 0.6317311356707317 0.8335492886178864 0.6185261051829268 0.8607596544715448 0.6303496570121953 0.8709603658536587