0 0.8545092631140715 0.5102301901193451 0.8366611807868443 0.4873846447404942 0.7860978481473773 0.557611495628643 0.8039459304746044 0.5804570410074938
0 0.9114825524117277 0.4144844866540565 0.8720703125000002 0.40885416666666685 0.8636322213902901 0.5138615226986131 0.9030444613020177 0.5194918426860028
0 0.7291466346153845 0.292147435897436 0.6840294471153846 0.257772435897436 0.6397986778846153 0.36097756410256415 0.6849158653846154 0.39535256410256425
0 0.7843947507022473 0.46785463483146095 0.73296172752809 0.4112037687265919 0.6751294768258427 0.5045470505617978 0.7265625000000001 0.5611979166666669
0 0.43939426794210934 0.6275804173275179 0.42297779540047575 0.4998967420037008 0.4067688714314036 0.5036016389109174 0.4231853439730372 0.6312853142347343
0 0.07349090985254694 0.4694167504468275 0.04997748408176944 0.3887992906613047 -0.001955743130026821 0.4157276306970509 0.021557682640750687 0.49634509048257375
0 0.33742635758196726 0.2353782445355192 0.32378650102459017 0.2202228483606558 0.3086577868852459 0.24442879098360665 0.32229764344262296 0.25958418715847004
0 0.3545313619269341 0.514916129417383 0.33492456124641834 0.46866418935052523 0.2531255596346705 0.5303098137535817 0.2727323603151862 0.5765617538204393
0 0.172905708539604 0.5903052805280529 0.1591796875 0.5494791666666666 0.1333268873762376 0.5649314150165016 0.1470529084158416 0.6057575288778878
0 0.07471894054878056 0.6854039634146343 0.05156726371951228 0.6819740853658537 0.04861375762195129 0.7174161585365854 0.07176543445121958 0.720846036585366
0 0.9257812500000002 0.9518229166666665 0.9228515625000002 0.9166666666666666 0.9157774390243902 0.9177146849593496 0.9187071265243902 0.9528709349593495
0 0.5585854810541914 0.07674794489133513 0.5023111703535139 0.020954611205193412 0.4793863449936494 0.06206119460908841 0.5356606556943267 0.11785452829523013