0 0.7294921875 0.2916666666666668 0.6787109375 0.22395833333333345 0.580078125 0.3554687500000001 0.630859375 0.4231770833333334
0 0.7275390625 0.2942708333333334 0.697265625 0.2539062500000001 0.646484375 0.32161458333333354 0.6767578125 0.36197916666666685
0 0.14101562500000003 0.20026041666666666 0.1181640625 0.19010416666666666 0.1080078125 0.23072916666666668 0.13085937500000006 0.24088541666666666
0 0.3129002305327869 0.5201929644808744 0.3058721823770492 0.417114924863388 0.2674820696721312 0.42176827185792354 0.2745101178278689 0.5248463114754099
0 0.244140625 0.08333333333333336 0.19140625 0.08333333333333336 0.19140625 0.12890625000000003 0.244140625 0.12890625000000003
0 0.24243309096534654 0.03296204620462049 0.20214843750000006 0.020833333333333363 0.19288946472772278 0.07550536303630366 0.23317411819306927 0.08763407590759079
0 0.3702574671961326 0.14157458563535913 0.3678187586325967 0.07979396869244937 0.3258913156077348 0.08273624539594844 0.3283300241712707 0.14451686233885822
0 0.48091191102470277 0.6126141258767918 0.4761175520356817 0.5071382281183288 0.4193303979871913 0.5117270890515402 0.4241247569762123 0.6172029868100031
0 0.8476963827054798 0.8360801940639272 0.7658791738013698 0.7864940068493153 0.7478194563356164 0.839469178082192 0.8296366652397262 0.889055365296804
0 1.0011430450883578 0.5693812803187804 0.9987513805873183 0.4705258142758143 0.9324141599532225 0.47337902806652815 0.9348058244542621 0.5722344941094942
0 0.24023437500000008 0.7591145833333336 0.22363281250000008 0.7369791666666669 0.20312500000000008 0.7643229166666669 0.21972656250000008 0.7864583333333336
0 0.06355279972118963 0.5278665195167287 0.03633248141263944 0.5231325511152417 0.032727549953531644 0.5599829615861215 0.05994786826208183 0.5647169299876086
0 0.6981688104281769 0.6963901358195214 0.591936075621547 0.6407444175874771 0.5530624136740332 0.772679270257827 0.6592951484806632 0.8283249884898713