0 0.1755295586340206 0.06553371993127151 0.14789384664948452 -0.030270081615120258 0.08886718749999999 7.401486830834377e-18 0.11650289948453607 0.09580380154639177
0 0.10967748230641132 0.2293975940188732 0.10632171757910076 0.01015429850124897 -0.0009757493755203954 0.013073957466000553 0.002380015351790165 0.23231725298362477
0 0.1572265625 0.140625 0.14714884020618554 0.13545693728522337 0.14191365979381443 0.15360556271477666 0.15199138208762888 0.15877362542955328
0 0.5078125 0.04166666666666675 0.466796875 0.04166666666666674 0.466796875 0.06901041666666675 0.5078125 0.06901041666666675
0 0.4526434075342466 0.28604808789954345 0.4104104238013699 0.26045234018264846 0.3849930436643836 0.335009988584475 0.42722602739726023 0.36060573630136994
0 0.6587773101719198 0.34969182784145175 0.6578488762535817 0.3253462273161414 0.5819724883595988 0.3304903892072588 0.5829009222779369 0.35483598973256925
0 0.6645077919678056 0.32654059899255367 0.6634144526116952 0.26968695247481383 0.6150187869579501 0.2713415051467367 0.6161121263140605 0.32819515166447655
0 1.001849724264706 0.3354473039215687 1.0000000000000002 0.3033854166666667 0.910535386029412 0.3125612745098039 0.9123851102941177 0.3446231617647059
0 0.7724795979299365 0.4863737393842888 0.7244725318471338 0.4675474389596604 0.7053766918789809 0.5541152468152867 0.7533837579617836 0.5729415472399153
0 0.12648372755524862 0.44774401473296505 0.12462232389502763 0.40058845534069987 0.019854972375690613 0.4079405501841621 0.021716376035911603 0.45509610957642727
0 0.028063136312217234 0.36507470776772244 0.00006716628959279325 0.36428049585218697 -0.0019513574660633144 0.49077465120663644 0.026044612556561125 0.4915688631221719
0 0.16319918976962128 0.5550988180072889 0.15305605720421708 0.5059847024274371 0.07049172076337366 0.5362981786086164 0.08063485332877784 0.585412294188468
0 0.07228906249999997 0.7234791666666667 0.040706249999999986 0.6466895833333334 0.006267187499999993 0.6718708333333334 0.03784999999999998 0.7486604166666666
0 0.24371062665782492 0.7492298021662246 0.1031659275530504 0.6270170203359858 0.07107147297745357 0.6926323496905393 0.2116161720822281 0.8148451315207781
0 0.17834272540983606 0.9972037226775955 0.16651191086065573 0.8236851092896175 0.05151767418032788 0.8376238046448088 0.06334848872950821 1.0111424180327868
0 0.32550130587507276 0.9663960881382256 0.2623773751456028 0.8533741931178411 0.18696707101776355 0.92824967239371 0.25009100174723353 1.0412715674140944
0 0.39824218750000007 0.6557291666666667 0.34023437500000003 0.6299479166666667 0.32031250000000006 0.7096354166666666 0.37832031250000003 0.7354166666666667