0 0.9704364867747441 0.5668239832195678 0.9406396651023892 0.516500462172924 0.8840257039249148 0.5760941055176338 0.9138225255972697 0.6264176265642778
0 0.8468359375000001 0.37093750000000014 0.8058203125000001 0.36312500000000014 0.7989453125 0.4272916666666668 0.8399609375000001 0.43510416666666685
0 0.9295269691780821 0.2429188070776256 0.8999491652397262 0.22499286529680387 0.8832272046232879 0.2740439497716897 0.9128050085616437 0.29196989155251146
0 0.7721037512159532 0.20293247405966283 0.737620075389105 0.1508238083657588 0.7031249999999999 0.19140625 0.7376086758268482 0.24351491569390404
0 0.619140625 0.09244791666666673 0.5866449577556325 0.05258656484690931 0.5239333974220104 0.14347288417099946 0.5564290646663779 0.18333423599075688
0 0.5625320184426229 0.07244706284153016 0.5441214139344263 0.04299009562841535 0.5050268954918032 0.08642844945355191 0.5234375 0.11588541666666673
0 0.49754175646551724 0.0471443965517242 0.4833984374999999 0.03906250000000003 0.47733701508620674 0.05792025862068971 0.4914803340517242 0.06600215517241388
0 0.5020575751301467 0.0026664053872851434 0.43557691596663517 0.0013026995582900278 0.4351369313476101 0.039434699873797205 0.5016175905111216 0.04079840570279232
0 0.234375 0.001302083333333367 0.16440958870681494 -0.00013310459062940982 0.1638406590156176 0.0491741353131409 0.23380607030880265 0.05060932323710368
0 0.10546875 0.19921875 0.0849609375 0.16666666666666666 0.0654938144934334 0.1884698444340213 0.08600162699343339 0.2210219277673546
0 0.33480308219178084 0.14839112442922384 0.29159621147260273 0.10175513698630144 0.25761986301369866 0.15771618150684935 0.30082673373287677 0.20435216894977173
0 0.4267578125 0.1354166666666667 0.4013671875 0.1015625 0.37011718749999994 0.14322916666666669 0.3955078125 0.17708333333333343
0 0.4912109375 0.3984375000000001 0.4501953125 0.34375000000000017 0.4267578125000001 0.3750000000000001 0.4677734375 0.4296875000000001
0 0.20125234710300438 0.5526902271101574 0.11162235112660954 0.5247205829756796 0.07396475992489278 0.7392547389127325 0.16359475590128764 0.7672243830472104
0 0.08116799033149177 0.73150466160221 0.029296875000000056 0.7278645833333334 0.027726821477900603 0.7676392725598526 0.07959793680939234 0.7712793508287292
0 0.34004696531791917 0.8836554672447013 0.2882383489884394 0.8730280587668594 0.27806629335260125 0.9611858742774566 0.329874909682081 0.9718132827552987
0 0.9188426421149145 0.8476116799103504 0.869692179859413 0.7991735431947837 0.8447695408007334 0.8441320293398531 0.8939200030562349 0.8925701660554196
0 0.9033203125000003 0.9687500000000002 0.8847837767193312 0.9655262546468404 0.8817996340613385 0.9960308240396533 0.9003361698420077 0.9992545693928131
0 0.7656250000000001 0.9986979166666666 0.7650464327830189 0.9809551886792452 0.7420769457547169 0.9822867531446541 0.7426555129716982 1.0000294811320753
0 0.49093213728549145 0.680944894045762 0.4599609375000001 0.6510416666666667 0.45145067521450866 0.6667113559542382 0.482421875 0.6966145833333335
0 0.8228515625 0.14427083333333332 0.8154296875 0.11458333333333333 0.783203125 0.12890625 0.790625 0.15859375