0 0.4362968318370166 0.2104051565377532 0.35449218750000006 0.018229166666666668 0.30694060773480664 0.054214145948434656 0.38874525207182326 0.2463901358195212
0 0.4322866586538461 0.09387019230769236 0.42223557692307684 0.04473157051282053 0.37959735576923076 0.06023637820512819 0.3896484375 0.10937500000000003
0 0.365234375 0.19921875 0.3634862741712707 0.15493352900552487 0.328734677140884 0.1573722375690608 0.33048277796961323 0.20165745856353592
0 0.23828125000000006 0.0013020833333333658 0.18276930365636146 -0.0005031832144272376 0.18188912009512484 0.047613518133174826 0.23740106643876344 0.049418784680935426
0 0.1945503048780488 0.14326092479674798 0.15360613567073172 0.13719512195121955 0.15096227134146342 0.16892149390243905 0.1919064405487805 0.1749872967479675
0 0.1269104474614396 0.40621652742073705 0.1005859375 0.27083333333333337 -0.005831760122107965 0.3076196979434448 0.020492749839331626 0.4430028920308484
0 0.030915338467048713 0.3432209586914995 0.027985650967048713 0.26639804202483286 0.0009765624999999972 0.2682291666666667 0.003906250000000003 0.3450520833333333
0 0.021484375000000083 0.8932291666666666 8.210156519674395e-17 0.8932291666666666 8.51512227532144e-17 0.9596354166666666 0.021484375000000087 0.9596354166666666
0 0.3623046875000001 0.7343749999999999 0.3307542067307693 0.7259615384615383 0.3219651442307693 0.7845552884615384 0.3535156250000001 0.79296875
0 0.6401769301470587 0.4069852941176471 0.6162109374999999 0.3567708333333333 0.5884076286764705 0.3803615196078431 0.6123736213235293 0.4305759803921569
0 0.6689453125 0.2369791666666668 0.599609375 0.2369791666666668 0.599609375 0.3020833333333334 0.6689453125 0.3020833333333334