0 0.5530597255575633 0.8513619461022083 0.3831892119216321 0.6185324309089038 0.30469116866886214 0.7203484870100022 0.4745616823047934 0.9531780022033067
0 0.4947179753274088 0.635690725366386 0.39596366347053313 0.583634188883692 0.38231279963751164 0.6296723963205489 0.48106711149438725 0.681728932803243
0 0.44548377683982066 0.9687815619780137 0.3144531250000001 0.9674479166666669 0.3142670534829858 0.9999484083051705 0.4452977053228063 1.0012820536165172
0 0.46093749999999983 0.9361979166666666 0.4602909482758619 0.9215427442528734 0.44139951508620684 0.9230244252873562 0.44204606681034486 0.9376795977011495
0 0.85173312616171 0.9943657063197029 0.8371718169144982 0.8455167673482032 0.783816653113383 0.8547959262701362 0.7983779623605949 1.0036448652416359
0 0.13071842783505158 0.7267907001718215 0.11215367268041239 0.6710964347079039 0.06231878221649485 0.7006282216494846 0.08088353737113405 0.7563224871134023
0 0.15429687500000003 0.3450520833333333 0.13233600033512066 0.3336649631367292 0.11866412533512065 0.3805399631367293 0.140625 0.39192708333333337
0 0.5307241586538461 0.4006410256410257 0.4578575721153846 0.38120993589743596 0.43464543269230765 0.5359575320512822 0.5075120192307693 0.5553886217948719
0 0.6966796875 0.12526041666666685 0.6599609375 0.10078125000000011 0.6439453125 0.14348958333333342 0.6806640625 0.16796875000000014
0 0.71484375 0.1484375000000001 0.703125 0.1484375000000001 0.703125 0.17317708333333345 0.71484375 0.17317708333333345
0 0.5765720274390244 0.053499745934959445 0.49254990912288943 0.05196509537210766 0.4916125556988744 0.14320082864290193 0.5756346740150093 0.1447354792057537