0 0.134765625 1.6982406785051185e-17 0.0625 1.1082415695408992e-17 0.0625 0.06380208333333334 0.134765625 0.06380208333333334
0 0.1825570913461538 0.17772435897435895 0.1470342548076923 0.15507211538461535 0.1357962740384615 0.18640224358974353 0.17131911057692303 0.2090544871794871
0 0.328125 0.18098958333333334 0.28393420298165134 0.09725965214067281 0.22336224197247706 0.15409260321100923 0.2675530389908257 0.23782253440366977
0 0.1709735576923078 0.40184294871794873 0.09578125000000003 0.3664583333333333 0.08222355769230771 0.41767628205128204 0.15741586538461547 0.4530608974358975
0 0.1730489928896343 0.5420342461557314 0.14081004611973902 0.4653350525332354 0.03770058927586841 0.5423838774275562 0.06993953604576368 0.6190830710500522
0 0.42477870171673826 0.6166253129470672 0.36205740343347637 0.5970527092274678 0.34355133449570807 0.7024812231759656 0.40627263277896997 0.7220538268955651
0 0.5332031250000002 0.4518229166666668 0.4640573497718054 0.42292617478025707 0.44924014325557826 0.485958100912779 0.518385918483773 0.5148548427991888
0 0.6526470654934688 0.4585468825592647 0.6436794153664731 0.31107885824866954 0.5289354476596516 0.32348361151427185 0.5379030977866474 0.470951635824867
0 0.5858593750000001 0.20906250000000004 0.5667578125 0.1751041666666667 0.5326953124999999 0.20916666666666667 0.551796875 0.24312500000000004
0 0.6205795458412742 0.16196066169797624 0.6149642449972774 0.10410604694164628 0.5142610561870405 0.12148228344223616 0.5198763570310373 0.17933689819856616
0 0.6627296850949205 0.08706855545578929 0.5980616061121087 -0.05141258337609032 0.5033626018150332 0.027205457927142143 0.568030680797845 0.16568659675902175
0 0.7818580483490567 0.8832301493710694 0.766380454009434 0.8643130896226415 0.740234375 0.9023437500000001 0.7557119693396227 0.921260809748428