0 0.025465061129848234 0.1443608593310849 0.024435471121416533 0.03865628513209669 -0.000976233136593586 0.0390963146430579 0.00005335687183811097 0.14480088884204612
0 0.08033088235294117 0.038848039215686275 0.04579503676470588 0.02861519607843138 0.0390625 0.06901041666666667 0.07359834558823529 0.07924325980392158
0 0.21989728106162088 0.030572358506363025 0.17532861687876755 -0.055689572170127245 0.10813025891661084 0.006033364032150054 0.15269892309946415 0.09229529470864033
0 0.5556640625 0.26562500000000017 0.501953125 0.1940104166666668 0.435546875 0.28255208333333337 0.4892578125000001 0.3541666666666668
0 0.6068474264705882 0.5408241421568628 0.5172334558823529 0.34168198529411753 0.414407169117647 0.4239430147058822 0.5040211397058824 0.6230851715686275
0 0.6035156249999999 0.3710937500000001 0.5576171874999999 0.3359375000000001 0.5330987544673247 0.3928444803721353 0.5789971919673247 0.4280007303721353
0 0.6610428370786516 0.6399315308988764 0.6003335674157304 0.5419446395131087 0.4900983146067416 0.6633631788389514 0.5508075842696629 0.7613500702247191
0 0.26846621581094043 0.7009247040946897 0.21221996461132436 0.6198076615483045 0.19086117442418424 0.6461367362444018 0.24710742562380034 0.727253778790787
0 0.3446074695121951 0.808466717479675 0.30274536819887443 0.7420189376172609 0.19721065900562854 0.8602178119136962 0.2390727603189493 0.9266655917761103
0 0.31640625 0.7643229166666666 0.2852863808744795 0.6987369559290105 0.24318497639054132 0.7342510658338292 0.2743048455160618 0.7998370265714853
0 0.32421875 0.99609375 0.315234375 0.96015625 0.27597656249999997 0.9776041666666667 0.28496093749999996 1.0135416666666666
0 0.6909645285757947 0.493075718215159 0.5847126184290954 0.4718253361858192 0.5726715311735942 0.5788572229013855 0.6789234413202936 0.6001076049307255
0 0.654296875 0.1679687500000001 0.6354195926966293 0.1267819522471911 0.5963132022471911 0.15864641853932598 0.6151904845505618 0.199833216292135
0 0.70453125 0.1222916666666667 0.680390625 0.07937500000000004 0.6367968749999999 0.12296875000000002 0.6609375 0.16588541666666667
0 0.748046875 0.11718750000000012 0.6875 0.11718750000000012 0.6875 0.1992187500000001 0.748046875 0.1992187500000001
0 0.7451171875 0.2265625000000001 0.715252672551455 0.22430857434350615 0.7121836741483322 0.29660053672817616 0.7420481890968772 0.2988544623846701
0 0.8445795946782179 0.21887376237623776 0.7860709313118812 0.20125825082508264 0.756209390470297 0.37758353960396046 0.8147180538366336 0.39519905115511567
0 0.6431993827368138 0.09130000897021891 0.6396484375 0.023437500000000007 0.590198003565662 0.028037540365984936 0.5937489488024758 0.09590004933620383
0 0.6141980629388163 0.026236260865931154 0.5897840004388164 -0.02194082246740218 0.5654296875 -5.921189464667501e-17 0.58984375 0.04817708333333327
0 0.6572265625000001 1.0362081563168128e-16 0.6251193085407241 -0.0020385558069380655 0.6241427460407241 0.025305194193061934 0.6562500000000001 0.027343750000000104