0 0.3251953125 5.3660779523549233e-17 0.2871594222240473 -0.0013003723171265357 0.28662558516754266 0.026459154621112622 0.32466147544349544 0.027759526938239205
0 0.037109375000000014 0.06510416666666667 6.517895561868238e-18 0.06510416666666667 1.1002686086089501e-17 0.16276041666666666 0.037109375000000014 0.16276041666666666
0 0.06292938351167318 0.16922523508430606 0.0009765625000000152 0.16406249999999997 -0.003929049124513596 0.2687155479896239 0.058023771887159556 0.27387828307393003
0 0.49528556034482757 0.11988146551724145 0.36833243534482757 0.05217313218390808 0.3485317887931034 0.11817528735632189 0.4754849137931035 0.18588362068965525
0 0.614296875 0.2790104166666667 0.6060937499999999 0.2024479166666666 0.4898828124999999 0.2245833333333333 0.49808593749999996 0.30114583333333333
0 0.580078125 0.15625000000000008 0.50390625 0.15625000000000006 0.50390625 0.20703125000000008 0.580078125 0.2070312500000001
0 0.4847167280706904 0.37522628972913735 0.41674907893964297 0.35077232072960707 0.4013015940582433 0.4271010695553469 0.46926924318929064 0.4515550385548772
0 0.6341796875 0.521875 0.6259765625 0.44531250000000006 0.5636328125 0.4571875 0.5718359375 0.53375
0 0.5265969669117647 0.5637254901960785 0.493704044117647 0.49480698529411765 0.3812270220588235 0.5902420343137255 0.4141199448529411 0.6591605392156864
0 0.34649493243243257 0.687324042792793 0.2919921875 0.6354166666666669 0.2708773226351352 0.6748310810810811 0.3253800675675677 0.7267384572072075
0 0.10236557575214902 0.5948431530563515 0.061769676755014345 0.5798076349092647 0.04826849032951295 0.6446133297516714 0.08886438932664761 0.6596488478987583
0 0.4551499183458814 0.7651682905225865 0.3984375000000001 0.7539062500000001 0.3940901101638619 0.7928257399616181 0.4508025285097433 0.8040877804842045
0 0.6087173554766733 0.7907184964503042 0.5755597901876268 0.7325473292765383 0.5239089439655172 0.7848868534482759 0.5570665092545638 0.8430580206220418
0 0.5344798018292682 0.8070757113821138 0.5206078506097562 0.7985391260162602 0.5056592987804879 0.8417238313008131 0.51953125 0.8502604166666666
0 0.998702463794166 0.9734854320734045 0.9816587600143798 0.9022806251711862 0.8532034780710764 0.9569424472747194 0.8702471818508627 1.0281472541769376
0 0.82421875 0.9765625000000002 0.7851562500000002 0.9765625000000002 0.7851562500000002 0.9986979166666669 0.82421875 0.9986979166666669
0 1.0003623444570136 0.4150935614630468 0.9995625353506787 0.3926989064856713 0.97422935520362 0.39430736236802416 0.9750291643099548 0.41670201734539974