0 0.1311206432074911 0.000040254657154202106 0.08989135887336505 -0.0013005350772889214 0.08963009066587396 0.012982126932223566 0.130859375 0.014322916666666689
0 0.24609375 0.6106770833333335 0.2255859375 0.5833333333333335 0.208984375 0.6054687500000001 0.2294921875 0.6328125000000001
0 0.4453125 0.7799479166666666 0.43251232172818793 0.755566624720358 0.4028222000838926 0.7832774049217003 0.41562237835570465 0.807658696868009
0 0.26367187500000006 0.25390625000000006 0.2419063107976654 0.2520924529831388 0.2399531857976654 0.2937591196498055 0.26171875000000006 0.29557291666666674
0 0.2646484375 4.3213448251163115e-17 0.23046875 4.042291192498099e-17 0.23046875 0.03515625000000004 0.2646484375 0.03515625000000004
0 0.10882812499999998 0.8840104166666668 0.10080280172413789 0.8400197557471264 0.047774784482758605 0.8572180316091953 0.055800107758620696 0.9012086925287357
0 0.4806915897651007 0.13927048378076065 0.4729446308724833 0.08073790548098432 0.43227637374161076 0.09030690715883667 0.4400233326342282 0.148839485458613
0 0.48719658771106944 0.5328476782363978 0.48035148921200754 0.4278895012507818 0.4375366439962477 0.4328535412757974 0.4443817424953096 0.5378117182614134
0 0.3515625 0.05729166666666673 0.298828125 0.05729166666666672 0.298828125 0.16796875000000006 0.3515625 0.16796875000000006
0 0.665702846975089 0.5624675637603797 0.6424703903469751 0.46334241548042704 0.5886447675711743 0.4857697583036773 0.6118772241992882 0.5848949065836299
0 0.8629501893294759 0.20003066853868864 0.8058648261997957 0.14161773882459747 0.71875 0.2929687500000001 0.77583536312968 0.3513816797140913
0 0.9092170601081531 0.6604378986411538 0.8395057716306156 0.51856931156406 0.751717515079035 0.5952579034941766 0.8214288035565722 0.7371264905712702