0 0.3425040409482759 0.10326867816091961 0.3212890625 0.09114583333333341 0.3030037715517241 0.14803340517241387 0.32421875 0.16015625000000008
0 0.2604666356292154 0.3681198463601697 0.23825056827883548 0.2804646146375822 0.07839421542837022 0.35249184488744706 0.10061028277875013 0.4401470766100345
0 0.0849979043933317 0.30495810092337267 0.0009765625000000334 0.2604166666666667 -0.03470775100275757 0.3800852735648033 0.0493135908905741 0.42462670782150924
0 0.06353860294117648 0.23303921568627448 0.0009765625000000221 0.19791666666666663 -0.01558593749999997 0.2503645833333333 0.04697610294117649 0.28548713235294115
0 0.03741901676829274 0.3960238821138212 0.0009765625000000334 0.39062500000000006 -0.005168635670731675 0.46436737804878053 0.03127381859756103 0.46976626016260165
0 0.466796875 0.2968750000000001 0.40234375 0.2968750000000001 0.40234375 0.4674479166666668 0.466796875 0.4674479166666668
0 0.6373472308168316 0.38875567244224435 0.4992748298267327 0.3703460189768978 0.48983794863861396 0.4961711014851486 0.6279103496287128 0.5145807549504952
0 0.7684265525477708 0.39046078821656066 0.7255859375000001 0.3802083333333334 0.7179575537420383 0.4368763269639067 0.760798168789809 0.4471287818471339
0 0.8852275674273858 0.34860174619640394 0.8340492090248963 0.3304049965421854 0.8175651581950207 0.41282525069156306 0.8687435165975103 0.4310220003457816
0 0.49548593101659744 0.6239140300829876 0.47100298236514515 0.6050149118257262 0.4462201763485477 0.6620904650760718 0.470703125 0.6809895833333334
0 0.31640625000000006 0.7669270833333334 0.29785156250000006 0.7213541666666665 0.25927549653215637 0.7492758906052963 0.27783018403215637 0.794848807271963
0 0.30859600534064674 0.804149225365666 0.2951180896362587 0.7786909401462664 0.22039188799076212 0.8490214828714397 0.23386980369515015 0.8744797680908394
0 0.28417968750000006 0.9166666666666669 0.26464843750000006 0.8906250000000002 0.23437500000000008 0.9309895833333336 0.2539062500000001 0.9570312500000002