0 1 0.19010416666666685 0.966796875 0.19010416666666685 0.966796875 0.2734375000000001 1 0.2734375000000001
0 0.9290012668918919 0.10575028153153158 0.9008921030405406 0.05327984234234246 0.8737331081081081 0.07914555180180181 0.9018422719594594 0.13161599099099094
0 0.8361174847651606 0.06322458382877529 0.834949325579667 -0.0006347849782005569 0.7573944708680143 0.0018873241181133539 0.7585626300535078 0.0657466929250892
0 0.8657345655487804 0.21303353658536583 0.8604706554878048 0.14986661585365854 0.8075219131097562 0.1577108739837398 0.8127858231707318 0.2208777947154471
0 0.6474609374999999 1.0732155904709847e-16 0.6055141469594594 -0.0013006756756755702 0.605073902027027 0.023940033783783884 0.6470206925675674 0.02524070945945956
0 0.5664725325226245 0.035904506033182584 0.48778192166289597 0.030908276772247438 0.48495386736425344 0.1100937971342384 0.563644478223982 0.11509002639517354
0 0.34765624999999994 0.17317708333333337 0.3337632665094339 0.14610357704402518 0.3175891804245282 0.1608588836477988 0.3314821639150942 0.18793238993710698
0 0.40109675480769236 0.10128205128205134 0.3789212740384616 0.07828525641025645 0.35094651442307695 0.1262419871794872 0.3731219951923077 0.14923878205128208
0 0.21646768115303244 0.051613187588152365 0.1476165814527504 0.03424534261871182 0.14247757625176308 0.07046309355900332 0.21132867595204513 0.08783093852844386
0 0.22253778176229505 0.14696038251366123 0.19042968750000003 0.13020833333333337 0.17720286885245903 0.17527749316939897 0.2093109631147541 0.19202954234972683
0 0.25546875 0.25494791666666666 0.2490234375 0.2291666666666666 0.228515625 0.23828124999999994 0.2349609375 0.2640625
0 0.19319047667425232 0.41500392826181187 0.1407532611345904 0.3904387462071955 0.13281250000000006 0.42057291666666674 0.18524971553966196 0.44513809872128307
0 0.2864137414383562 0.4482198915525116 0.2785209760273973 0.42506777968036535 0.2346693065068493 0.4516445490867581 0.24256207191780818 0.47479666095890427
0 0.11523437500000003 0.6028645833333334 0.11230468750000003 0.5833333333333334 0.09540264423076923 0.5878405448717949 0.09833233173076923 0.6073717948717949
0 0.35472454762895184 0.629872521491958 0.3193359375 0.5989583333333335 0.2989906146006656 0.6403628501109263 0.33437922472961745 0.6712770382695509
0 0.450876165528065 0.6795220950270802 0.4365234375 0.6588541666666666 0.40334050729320536 0.6998207471688823 0.41769323532127034 0.7204886755292959
0 0.6308593750000001 0.7981770833333334 0.6297179232312724 0.7357777199762189 0.5659696417954816 0.7378508348196591 0.5671110935642093 0.8002501981767736
0 0.603475967639594 0.6036048540609138 0.5858829711294415 0.5765387055837564 0.5568835263324873 0.6100491751269036 0.5744765228426396 0.637115323604061
0 0.6330334417420815 0.5419907145550529 0.607421875 0.5403645833333335 0.6067369555995475 0.5595423265460031 0.6323485223416291 0.5611684577677226
0 0.5156253961713995 0.5076529749830967 0.4560546874999999 0.45052083333333337 0.43893453663793097 0.4822557471264368 0.49850524530933055 0.5393878887762001
0 0.6272353684971097 0.46890805635838173 0.6142578125 0.4453125000000002 0.5875858020231213 0.4713917991329482 0.6005633580202311 0.4949873554913297
0 0.5286214081684857 0.3057781946339246 0.4935157848738063 0.25148149727148716 0.4526773533424285 0.2984222231696227 0.4877829766371078 0.3527189205320601
0 0.5387500000000001 0.2666145833333334 0.5361328125 0.24218750000000006 0.5027734374999999 0.24854166666666674 0.5053906249999999 0.2729687500000001
0 0.6037146226415094 0.2139494889937108 0.57421875 0.21223958333333345 0.573776533018868 0.22580090408805045 0.6032724056603774 0.2275108097484278
0 0.7501400353773585 0.29726316823899385 0.7286925117924529 0.27104952830188694 0.6986143867924529 0.3147995283018869 0.7200619103773584 0.34101316823899386
0 0.833984375 0.2291666666666668 0.81640625 0.2291666666666668 0.81640625 0.2877604166666668 0.833984375 0.2877604166666668
0 0.995141006097561 0.4573170731707317 0.979301638719512 0.44042174796747957 0.9506240472560974 0.4882177337398373 0.9664634146341463 0.5051130589430894
0 0.921875 0.6588541666666669 0.8505859375 0.6588541666666669 0.8505859375 0.7122395833333336 0.921875 0.7122395833333336
0 0.7939453125000001 0.6354166666666666 0.7673828125000001 0.6333333333333333 0.7656250000000001 0.6731770833333335 0.7921875 0.6752604166666668
0 0.6664467865566038 0.5887431210691825 0.6513671874999999 0.5703125 0.6210863797169811 0.6143573113207548 0.6361659787735849 0.6327879323899374
0 0.5546875 0.7122395833333333 0.5498046875 0.6901041666666665 0.5385959892515924 0.6944997346072186 0.5434788017515924 0.7166351512738853
0 1 0.6354166666666669 0.9921875 0.6354166666666669 0.9921875 0.6679687500000002 1 0.6679687500000002