0 0.047718256273234214 0.0002518974597273972 0.00001669958178438706 -0.000523737608426278 -0.0019525441449814419 0.21478024318463443 0.04574901254646839 0.2155558782527881
0 0.08659192215180209 0.2900527832926084 0.050979903214722046 0.23343880446955811 -0.0171307078497251 0.3096055093158216 0.018481311087354936 0.3662194881388719
0 0.07358685661764715 0.6763174019607843 0.027343750000000132 0.6393229166666666 0.005629595588235415 0.6875765931372549 0.05187270220588243 0.7245710784313725
0 0.03320312500000004 0.3854166666666667 4.706040190082847e-17 0.3854166666666667 5.872085726380376e-17 0.6393229166666666 0.033203125000000056 0.6393229166666666
0 0.279296875 0.7851562499999999 0.25675084284232363 0.6724260892116182 0.18089503371369292 0.6993970435684648 0.2034410658713693 0.8121272043568464
0 0.20334020919958426 0.4408864994802496 0.17089843750000006 0.42447916666666674 0.16283621361746367 0.45281910516285523 0.1952779853170479 0.46922643797643804
0 0.173828125 0.9986979166666667 0.17334254143646408 0.9863964663904238 0.13643819060773482 0.9889862453959487 0.13692377417127072 1.0012876956721917
0 0.5236902573529412 0.8435355392156865 0.5068359375000001 0.8385416666666667 0.4945427389705883 0.9123008578431373 0.5113970588235295 0.917294730392157
0 0.6366291868093922 0.47023768416206274 0.6105252935082872 0.39039048112338864 0.5362051104972374 0.43358511740331507 0.5623090037983424 0.513432320441989
0 0.5097656250000001 0.3242187500000001 0.43110807009219104 0.30700018076644986 0.4193033148047724 0.4028691024945771 0.49796086971258147 0.42008767172812733
0 0.5473127693965518 0.0607040229885059 0.4494881465517242 0.004804238505747212 0.3985721982758621 0.16320941091954028 0.49639682112068967 0.21910919540229895
0 0.5777238624291783 0.2268907872993391 0.5685170635623228 0.20080485717658178 0.5245911163243626 0.2283662358356941 0.5337979151912181 0.25445216595845144
0 0.7097448888091822 0.3466108470827356 0.6807980070839311 0.14310549677187953 0.5865974152618364 0.16692633608321383 0.6155442969870875 0.37043168639406987
0 0.7081133868243243 0.20097832207207222 0.6943359375000001 0.19791666666666682 0.6873944256756757 0.2534487612612614 0.701171875 0.25651041666666685