0 0.09794516778632925 0.19426757218018958 0.05727349253195931 0.1615255946169232 -0.016673155002608908 0.3248244412557613 0.023998520251761035 0.35756641881902773
0 0.14062500000000006 0.5716145833333334 0.09890625000000006 0.5298958333333333 0.06703125000000007 0.5865625 0.10875000000000005 0.6282812500000001
0 0.339867568597561 0.46252540650406504 0.33098323170731714 0.3559133638211383 0.2576695884146341 0.36677464430894313 0.266553925304878 0.4733866869918699
0 0.259765625 0.2122395833333334 0.21583091450542818 0.185324625552875 0.19450321358564535 0.2472167772416567 0.23843792408021716 0.2741317350221151
0 0.47757594603428233 0.2185737156207632 0.41703474542417196 0.17267319751113702 0.39992078551714116 0.21280248281038164 0.4604619861272516 0.2587030009200078
0 0.276749366554054 0.0219115990990991 0.2763671875 -3.7007434154171884e-18 0.234375 0.0013020833333333324 0.23475717905405405 0.023213682432432433
0 0.5254434121621623 0.032129786036036036 0.5246211505977132 -0.0018570252945253015 0.470305191008316 0.00047914501039501384 0.4711274525727651 0.03446595634095635
0 0.5966796875 5.921189464667501e-17 0.5515937797902766 -0.031048170877025664 0.5018099454837941 0.09747179853829054 0.5468958531935175 0.12851996941531627
0 0.683984375 0.02578125000000009 0.6078125 -0.008072916666666577 0.5937500000000001 0.04817708333333339 0.6699218750000001 0.08203125000000006
0 0.6210814352143759 0.13048911044556538 0.5826383689312736 0.08915248003362759 0.5547761664564943 0.13521798812526278 0.5932192327395965 0.17655461853720056
0 0.8036493220613655 0.6717860937049842 0.7259399308556611 0.5596574744309997 0.6371758859118408 0.6690207703111497 0.7148852771175453 0.7811493895851339
0 0.49609375 0.9986979166666666 0.4953194997070165 0.8799795384091939 0.36912319956903067 0.88144268391804 0.36989744986201417 1.0001610621755128
0 0.8294651003649636 0.8851220346715329 0.8089073905109488 0.8097437652068127 0.7546475821167882 0.8360515510948905 0.7752052919708029 0.9114298205596107