0 0.04054457720588235 0.0672794117647059 0.014648437499999997 0.013020833333333336 -0.011259191176470586 0.035003063725490204 0.01463694852941177 0.08926164215686276
0 0.15922660557232876 0.24136707469152013 0.09608205893935425 0.19850532182550104 0.02557265686531902 0.3831728034479741 0.08871720349829353 0.42603455631399323
0 0.04757920011467889 0.5531202217125382 0.04636073681192661 0.49950783639143737 0.005441872133027525 0.5011611238532111 0.006660335435779813 0.5547735091743119
0 0.05132556352459021 0.4204021516393443 0.003602074795082022 0.41461748633879786 -0.0009605532786884808 0.4815360314207651 0.046762935450819706 0.48732069672131156
0 0.09479201575067023 0.5924863159070598 0.0830078125 0.5520833333333334 0.036776872486595204 0.5760549318588025 0.048561075737265424 0.616457914432529
0 0.019001380126182972 0.6994076958464774 0.016071692626182982 0.6668556125131441 0.000976562500000011 0.6692708333333334 0.00390625 0.7018229166666666
0 0.08795640382124363 0.733781303972366 0.06680598283678767 0.7263601036269428 0.06255565900259075 0.7478950777202071 0.08370607998704671 0.7553162780656303
0 0.23346794372775798 0.9476201067615658 0.20384091414590744 0.8722058496441281 0.16632840302491106 0.8984050637603794 0.1959554326067616 0.9738193208778173
0 0.1520084196570183 0.9898043054454139 0.11791624330888188 0.925538593708697 0.0764165964512292 0.9646764720459954 0.11050877279936562 1.0289421837827122
0 0.4219931934012875 0.9435264663805436 0.3702554989270385 0.8611912106580829 0.3148932068133046 0.923037374821173 0.3666309012875536 1.0053726305436337
0 0.5588201824464922 0.9173262237415775 0.557561450282402 0.8485155321046374 0.5288532996432819 0.8494491304994055 0.5301120318073722 0.9182598221363456
0 0.6550942332474226 0.8247879080756015 0.6522793170103092 0.7860046176975946 0.5866140463917524 0.7944775558419244 0.5894289626288659 0.8332608462199314
0 0.7485514414923686 0.8467214586866407 0.6943359375 0.8098958333333336 0.6622004619488411 0.8940034977388358 0.7164159659412098 0.9308291230921426
0 0.77578125 0.67734375 0.764453125 0.6320312499999999 0.690625 0.6648437499999998 0.701953125 0.71015625
0 0.8051171874999999 0.8748958333333334 0.7750390624999999 0.8691666666666668 0.7707031249999999 0.9096354166666667 0.8007812499999998 0.9153645833333334
0 1 0.5234375000000001 0.919921875 0.5234375000000001 0.919921875 0.6601562500000002 1 0.6601562500000002
0 0.7936404490788126 0.22873619285226898 0.7607421874999998 0.171875 0.7362531585849537 0.19706371545547607 0.7691514201637664 0.25392490830774506
0 0.6409872264465876 0.08477064787339282 0.6146171411350149 0.07492581602373898 0.6054687500000001 0.11848958333333341 0.6318388353115728 0.12833441518298724
0 0.9080881609799484 0.21833562419146182 0.8897065511804658 0.027166882276843475 0.8083120249838294 0.04108047649849071 0.8266936347833118 0.23224921841310905