0 0.038201507026627224 0.4319218441814596 0.015226285133136097 0.3575258875739645 -0.021022096893491125 0.3774269600591716 0.001953125 0.4518229166666667
0 0.1770919888005781 0.48102119460500975 0.12890625000000006 0.4700520833333334 0.12376151553468215 0.5102300096339114 0.17194725433526017 0.5211991209055877
0 0.12319555416263901 0.5195721564362816 0.05786593009908171 0.5015978683341389 0.04774158711938138 0.5670166998952796 0.1130712111829387 0.5849909879974223
0 0.16443394137277526 0.6021839293561855 0.15107943309162822 0.5392693570094486 0.07687162677158868 0.5672723027905955 0.09022613505273569 0.6301868751373324
0 0.2614582967784952 0.6593264551749952 0.25783114296743403 0.6276224440857197 0.1823885369876474 0.6429667029290661 0.18601569079870858 0.6746707140183418
0 0.44614681177745663 0.5053995062620424 0.4258252799855491 0.4862069484585742 0.3859239523121387 0.5613153299614644 0.4062454841040462 0.5805078877649327
0 0.4491038602941176 0.35094975490196073 0.44025735294117646 0.3037683823529412 0.41015625 0.3138020833333333 0.4190027573529411 0.3609834558823529
0 0.37566417819788966 0.3138218483894854 0.3544921875 0.20833333333333334 0.32050448618567196 0.2204604004689621 0.3416764768835616 0.3259489155251141
0 0.39039382863466915 0.19819455770425604 0.37792968749999994 0.13020833333333337 0.34528810869058707 0.14084707013047534 0.3577522498252562 0.20883329450139804
0 0.35156250000000006 0.13932291666666663 0.3414872332317074 0.07663236788617886 0.2839319740853658 0.09307672764227642 0.2940072408536585 0.1557672764227642
0 0.5102048649017468 0.19938364264919947 0.4971769241266376 0.1766682587336246 0.45701419213973793 0.21761849526928692 0.4700421329148471 0.24033387918486182
0 0.4500450721153847 0.7119391025641025 0.3538912259615385 0.6862980769230769 0.3442007211538462 0.7509014423076923 0.44035456730769235 0.776542467948718
0 0.5405152819075938 0.7037158813662703 0.43631704597438253 0.69529582189692 0.43065959515096075 0.819759740012199 0.5348578310841721 0.8281797994815494
0 0.4588524070945946 0.9541807432432433 0.41728251689189194 0.876583614864865 0.35594383445945954 0.9350014076576579 0.3975137246621622 1.0125985360360361
0 0.7498586268095769 0.8772126716778028 0.6957453194599111 0.8519597949146254 0.68511840548441 0.8924432767260583 0.7392317128340758 0.9176961534892356
0 0.03132918074324333 0.9433769707207208 0.0085251266891893 0.9383094031531533 0.0035895270270271283 0.9777942004504505 0.026393581081081162 0.9828617680180182