0 0.646484375 0.0013020833333334332 0.6103515625 9.992007221626409e-17 0.6096244867700731 0.035869069343065794 0.6457572992700731 0.03717115267639913
0 0.5214843749999999 0.06380208333333333 0.5068359374999999 0.015625 0.47401265487766614 0.03336731493099121 0.48866109237766614 0.08154439826432454
0 0.14298458614864867 0.05950168918918922 0.012399704391891907 0.03201013513513514 -0.021964738175675666 0.32219876126126124 0.1086201435810811 0.3496903153153153
0 0.248046875 0.3385416666666667 0.2001953125 0.3385416666666667 0.2001953125 0.40234375 0.248046875 0.40234375
0 0.248046875 0.3385416666666667 0.2001953125 0.3385416666666667 0.2001953125 0.40234375 0.248046875 0.40234375
0 0.2060546875 0.3997395833333333 0.1771484375 0.32265625 0.09394531249999999 0.378125 0.1228515625 0.4552083333333333
0 0.03384762548135835 0.3703418099801622 0.000976562500000034 0.3697916666666667 -0.0019522019407491383 0.6808915339284671 0.030918861040609168 0.6814416772419627
0 0.14581849127956814 0.48934987787110057 0.010303621550394328 0.48600383170494804 0.006318027939664081 0.7729665716775227 0.14183289766883792 0.7763126178436752
0 0.11729972375690614 0.7794055018416208 0.0796853418508288 0.7655703268876614 0.06387905732044208 0.8419673687845304 0.1014934392265194 0.8558025437384899
0 0.27713527036516855 0.7802844101123596 0.22064826193820225 0.7629037921348316 0.21455846207865167 0.798089302434457 0.271045470505618 0.815469920411985
0 0.4015720126295337 0.713087219343696 0.36564139410621765 0.5952606865284975 0.2325340025906736 0.667421470207254 0.26846462111398967 0.7852480030224525
0 0.5541784702549577 0.5847755842776206 0.49802474327195484 0.5495418732294619 0.4438462730169973 0.7030475389518415 0.5000000000000001 0.7382812500000001
0 0.62109375 0.2903645833333333 0.6181960809426229 0.24786543715846993 0.5975922131147542 0.2503628756830601 0.6004898821721312 0.2928620218579235