0 0.125 1.570673303593936e-17 0.060546875 1.0444578820853077e-17 0.060546875 0.08723958333333333 0.125 0.08723958333333334
0 0.1533203125 0.2578125 0.12738475483425415 0.2559924608655617 0.126402796961326 0.2808687269797422 0.15233835462707185 0.2826887661141805
0 0.09122440732758624 0.4075969827586208 0.06883081896551727 0.3948006465517242 0.06044585129310347 0.42088721264367823 0.08283943965517244 0.4336835488505748
0 0.015625000000000132 0.7096354166666667 0.0009765625000001331 0.7005208333333335 -0.006308451186131237 0.7213351581508517 0.008339986313868763 0.730449741484185
0 0.21756310096153847 0.7762019230769232 0.14352463942307697 0.7492788461538461 0.1105769230769231 0.9103565705128206 0.1846153846153846 0.9372796474358975
0 0.513671875 0.8528645833333334 0.493696990656749 0.8011648826802129 0.4537528914187228 0.8286012336719886 0.4737277757619739 0.880300934325109
0 0.5109052465596331 0.893606651376147 0.47546229931192674 0.8853879969418962 0.46651017775229364 0.9540209288990827 0.5019531250000001 0.9622395833333336
0 0.336985518292683 0.9861216971544716 0.2808212652439025 0.9778010670731708 0.2792968750000001 0.99609375 0.3354611280487806 1.0044143800813008
0 0.6162398298816567 0.6407174556213018 0.4721246301775149 0.627465483234714 0.46548631656804745 0.7558062130177514 0.6096015162721893 0.7690581854043393
0 0.845703125 0.7421875000000002 0.767578125 0.7421875000000002 0.767578125 0.8789062500000002 0.845703125 0.8789062500000002
0 0.9027458639705882 0.6671262254901962 0.8622472426470587 0.5771292892156864 0.829790900735294 0.6030943627450982 0.8702895220588236 0.693091299019608
0 1.0820312500000004 0.9075520833333336 0.9513221153846156 0.646133814102564 0.8611778846153847 0.7262620192307693 0.9918870192307694 0.9876802884615387
0 0.9695312499999998 0.31432291666666673 0.9640624999999998 0.29244791666666675 0.8966796875 0.3223958333333334 0.9021484375 0.3442708333333334
0 0.9053714117498834 0.32942223762081996 0.8169150498139246 0.1888614433116246 0.7304390700108543 0.2856085165012664 0.8188954319468135 0.4261693108104617
0 0.7892145079185519 0.20225419494720973 0.7451171874999999 0.1692708333333334 0.7311934389140271 0.20236496040723986 0.7752907593325791 0.2353483220211162
0 0.6140910823170733 0.2598132621951221 0.5911537728658537 0.25641514227642287 0.5883908155487805 0.28957063008130096 0.6113281250000001 0.2929687500000001
0 0.7392845676369862 0.09539098173515986 0.7261745505136986 0.05693493150684941 0.6902691566780821 0.07869577625570787 0.7033791738013697 0.11715182648401831