0 0.33385363843813387 0.03199216108857335 0.32926795448782964 -0.0059161595672751885 0.2903361910496958 0.0024562626774847773 0.29492187500000006 0.04036458333333331
0 0.412109375 0.0013020833333333933 0.322265625 0.0013020833333333862 0.322265625 0.02604166666666672 0.412109375 0.026041666666666727
0 0.2865759851094003 0.13025898163155056 0.25195312499999994 0.12630208333333337 0.25053338989059964 0.14838685170178284 0.28515625 0.15234375000000003
0 0.3714904060273159 0.28226444972288206 0.3704280173693587 0.2411854216152019 0.3359189429928741 0.24277204572446556 0.33698133165083133 0.28385107383214575
0 0.417001512765252 0.3725851016799293 0.39861260775862073 0.3306663074712644 0.330792025862069 0.38355783045977015 0.3491809308687003 0.42547662466843506
0 0.41231897865853656 0.327953506097561 0.4005811737804878 0.28547383130081305 0.35786013719512194 0.30645960365853664 0.3695979420731707 0.34893927845528455
0 0.3911868578767124 0.469445633561644 0.35645869006849323 0.4483982591324202 0.33859963613013705 0.5007848173515982 0.37332780393835624 0.5218321917808221
0 0.4168523728542731 0.45149858473338217 0.39355468749999994 0.38802083333333337 0.3684094514700511 0.40442765400535674 0.3917071368243243 0.4679054054054055
0 0.4550781249999999 0.5455729166666666 0.4521484374999999 0.46614583333333337 0.3873397704423593 0.4703955819928508 0.3902694579423593 0.5498226653261842
0 0.683633273608769 0.3449005761663857 0.6246212320826307 0.31753267284991576 0.6066906882377741 0.38626642425519964 0.6657027297639123 0.41363432757166957
0 0.7345252403846153 0.545272435897436 0.7041015625 0.5182291666666667 0.6605318509615384 0.6053685897435898 0.6909555288461537 0.632411858974359
0 0.5684618657178218 0.38691470709570974 0.550578202351485 0.3243218853135314 0.4839379641089108 0.35817089521452145 0.5018216274752475 0.42076371699669984
0 0.5397989241803279 0.7326886953551914 0.4890817110655739 0.7265411543715848 0.48357453893442626 0.8073130122950821 0.5342917520491804 0.8134605532786886
0 0.35952679727979275 0.6372517271157169 0.34054201748704666 0.5938579447322974 0.2973101522020726 0.6274827288428326 0.3162949319948187 0.6708765112262522
0 0.37132240853658544 0.7253810975609756 0.3610184832317073 0.6612677845528455 0.3039967606707317 0.6775597052845528 0.31430068597560973 0.741673018292683
0 0.3111966500486381 0.8615181177042801 0.3102086879863813 0.8404415937094681 0.2732437074416342 0.8435220087548638 0.274231669503891 0.8645985327496758
0 0.17938239381413917 0.8478863787533256 0.07223667331813007 0.8183289386164955 0.06290977765108333 0.8784355995819079 0.17005549814709242 0.907993039718738
0 0.26328732189119175 0.9048129857512954 0.21205877590673575 0.8447876187392056 0.14432480569948183 0.9475564011226254 0.19555335168393784 1.0075817681347152
0 0.933984375 0.8656250000000002 0.9248046875 0.8411458333333334 0.8880859375 0.865625 0.897265625 0.8901041666666669
0 0.8486729452054794 0.5949093892694065 0.8077135059931507 0.592886700913242 0.8064560145547945 0.638156392694064 0.8474154537671232 0.6401790810502284
0 0.8061857876712331 0.8859696061643838 0.7726348458904111 0.8656357020547946 0.762066566780822 0.8966359874429225 0.795617508561644 0.9169698915525117
0 1 0.3750000000000001 0.978515625 0.3750000000000001 0.978515625 0.3997395833333334 1 0.3997395833333334