0 0.9976983173076921 0.000749198717948829 0.9819981971153844 -0.017980769230769175 0.9528816105769229 0.02540865384615394 0.9685817307692306 0.04413862179487194
0 0.896484375 0.0013020833333334703 0.8459140504900077 -0.000020016653855869926 0.8456670950230591 0.016772955098642208 0.8962374195330515 0.01809505508583155
0 0.7138270547945205 0.11574272260273973 0.7127033390410958 0.07528895547945205 0.6794012200342465 0.07693350456621004 0.6805249357876713 0.11738727168949774
0 0.435546875 0.11328125000000003 0.4208984375 0.0625 0.38883295747422675 0.07894383591065293 0.40348139497422675 0.12972508591065296
0 0.4812527835510688 0.09411804730799683 0.4801903948931116 0.053039019200316714 0.4314202605403801 0.05528132422802852 0.4324826491983373 0.09636035233570864
0 0.3115234375 0.1653645833333334 0.2955979567307693 0.13351362179487178 0.25390625 0.17057291666666663 0.2698317307692307 0.20242387820512825
0 0.232421875 0.11848958333333336 0.17480468750000003 0.09375000000000003 0.16451799193128583 0.1363405290213431 0.2221351794312858 0.16108011235467642
0 0.1703515625 0.17437500000000003 0.1533984375 0.17114583333333336 0.15101562500000001 0.19338541666666667 0.16796875 0.19661458333333334
0 0.293303263121547 0.20116108425414367 0.26562500000000006 0.19921875000000003 0.2647833218232044 0.22054126381215475 0.2924615849447514 0.2224835980662984
0 0.239921875 0.3193229166666667 0.18195312500000005 0.30828125 0.17835937500000004 0.34182291666666664 0.236328125 0.3528645833333333
0 0.24991700601983005 0.4148039128895185 0.2158203125 0.39843750000000006 0.20347080825070823 0.44417640462700664 0.23756750177053826 0.4605428175165251
0 0.3730468749999999 0.4361979166666667 0.3597766804245282 0.4103380503144655 0.3445128242924528 0.4242629716981133 0.3577830188679245 0.4501228380503145
0 0.4215250180635839 0.37457098988439314 0.39849394869942206 0.3520517220616571 0.3771958544075146 0.3907755298651253 0.40022692377167635 0.4132947976878613
0 0.5945777311694022 0.2958980558812037 0.5150628755128958 0.2829688110590075 0.5077529674677609 0.3628904723524815 0.5872678231242674 0.37581971717467766
0 0.6254926023230087 0.32365412979351027 0.6245160398230087 0.30412287979351027 0.6181640625 0.30468749999999994 0.619140625 0.32421874999999994
0 0.6162109375000001 0.23958333333333345 0.5957031250000002 0.2382812500000001 0.5950314621040725 0.25708781108597295 0.6155392746040724 0.25838989441930627
0 0.8705078125 0.2958333333333333 0.8548828125 0.23333333333333328 0.7816406249999999 0.26588541666666665 0.7972656249999999 0.32838541666666665
0 0.9552757174124512 0.3414548881322958 0.918713521400778 0.2984405398832687 0.8972253465466924 0.3309115596627758 0.9337875425583656 0.37392590791180297
0 0.8970628483280254 0.4497578290870487 0.8831608280254777 0.3867353370488322 0.8333561405254777 0.40626658704883223 0.8472581608280254 0.46928907908704875
0 0.8642578124999998 0.5312500000000001 0.8603515624999998 0.4739583333333333 0.8420370133196722 0.4761782786885246 0.8459432633196722 0.5334699453551913
0 0.7822265625000001 0.5494791666666669 0.76171875 0.5221354166666669 0.7314453125 0.5625000000000002 0.7519531250000001 0.5898437500000002
0 0.6330544800884955 0.4774958517699115 0.6324408877212389 0.46522400442477874 0.6014587942477876 0.46797796828908556 0.6020723866150443 0.4802498156342183
0 0.5585937499999999 0.55859375 0.521484375 0.5091145833333335 0.482421875 0.5611979166666669 0.5195312499999999 0.6106770833333335
0 0.5723230698529411 0.5127144607843138 0.5625 0.4908854166666667 0.5309053308823529 0.5161611519607843 0.5407284007352942 0.5379901960784313
0 0.21875 0.71484375 0.20180799532569363 0.6656787168275031 0.1640625 0.6888020833333335 0.18100450467430637 0.7379671165058304
0 0.3187016553217822 0.7144595709570958 0.3112353032178218 0.6922519595709571 0.2683342357673267 0.7178939768976897 0.27580058787128714 0.7401015882838284
0 0.15136718750000006 0.8567708333333334 0.13153545673076925 0.8534655448717949 0.12937199519230774 0.8765424679487179 0.14920372596153852 0.8798477564102564
0 0.3907724056603773 0.8900108097484278 0.35511866155660377 0.8636006289308178 0.3377984964622641 0.905169025157233 0.3734522405660377 0.931579205974843
0 0.4899386655280649 0.9399387616937467 0.4755859375 0.9192708333333334 0.4414293297636632 0.961439484859675 0.45578205779172815 0.9821074132200884
0 0.5493398608078602 0.7642319414119361 0.49214059088427947 0.7059111171761283 0.47401234989082974 0.7375193322416306 0.5312116198144106 0.7958401564774384
0 0.6393425707547168 0.8593799135220125 0.6259765625 0.8333333333333334 0.594608637971698 0.8619496855345913 0.607974646226415 0.8879962657232704
0 0.7034494808306709 0.8389410276890311 0.6871443190894568 0.8188731363152292 0.6579036042332269 0.8611097244408946 0.6742087659744409 0.8811776158146966
0 0.641015625 0.7914062500000001 0.6298828125 0.7864583333333334 0.6251953125 0.8052083333333334 0.636328125 0.8101562500000002
0 0.6650390625000001 0.7942708333333336 0.6445312500000002 0.7929687500000002 0.6438463305995478 0.8121464932126699 0.6643541430995477 0.8134485765460032
0 0.658203125 0.7200520833333334 0.646484375 0.6940104166666666 0.6194852941176471 0.715609681372549 0.6312040441176471 0.7416513480392157
0 0.6621093750000002 0.9895833333333334 0.6250000000000002 0.9895833333333334 0.6250000000000002 0.9986979166666666 0.6621093750000002 0.9986979166666666
0 0.59375 0.9674479166666665 0.5908203125000001 0.9479166666666669 0.5780498798076924 0.9513221153846155 0.5809795673076923 0.9708533653846152
0 0.8395817454268292 0.8937690548780488 0.8284346417682926 0.8751905487804879 0.7992568597560974 0.9063135162601627 0.8104039634146339 0.9248920223577236
0 0.958984375 0.9283854166666666 0.9028424794935808 0.8776766078221588 0.8820128610912981 0.9186745868996673 0.9381547565977174 0.9693833957441751
0 0.734375 0.5234375000000001 0.720703125 0.5234375000000001 0.720703125 0.5481770833333335 0.734375 0.5481770833333336