0 0.1772370328608247 0.27135953608247415 0.15657820554123708 -0.013273195876288653 0.0537109375 0 0.07436976481958761 0.2846327319587628
0 0.18562499999999998 0.20239583333333336 0.178125 0.18906250000000002 0.16421875 0.20296875000000003 0.17171874999999998 0.21630208333333334
0 0.24836167279411767 0.5423835784313726 0.21484375000000006 0.5377604166666666 0.21257582720588236 0.5669914215686275 0.24609375 0.5716145833333334
0 0.36035156250000006 0.5312500000000001 0.33203125 0.4934895833333333 0.2705078125 0.5755208333333334 0.29882812500000006 0.6132812500000001
0 0.5512921976681128 0.4232889325741143 0.4727198007049891 0.40608900488069416 0.46091504541757045 0.5019579266088214 0.5394874423806941 0.5191578543022416
0 0.830859375 0.1648437500000002 0.821484375 0.16067708333333347 0.81640625 0.18098958333333345 0.82578125 0.1851562500000002
0 0.935546875 0.6184895833333335 0.9130859375 0.6093750000000001 0.9093013354238755 0.6259551614763553 0.9317622729238755 0.6350697448096887
0 0.953125 0.6822916666666669 0.93359375 0.6822916666666669 0.93359375 0.7226562500000002 0.953125 0.7226562500000002
0 0.9140625 0.75390625 0.8998346769274562 0.6048528654304923 0.7706069300992192 0.6267824224680113 0.7848347531717631 0.775835807037519
0 0.8268751047252012 0.844152144772118 0.8191024003016085 0.6334254915102769 0.7274631367292226 0.6394346235478104 0.735235841152815 0.8501612768096515
0 0.736328125 0.7239583333333336 0.720703125 0.7239583333333335 0.720703125 0.7851562500000001 0.736328125 0.7851562500000002
0 0.8273518080795679 0.9188589759332025 0.7459728788064833 0.8941986943352981 0.7319096113703341 0.9767031966273741 0.8132885406434186 1.0013634782252787
0 0.5996093750000002 0.9986979166666669 0.556064031505251 0.9547127212174253 0.5450677326429405 0.9740662072150916 0.5886130761376898 1.0180514026643332