0 0.05078125000000002 0.05598958333333335 0.02226002582209106 0.042762348931984266 0.006187091589376056 0.10437526349072512 0.03470831576728502 0.1176024978920742
0 0.373046875 0.0013020833333333907 0.2910763439119171 -0.00004722582037991844 0.2909043069948187 0.01853276122625221 0.37287483808290156 0.01988207037996552
0 0.29032846715328464 0.014277296228710473 0.29003763686131384 -0.0000703315085158048 0.251953125 0.0013020833333333333 0.2522439552919708 0.01564971107055961
0 0.3303786057692307 0.1165865384615385 0.3015324519230769 0.09094551282051286 0.27328725961538464 0.14743589743589747 0.30213341346153844 0.1730769230769231
0 0.10594019396551727 0.15207435344827586 0.0537109375 0.13281249999999997 0.045649574222035326 0.17167240503223996 0.09787883068755258 0.19093425848051584
0 0.25695337410795627 0.2790230539528293 0.16473894672411177 0.22820265841684387 0.1336932745596721 0.32834998797955267 0.2259077019435166 0.37917038351553806
0 0.24661045603474566 0.8569561649141523 0.14303827910697967 0.8552512731128722 0.14178788621990254 0.9902937049172 0.24536006314766853 0.9919985967184801
0 0.3105468750000001 0.8411458333333334 0.2734375000000001 0.8411458333333334 0.2734375000000001 0.86328125 0.3105468750000001 0.86328125
0 0.431640625 0.5065104166666667 0.4033203125 0.4348958333333334 0.34941487082902223 0.47279299232626326 0.3777351833290223 0.5444075756595965
0 0.3574218750000001 0.40234375 0.325512035472973 0.3892525337837838 0.317699535472973 0.42310670045045046 0.3496093750000001 0.4361979166666667
0 0.5701674659653465 0.3860483704620464 0.5518815748762377 0.32204775165016514 0.4839418316831683 0.3565568275577559 0.5022277227722772 0.4205574463696371
0 0.6853285343886464 0.34338951055312966 0.6174228984716158 0.326051901382824 0.6074901064410481 0.39521356441048044 0.6753957423580788 0.4125511735807861
0 0.7346055412798409 0.5447543656056588 0.7041015625000002 0.5182291666666667 0.6611276317970824 0.6060869805481877 0.6916316105769231 0.6326121794871796
0 0.53515625 0.7265625 0.482421875 0.7265625 0.482421875 0.8138020833333334 0.53515625 0.8138020833333334
0 0.845703125 0.6315104166666667 0.8339843749999998 0.5846354166666665 0.8011718749999999 0.5992187499999999 0.812890625 0.6460937500000001
0 0.9339668188202246 0.8606917134831463 0.9220615344101123 0.83529377340824 0.8864224894662922 0.86499297752809 0.8983277738764045 0.8903909176029965
0 0.7970305586283187 0.8731909107669618 0.7686411089601771 0.8706674041297936 0.7665324253318585 0.9128410766961653 0.7949218750000001 0.9153645833333335
0 1.0000808189655173 0.3989673132183908 0.9989964978448276 0.3743893678160919 0.9814789870689653 0.37576329022988497 0.982563308189655 0.40034123563218393