0 0.51953125 0.2929687500000001 0.466003607636731 0.23155719131966038 0.415004467060286 0.3105828866273049 0.468532109423555 0.37199444530764464
0 0.8307542067307689 0.16346153846153857 0.8191105769230769 0.16035657051282068 0.81640625 0.17838541666666682 0.8280498798076922 0.1814903846153847
0 1 0.18880208333333331 0.9990234375 0.15624999999999997 0.9856074031549522 0.15696552183173587 0.9865839656549522 0.1895176051650692
0 0.6299964088883676 0.46810995153220764 0.5273419178001876 0.3973137507817386 0.4681985078564727 0.5497723186366479 0.5708529989446528 0.6205685193871169
0 0.2512992891630902 0.3640468526466381 0.23528031115879836 0.3509030758226038 0.21546405579399144 0.3938382957796854 0.23148303379828325 0.40698207260371966
0 0.13063304384680205 0.3146591323261911 0.0009765625 0.19270833333333337 -0.06420649614296606 0.31591147714201645 0.06544998520383598 0.43786227613487416
0 0.20117187500000006 0.6992187500000001 0.1728063834519573 0.6270156806049823 0.14098643238434164 0.6492391384934757 0.16935192393238435 0.7214422078884936
0 0.052734375 0.5585937499999999 0.0478515625 0.5364583333333333 0.03463375796178345 0.5416417860934182 0.03951657046178345 0.5637772027600848
0 0.33984375 0.9388020833333334 0.30946487831858405 0.8422128502949853 0.24200601493362828 0.8799317846607672 0.27238488661504423 0.9765210176991151
0 0.9335937499999998 0.6184895833333334 0.913671875 0.6044270833333335 0.9061180320945945 0.6234515765765767 0.9260399070945944 0.6375140765765767
0 0.9577219893292683 0.6779090447154473 0.9345703125 0.6744791666666669 0.9310689786585366 0.7164951727642278 0.954220655487805 0.7199250508130083