0 0.9186127533783782 0.2270270270270271 0.8910261824324323 0.21570945945945957 0.879666385135135 0.2649352477477479 0.9072529560810809 0.2762528153153154
0 0.7649842870394061 0.1996545547594679 0.7336783121161717 0.1455454622995567 0.6992187499999998 0.1809895833333335 0.7305247249232343 0.2350986757932447
0 0.587890625 0.1549479166666667 0.5528658536585367 0.11107850609756097 0.5271998856707316 0.14750762195121953 0.5622246570121952 0.19137703252032529
0 0.4443359375 0.1171875000000001 0.41856977601931333 0.10914699570815459 0.40782758851931333 0.17034491237482124 0.43359375 0.1783854166666668
0 0.4350266049907292 0.3299694839307788 0.39758164979913463 0.29517215183353945 0.37595362716316433 0.336547499484961 0.41339858235475885 0.3713448315822003
0 0.6474484972133757 0.3910894373673035 0.6406685410031846 0.360353635881104 0.6132812499999999 0.3710937499999999 0.620061206210191 0.4018295514861994
0 0.5370703125000001 0.3870833333333335 0.5124609375000001 0.3823958333333335 0.5093359375000002 0.41156250000000016 0.5339453125000001 0.4162500000000001
0 0.1839611695544555 0.44370101072607265 0.09525835396039607 0.3469343028052805 0.009456219059405968 0.4867600041254125 0.0981590346534654 0.5835267120462047
0 0.30915228336801437 0.49160225921522005 0.21141126634958388 0.48842368955608406 0.20987500928953634 0.5724057421720176 0.3076160263079668 0.5755843118311534
0 0.3036556603773585 0.42148191823899384 0.28405070754716977 0.41401336477987427 0.2792231721698113 0.43654186320754723 0.2988281250000001 0.4440104166666668
0 0.15783673375184634 0.597336979935992 0.1276166682053176 0.5538200855489905 0.0797506808530281 0.612913897095027 0.10997074639955684 0.6564307914820284
0 0.025781250000000006 0.6872395833333333 0.0217578125 0.6496875000000001 -0.0006640624999999956 0.6539583333333334 0.003359375000000009 0.6915104166666667
0 0.06766321163366343 0.6225634282178218 0.03685798267326743 0.5723623143564358 -0.002494585396039506 0.6152923886138615 0.028310643564356485 0.6654935024752475
0 0.14842839216321246 0.7456309369602764 0.10584520725388605 0.6810219667530224 0.07098040803108811 0.7218736506908463 0.11356359294041454 0.7864826208981003
0 0.296875 0.9986979166666669 0.286765625 0.9245625000000002 0.255140625 0.9322291666666668 0.26525 1.0063645833333335
0 0.3965594951923077 0.8914262820512822 0.3665114182692308 0.8834134615384616 0.3538161057692307 0.9680488782051282 0.38386418269230765 0.9760616987179488
0 0.4110408133411352 0.8069541459430466 0.38477362492685785 0.6533921213672713 0.30448578755851374 0.6778071362395163 0.3307529759727911 0.8313691608152916
0 0.1702589956848553 0.8621473645137343 0.1416015625 0.84375 0.1281145601336303 0.8810986219376391 0.1567719933184856 0.8994959864513734
0 0.02539062500000009 0.9322916666666666 8.760290823978869e-17 0.9322916666666666 8.957621607044605e-17 0.9752604166666666 0.02539062500000009 0.9752604166666666
0 0.58203125 0.7591145833333336 0.5126953125 0.7421875000000001 0.4970661888195777 0.8559995801343571 0.5664021263195778 0.8729266634676904
0 0.7832031250000001 0.9479166666666669 0.7460937500000001 0.9479166666666669 0.7460937500000002 1.0000000000000002 0.7832031250000002 1.0000000000000002
0 0.863300587871287 0.7809921617161719 0.8282120204207921 0.7514438943894391 0.8003422803217821 0.8102800123762378 0.8354308477722772 0.8398282797029706
0 0.8140854779411766 0.856372549019608 0.7938189338235294 0.8503676470588236 0.7883272058823529 0.8833180147058823 0.80859375 0.8893229166666666
0 0.8841605895645029 0.7972986852917013 0.862842318457272 0.7826280471103809 0.8289860119658998 0.8700901722130925 0.8503042830731309 0.8847608103944128
0 0.7734375 0.68359375 0.7453975866336633 0.6043342615511553 0.7159164330955154 0.6228758675499904 0.7439563464618522 0.7021353559988353
0 0.8595989110385924 0.530295237419599 0.8249037847616345 0.5006887296632615 0.7862580696651531 0.5812006361142641 0.8209531959421111 0.6108071438706016
0 0.3527572170663601 0.20219762921594395 0.2998573012483574 0.20038908508541395 0.29840978153745074 0.27566011005256247 0.35130969735545337 0.27746865418309247
0 0.5284451844262296 0.839835211748634 0.5140945184426229 0.7909366461748635 0.4889088114754099 0.8040770150273225 0.5032594774590164 0.852975580601093