0 0.04745777637283237 0.18033718689788053 0.046481439667630055 0.05927143545279382 0.0009767882947976838 0.05992383188824662 0.001953125 0.18098958333333334
0 0.2119140625 0.18750000000000003 0.2021484375 0.1744791666666667 0.1572265625 0.23437500000000006 0.1669921875 0.24739583333333337
0 0.15234375000000003 0.33463541666666674 0.11381452645051196 0.328591616894198 0.10904170221843004 0.38268362485779295 0.1475709257679181 0.38872742463026166
0 0.07473652474832218 0.3689177852348994 0.026046036073825534 0.3574611996644296 0.009863936661073857 0.4797259507829977 0.0585544253355705 0.49118253635346754
0 0.013203125 0.5490104166666667 0.0102734375 0.5216666666666667 0.0009765625 0.5234375000000001 0.00390625 0.5507812500000001
0 0.1512934846698113 0.7418435534591195 0.10718234080188682 0.7091686320754718 0.06821196933962267 0.8026975235849058 0.11232311320754715 0.8353724449685535
0 0.30398471615720524 0.41927424490538573 0.2733931495633188 0.3357544122998545 0.2130637622816594 0.3750386644832606 0.2436553288755458 0.45855849708879187
0 0.3323039592423641 0.3448268916104721 0.33170159720844905 0.28780328573317476 0.24366338382586278 0.2894565855150073 0.2442657458597779 0.3464801913923046
0 0.6278145469432315 0.39633369723435236 0.5168958105895196 0.37661481077147024 0.5076589792576419 0.4689831240902475 0.6185777156113538 0.4887020105531297
0 0.7961180196005917 0.45997442061144 0.7686587000739644 0.4447192430966471 0.739737426035503 0.5372673200197241 0.7671967455621302 0.5525224975345169
0 0.7665312500000001 0.67721875 0.6831484375000001 0.6002500000000002 0.6401875000000001 0.6829895833333335 0.7235703125 0.7599583333333334
0 0.9327193052030458 0.8081561971235197 0.750031725888325 0.7073630499153979 0.7258565989847717 0.7852606810490695 0.9085441782994925 0.8860538282571914
0 0.6796875 0.8111979166666667 0.6757019071799717 0.6960585685325145 0.6001417099669343 0.7007084268225475 0.6041273027869627 0.8158477749566998
0 0.638671875 0.8528645833333334 0.5953124999999999 0.83359375 0.5824218749999999 0.8851562500000001 0.62578125 0.9044270833333334
0 0.66015625 0.9986979166666665 0.6595318202554744 0.9678927159367395 0.6233990077554744 0.9691947992700728 0.6240234375 0.9999999999999999