0 0.35318216463414637 0.08603277439024398 0.29380240091463417 0.07723577235772364 0.2884193978658537 0.14183180894308953 0.3477991615853659 0.15062881097560987
0 0.39028370369291704 0.19759387620379004 0.37792968749999994 0.13020833333333337 0.34479664200838767 0.14100725186393295 0.35715065820130476 0.20839279473438962
0 0.3900534424510717 0.19633790579372476 0.37792968749999994 0.13020833333333337 0.34573861981593657 0.14070023687480587 0.35786237476700833 0.20682980933519732
0 0.375 0.30338541666666674 0.3544921875 0.2057291666666667 0.32268870548961426 0.2176024666172107 0.34319651798961426 0.3152587166172107
0 0.12647463735673353 0.30421367597898763 0.10669155175501432 0.20925486509073546 0.046653944305157596 0.2314910159980898 0.06643702990687679 0.32644982688634194
0 0.4478626179245283 0.35190153301886795 0.44090875589622647 0.3024518474842768 0.4111328125 0.3098958333333333 0.41808667452830195 0.35934551886792454
0 0.51078125 0.19885416666666667 0.4954296875 0.1715625 0.4533984374999999 0.21359375 0.46875 0.24088541666666666
0 0.24609375 0.3515625 0.18261718750000006 0.3515625 0.18261718750000006 0.4205729166666667 0.24609375 0.4205729166666667
0 0.230859375 0.5497395833333333 0.203515625 0.44036458333333334 0.1349609375 0.4708333333333333 0.1623046875 0.5802083333333333
0 0.2810948781588448 0.4706631693742479 0.2787151680956679 0.45606761432009624 0.2251170464801444 0.4716033017448857 0.22749675654332133 0.4861988567990373
0 0.26114333026768943 0.6555080489459404 0.2559443732388854 0.6261805990398664 0.18181857095335005 0.6495414579419746 0.18701752798215404 0.6788689078480485
0 0.47436797752809 0.746869147940075 0.3554687500000001 0.7317708333333335 0.3470330056179776 0.8498712546816481 0.4659322331460675 0.8649695692883896
0 0.5371093750000001 0.9986979166666666 0.5362690410336857 0.9012191765741964 0.448928748348745 0.902557725121092 0.4497690823150594 1.0000364652135623