0 1 0.13151041666666666 0.9970703125 0.06510416666666664 0.9741716056034482 0.0669001436781609 0.9771012931034482 0.13330639367816094
0 0.5583923871611811 0.07786533962568569 0.5118047782550823 0.026397124072281328 0.48781613020329145 0.06499954622458853 0.5344037391093902 0.11646776177799291
0 0.7236328124999999 0.3177083333333334 0.6745583329039571 0.3110315333882936 0.6662015985676009 0.42022619538334716 0.7152760781636437 0.426902995328387
0 0.6414989593105066 0.21717675109443402 0.5975261638133208 0.167927220137586 0.5745173985694184 0.20444906973108196 0.6184901940666042 0.25369860068793
0 0.796991268382353 0.3519736519607845 0.7420978860294117 0.3188633578431374 0.7029191176470587 0.4343376225490197 0.7578125 0.46744791666666685
0 0.646845569349315 0.45704908675799094 0.5965459118150684 0.3095034246575343 0.49780607876712324 0.369345747716895 0.5481057363013699 0.5168914098173517
0 0.7049097521551724 0.4506106321839081 0.6589439655172413 0.4243444683908047 0.6484375 0.4570312500000001 0.694403286637931 0.48329741379310354
0 0.4524379815356004 0.32583355472901177 0.3536629914984059 0.2804197662061637 0.3004346273910733 0.4862361074211832 0.39920961742826777 0.5316498959440312
0 0.400390625 0.25520833333333337 0.357421875 0.25520833333333337 0.357421875 0.29296875000000006 0.400390625 0.2929687500000001
0 0.36771537162162166 0.19499577702702706 0.33657094594594594 0.13685951576576577 0.3134765625 0.15885416666666666 0.3446209881756757 0.21699042792792794
0 0.33846227134146345 0.233422256097561 0.3246474847560975 0.2186864837398374 0.3106421493902439 0.24202870934959347 0.3244569359756098 0.2567644817073171
0 0.14648437500000003 0.33463541666666674 0.13183593750000003 0.32031250000000006 0.12270818280346822 0.33690841763005785 0.13735662030346824 0.35123133429672454
0 0.07892765410958906 0.46198986872146125 0.05170430222602742 0.38213470319634707 -0.0037724743150684636 0.41575699200913246 0.023450877568493178 0.49561215753424664
0 0.13450580561926606 0.45544246941896027 0.060546875 0.40234375 0.05427537270642204 0.4178731842507645 0.1282343033256881 0.47097190366972475
0 0.3348586541458853 0.48685577722360773 0.29394531249999994 0.4375 0.23643040835411466 0.5222588061097256 0.27734375 0.5716145833333335
0 0.3964843750000001 0.49348958333333337 0.3203125000000001 0.4934895833333333 0.3203125000000001 0.5638020833333334 0.3964843750000001 0.5638020833333334
0 0.17485883353960396 0.587701113861386 0.16113281250000003 0.546875 0.13544825185643564 0.5622266914191418 0.14917427289603957 0.603052805280528
0 0.294921875 0.6679687500000001 0.2578125 0.6184895833333335 0.2275390625 0.6588541666666667 0.2646484375 0.7083333333333335
0 0.38659387807377044 0.5898522882513663 0.3642578125 0.5768229166666667 0.34130699282786886 0.6467682718579236 0.36364305840163935 0.659797643442623
0 0.44140625 0.5794270833333335 0.4233465325342466 0.5264519121004567 0.4006849315068493 0.5401862157534247 0.4187446489726027 0.5931613869863015
0 0.505859375 0.4960937500000001 0.4521484375 0.4739583333333334 0.4429609705039228 0.5135905439046471 0.4966719080039228 0.5357259605713138
0 0.6522410599226803 0.5941580756013748 0.5890262564432989 0.5018443943298971 0.5369724548969071 0.5652142396907219 0.6001872583762886 0.6575279209621996
0 0.5462846307739061 0.45927032685035124 0.5257325010129661 0.4569215120205295 0.5162786795988655 0.6039809562398705 0.5368308093598055 0.6063297710696922
0 0.908885854535398 0.4095224926253689 0.8679220824115044 0.40588126843657835 0.8627281526548671 0.5097598635693217 0.9036919247787608 0.5134010877581122
0 0.7888383709016393 0.011035689890710377 0.7879898821721312 -0.0014088114754098324 0.765625 0.0013020833333333333 0.7664734887295082 0.013746584699453541
0 0.7162014100609756 0.5709476626016261 0.6662804317611191 0.5462248923959829 0.6498512038199427 0.6052016080822574 0.6997721821197992 0.6299243782879007
0 0.6865234375 0.6861979166666669 0.6662109375 0.6726562500000003 0.6515625 0.7117187500000001 0.671875 0.7252604166666667
0 0.814453125 0.6315104166666667 0.7793047293900806 0.610890024575514 0.764127429624665 0.6568818420464703 0.7992758252345844 0.6775022341376231
0 0.8214613970588236 0.6037837009803922 0.7947495404411763 0.5824142156862745 0.7818244485294116 0.6111366421568628 0.8085363051470587 0.6325061274509806
0 0.9155023153541471 0.626816606477167 0.9083241714235786 0.5876630941286114 0.8471775250465983 0.607592371466294 0.8543556689771667 0.6467458838148495
0 0.888671875 0.7799479166666666 0.8613954741379309 0.68902658045977 0.8347925646551723 0.7032147988505746 0.8620689655172413 0.7941361350574712
0 0.8140625 0.8622395833333336 0.7958984375 0.8541666666666669 0.7884765625 0.8838541666666669 0.806640625 0.8919270833333336
0 0.017882300204918034 0.8495133196721311 0.01676165471311477 0.8330771857923498 -0.00014408299180327378 0.8351263661202187 0.0009765624999999889 0.8515625
0 0.2521497483221477 0.9594519015659956 0.2392578125 0.9348958333333335 0.21481097944630873 0.9577128775167787 0.22770291526845643 0.9822689457494409
0 0.023437500000000087 0.9322916666666666 8.604818085805866e-17 0.9322916666666666 8.802148868871601e-17 0.9752604166666666 0.02343750000000009 0.9752604166666666
0 0.30560661764705876 0.9625459558823529 0.2952665441176471 0.9395680147058824 0.24069393382352944 0.9832261029411764 0.2510340073529411 1.006204044117647