0 0.6210937499999999 0.11328125000000003 0.5964587457579185 0.021310567496229314 0.5354611496040724 0.050357041855203614 0.5600961538461539 0.14232772435897434
0 0.3715180495689655 0.3708153735632183 0.32894261853448276 0.13743893678160918 0.20080818965517241 0.1789960488505747 0.24338362068965513 0.4123724856321838
0 0.08984375 1.459051850546651e-17 5.979720698961719e-20 7.255394448073511e-18 2.5114826935639083e-18 0.05338541666666667 0.08984375 0.05338541666666668
0 0.24435203736469613 0.4174581078268111 0.20487484388009997 0.3669273001665279 0.15329673189009163 0.43856356681931724 0.1927739253746878 0.4890943744796004
0 0.19394531250000002 0.6395833333333333 0.02050781250000002 0.5625000000000001 0.0003906250000000444 0.64296875 0.17382812500000006 0.7200520833333334
0 0.12566390007796266 0.6313073891198893 0.07714843750000007 0.6067708333333334 0.045234537422037466 0.7189530275467777 0.09375000000000007 0.7434895833333335
0 0.027558893352812273 0.9619477797053811 0.026582473520818113 0.8096262859142928 0.000976705168005839 0.809918089542245 0.001953125000000001 0.9622395833333334
0 0.17968750000000003 0.9986979166666669 0.17926114215176717 0.9810751256063757 0.14816950363825362 0.9824124003811504 0.14859586148648649 1.0000351914414416
0 0.3091082317073172 0.6512258638211382 0.2822265625000001 0.6380208333333335 0.26461985518292697 0.7017403455284553 0.29150152439024407 0.7149453760162602
0 0.3886718750000001 0.8398437500000001 0.33671807417820077 0.8028988249711649 0.32109307417820077 0.8419613249711652 0.3730468750000001 0.8789062500000002
0 0.4453125000000001 0.8554687500000001 0.392578125 0.78515625 0.37304687499999994 0.8111979166666667 0.42578125 0.8815104166666669
0 0.46339260463800896 0.8213011406485671 0.4306640624999999 0.765625 0.40172511312217185 0.7958675056561086 0.4344536552601809 0.8515436463046757
0 0.5390625 0.8893229166666666 0.5293719951923077 0.8247195512820513 0.46927584134615385 0.8407451923076923 0.47896634615384615 0.9053485576923077
0 0.7500000000000002 0.7773437500000002 0.7021484375000002 0.7682291666666667 0.6988281250000001 0.7992187500000002 0.7466796875000002 0.8083333333333336
0 0.7938304227941175 0.9564185049019607 0.740794957530426 0.946775693035835 0.7353515625 1 0.7883870277636916 1.0096428118661258