0 0.45842263550884954 0.13232853982300893 0.3818100110619469 0.125518528761062 0.3776790652654867 0.2081374446902655 0.4542916897123893 0.21494745575221244
0 0.8670699734811957 0.40014590364834474 0.6260972908630666 0.2974633859691419 0.591765986620058 0.44069506388621044 0.8327386692381872 0.5433775815654133
0 0.8079506478658537 0.5363630589430896 0.8005192454268293 0.5239773882113823 0.78515625 0.5403645833333335 0.7925876524390244 0.5527502540650407
0 0.9622272995283019 0.7895538522012582 0.9369472287735849 0.7799233490566041 0.9311247051886793 0.8070951257861638 0.9564047759433963 0.8167256289308179
0 0.6959347019321396 0.577636565347157 0.596811307139491 0.5350028471567704 0.5496859536993403 0.7297876413760603 0.6488093484919888 0.7724213595664469
0 0.2564686066513761 0.6557124426605504 0.19042968750000006 0.4921875 0.1544402236238532 0.5180260894495413 0.22047914277522934 0.6815510321100916
0 0.10726285951327438 0.6093196902654868 0.039999308628318644 0.5859236725663717 0.019973727876106274 0.6882766408554573 0.08723727876106202 0.7116726585545724
0 0.01953125000000003 0.3229166666666667 3.187191132546578e-17 0.3229166666666667 3.408440798408161e-17 0.37109375 0.019531250000000035 0.37109375
0 0.2388671875 0.01015625000000003 0.1982421875 -0.016927083333333304 0.1880859375 0.01015625000000003 0.2287109375 0.03723958333333336
0 0.23213066356041132 0.9626211707369323 0.1978631105398458 0.8849480505569838 0.1651721160025707 0.9105880462724937 0.1994396690231362 0.9882611664524422
0 0.18096271106941852 0.9813482059099439 0.14562873768761736 0.9569799484052535 0.13609213766416514 0.9815631840212635 0.17142611104596633 1.005931441525954
0 0.4677734375000001 0.9375000000000001 0.44921875 0.9335937500000001 0.4476351351351352 0.9469664977477479 0.46618982263513525 0.9508727477477479