0 0.18628302072183572 0.6298884744893409 0.08377296502876644 0.4740252319150835 -0.005709114513647284 0.5786504326108287 0.09680094117942199 0.7345136751850861
0 0.07226562500000001 0.7200520833333335 0.07009568520642202 0.6245747324159022 0.027580275229357798 0.6262925267584099 0.02975021502293579 0.7217698776758411
0 0.15848062782805433 0.7757388291855205 0.12778740101809954 0.7027868118401207 0.0864076640271493 0.7337375094268477 0.11710089083710407 0.8066895267722475
0 0.02539062500000009 0.9322916666666666 8.592858644407942e-17 0.9322916666666666 8.790189427473678e-17 0.9752604166666666 0.02539062500000009 0.9752604166666666
0 0.13754507211538464 0.931991185897436 0.12552584134615383 0.9079527243589745 0.09758112980769229 0.932792467948718 0.10960036057692309 0.9568309294871795
0 0.39827751706484643 0.9109472767349263 0.3738334577645051 0.8852166879977249 0.3365874306740614 0.9481210893060297 0.36103148997440276 0.973851678043231
0 0.5196337669683259 0.6537318533182505 0.4566636029411765 0.6519454656862745 0.4546079609728507 0.7807656957013573 0.5175781250000001 0.7825520833333334
0 0.5244140625000001 0.7942708333333335 0.4770842807952184 0.7922351437976439 0.4761077182952184 0.8325997271309774 0.5234375000000001 0.8346354166666669
0 0.7753870147874304 0.6786357247381394 0.7475342248151569 0.6006479128157733 0.7166777379852124 0.6202393330252619 0.744530527957486 0.6982271449476279
0 0.6893543714887642 0.6869294241573035 0.671095944522472 0.6717140683520599 0.6555696980337079 0.7048367275280899 0.6738281250000001 0.7200520833333335
0 0.8659229584854014 0.7941263686131387 0.841429060218978 0.7529482208029197 0.801987340328467 0.7946567062043796 0.8264812385948904 0.8358348540145984
0 0.8165785845588236 0.857153799019608 0.796817555147059 0.8505667892156865 0.7907858455882354 0.8827359068627453 0.810546875 0.8893229166666669
0 0.9279431573275863 0.9146282327586207 0.919861260775862 0.9137302442528736 0.917699353448276 0.9483207614942529 0.9257812500000002 0.94921875
0 0.30691002155172414 0.42147090517241387 0.2847521551724138 0.40880926724137934 0.2764682112068966 0.4345815373563219 0.2986260775862069 0.44724317528735635
0 0.4350821167883212 0.3310009884428224 0.400477588959854 0.29440769464720196 0.37670506386861313 0.33437309914841856 0.41130959169708026 0.370966392944039
0 0.35674348187869825 0.20550419132149908 0.30386348927514795 0.20034516765286003 0.29976192677514796 0.2750847509861934 0.35264191937869827 0.28024377465483247
0 0.447265625 0.12109375000000008 0.4211861620101597 0.10996651245766818 0.4055611620101597 0.17507067912433485 0.431640625 0.18619791666666677
0 0.5936925551470588 0.13181678921568638 0.5367072610294117 0.11282169117647066 0.5294117647058824 0.1517310049019609 0.5863970588235294 0.1707261029411766
0 0.7686885310913704 0.19672033629441626 0.734082526967005 0.14348032994923857 0.7003985564720812 0.18240402918781726 0.7350045605964466 0.23564403553299496
0 0.9162592580561331 0.274393082986833 0.9150390625 0.22395833333333334 0.8821851448804574 0.22537140505890504 0.8834053404365905 0.2758061547124047
0 0.8618451286764705 0.5287990196078433 0.8256548713235293 0.49984681372549034 0.7853285845588236 0.5894607843137256 0.8215188419117647 0.6184129901960785