0 0.447265625 0.11979166666666673 0.416015625 0.11979166666666673 0.416015625 0.18359375000000006 0.447265625 0.18359375000000006
0 0.58984375 0.15234375 0.5528310643564356 0.11196627475247525 0.5312499999999999 0.14713541666666669 0.5682626856435643 0.18751289191419143
0 0.764694018013419 0.20008022170361747 0.7353515625 0.14843750000000006 0.6982740938593933 0.18588948852586545 0.7276165493728122 0.23753221022948287
0 0.9160156250000002 0.23046875000000017 0.8861443014705882 0.22051164215686286 0.8773552389705882 0.26738664215686286 0.9072265625000002 0.27734375000000017
0 0.3545036764705883 0.205530024509804 0.30193014705882354 0.2001378676470589 0.29762178308823534 0.27481617647058837 0.3501953125 0.28020833333333345
0 0.43973982224770636 0.32983323776758405 0.3921032826834862 0.2956326452599389 0.37297520068807344 0.3429974197247707 0.4206117402522935 0.3771980122324159
0 0.3075707398186682 0.5729816934205311 0.3060124201099881 0.48779354934601665 0.21050902013971468 0.4908993509710662 0.21206733984839482 0.5760874950455808
0 0.18683455475663718 0.4476285951327434 0.10096619192477876 0.3474488384955753 0.010163163716814184 0.48581535766961653 0.0960315265486726 0.5859951143067846
0 0.008505141773162936 0.5295984757720978 0.007528579273162942 0.4970463924387646 0.0009765625000000028 0.49739583333333326 0.0019531249999999972 0.5299479166666665
0 0.016409451844262297 0.4659323770491804 0.01347976434426229 0.4229636270491804 0.0009765624999999945 0.4244791666666667 0.00390625 0.4674479166666667
0 0.16015625000000003 0.5924479166666667 0.12890625000000003 0.5507812500000001 0.08007812500000004 0.6158854166666667 0.11132812500000004 0.6575520833333335
0 0.06835937500000007 0.61328125 0.03417968750000007 0.5677083333333334 -0.004882812499999956 0.6197916666666667 0.029296875000000045 0.6653645833333335
0 0.14992378048780491 0.7418000508130081 0.10395769817073175 0.6842263719512195 0.07064214939024396 0.7315129573170732 0.11660823170731711 0.7890866361788618
0 0.4113151391453996 0.8072811730467876 0.3830512298522498 0.653641460991717 0.30292916281900606 0.6798449042981868 0.3311930721121558 0.8334846163532572
0 0.8570612980769232 0.5294871794871797 0.8251953125 0.5052083333333335 0.7982121394230769 0.5681690705128207 0.830078125 0.5924479166666669
0 0.7781515130090498 0.6812111142533939 0.7463606476244344 0.6056502168174963 0.7187499999999999 0.6263020833333335 0.7505408653846153 0.701862980769231
0 0.8635684742647058 0.7801776960784316 0.8293887867647058 0.7528339460784316 0.8023322610294116 0.8129595588235294 0.8365119485294116 0.8403033088235294
0 0.8851751224931632 0.7981640268915224 0.8618889585232452 0.7810339752354909 0.826323211030082 0.8669845316773018 0.849609375 0.8841145833333335
0 0.8135799632352942 0.8594056372549022 0.7955882352941176 0.8540747549019608 0.7906020220588235 0.8839920343137256 0.80859375 0.8893229166666666
0 0.7835543178233437 0.9973917258149317 0.7793307620268137 0.9504633280757099 0.745058655362776 0.9559468651419559 0.7492822111593059 1.002875262881178
0 0.5820312500000001 0.7617187500000001 0.5136754004963899 0.7419054602888088 0.49588927120938625 0.8509937199157643 0.5642451207129964 0.8708070096269557
0 0.525390625 0.8424479166666667 0.5153846153846154 0.7935296474358976 0.4882812499999999 0.8033854166666667 0.4982872596153845 0.852303685897436
0 0.39648437499999994 0.9114583333333333 0.37207031249999994 0.8854166666666665 0.33653296493902435 0.9446455792682926 0.36094702743902435 0.9706872459349593
0 0.298828125 0.9986979166666667 0.290625 0.9585937500000001 0.260546875 0.9695312500000001 0.26875 1.0096354166666668
0 0.16796875000000008 0.86328125 0.1435546875 0.8437499999999999 0.12649356617647062 0.8816636029411763 0.1509076286764707 0.9011948529411763
0 0.02539062500000009 0.9322916666666666 8.604818085805866e-17 0.9322916666666666 8.802148868871601e-17 0.9752604166666666 0.02539062500000009 0.9752604166666666
0 0.9257789303741093 0.9517332244655582 0.9248046875000002 0.9140625000000001 0.9176741575118765 0.9143903404592242 0.9186484003859856 0.9520610649247823