0 0.134765625 1.7141866003690163e-17 0.064453125 1.1401334132686948e-17 0.064453125 0.06380208333333334 0.134765625 0.06380208333333334
0 0.3335131163990826 0.17776662844036697 0.28969681766055044 0.09474627293577985 0.22660908830275228 0.15393969801223245 0.2704253870412844 0.23696005351681956
0 0.18194841318093385 0.18625364785992224 0.15481745500972763 0.1543348735408561 0.1365781553988327 0.181896481841764 0.16370911357003892 0.21381525616083014
0 0.04497994087837838 0.3438063063063063 0.03921558277027027 0.2951295045045045 -0.0038112331081081086 0.30418778153153153 0.001953125 0.3528645833333333
0 0.3385947695758565 0.5315579968733006 0.3357112816068516 0.39699522498640566 0.23484496074632957 0.4008377514953779 0.23772844871533444 0.535400523382273
0 0.3086769912941789 0.63327810984061 0.2828721900987527 0.6321682259182261 0.28083582380457395 0.7163380327442829 0.3066406250000001 0.7174479166666667
0 0.32123161764705876 0.8291207107843138 0.3015280330882352 0.7240349264705882 0.24178538602941174 0.7439491421568627 0.2614889705882352 0.8490349264705883
0 0.5347400102459017 0.24568818306010928 0.5126472848360656 0.2103398224043715 0.4756659836065573 0.251430157103825 0.49775870901639346 0.28677851775956287
0 0.5850238173455978 0.004542748028909408 0.4472438095433639 -0.00016767958826098827 0.44326954664914575 0.20649399091108195 0.5810495544513797 0.21120441852825236
0 0.5471117358728138 0.2092142646299166 0.5457509910477086 0.15176059423658775 0.4403873128597521 0.15619695963397537 0.44174805768485725 0.21365063002730425
0 0.7847029775943397 0.8819329795597487 0.7673238502358491 0.8606918238993714 0.7402859669811321 0.9000196540880505 0.7576650943396228 0.921260809748428
0 0.5118521341463416 0.9986598069105692 0.511328857879925 0.9477275836460289 0.4351980241557224 0.9491181011569733 0.4357213004221389 1.0000503244215138