0 0.12999070467422102 0.919739288243626 0.11014131108356943 0.9102115793201134 0.08952560640934851 0.9865660410764873 0.10937500000000008 0.9960937499999999
0 0.20624999999999996 0.9434895833333333 0.19687499999999997 0.9059895833333333 0.1447265625 0.9291666666666667 0.1541015625 0.9666666666666667
0 0.503515625 0.8674479166666667 0.4162109375 0.8286458333333333 0.4091796874999999 0.8567708333333335 0.496484375 0.8955729166666668
0 0.8246692838216958 0.42939201475477984 0.788626578086035 0.42698916770573575 0.785024742830424 0.5230381078553618 0.8210674485660847 0.5254409549044058
0 0.7427026843817788 0.766767782899494 0.7075650759219089 0.7015122243311642 0.6164562432212581 0.7887275171728128 0.651593851681128 0.8539830757411425
0 0.6443989055813126 0.5347717546362339 0.5939631441690445 0.4355013670946268 0.5508202567760344 0.47446913635282933 0.6012560181883025 0.5737395238944366
0 0.7789963942307692 0.45633012820512836 0.7222055288461539 0.40584935897435914 0.6676682692307693 0.5149238782051282 0.7244591346153846 0.5654046474358975
0 0.23584743824336685 0.17203344197926196 0.18953711116193964 0.10231897110399513 0.11579904791857273 0.18940011245806648 0.16210937499999997 0.2591145833333333
0 0.2349073349669343 0.17038532317745242 0.18933272688356162 0.1037385844748859 0.11519424229452055 0.19386772260273977 0.16076885037789326 0.2605144613053063
0 0.5587746808194775 0.1150689083531275 0.5576171875 0.0703125 0.5108651276722089 0.07246201999208234 0.5120226209916864 0.11721842834520983
0 0.2691873094512195 0.12595020325203257 0.2140405868902439 0.05687754065040654 0.18323551829268292 0.10060086382113824 0.23838224085365853 0.1696735264227643
0 0.09227044092465753 0.3542879566210046 0.09023169948630136 0.2808932648401826 0.017776113013698625 0.28447131849315066 0.019814854452054796 0.3578660102739726
0 0.0341796875 0.057291666666666664 5.3219514220759e-18 0.057291666666666664 8.132420150587892e-18 0.11848958333333333 0.03417968750000001 0.11848958333333333
0 0.5332031250000001 0.38932291666666674 0.5084134615384615 0.38271233974358976 0.5044320913461539 0.4092548076923077 0.5292217548076924 0.4158653846153847