0 0.236328125 0.0013020833333333625 0.115234375 0.0013020833333333528 0.115234375 0.02734375000000002 0.236328125 0.02734375000000003
0 0.09375000000000001 7.733772103990447e-18 1.046451122318295e-17 7.972960931949e-20 2.2603344242075174e-17 0.2643229166666667 0.09375000000000003 0.2643229166666667
0 0.15917968749999994 0.3203125 0.1181640625 0.3020833333333333 0.1087890625 0.33958333333333335 0.14980468749999998 0.3578125
0 0.08886718750000004 0.3671875 0.053103615419708074 0.3658987226277372 0.052127052919708074 0.4140758059610706 0.08789062500000004 0.4153645833333333
0 0.013974946120689658 0.26526580459770116 0.00872171336206896 0.24892241379310348 -0.0033001077586206963 0.255792025862069 0.001953125 0.2721354166666667
0 0.32750655632933706 0.19634828984485198 0.3214130267101551 0.15340341443347436 0.2669335111071932 0.16714599494593324 0.2730270407263752 0.21009087035731083
0 0.47265625 0.0013020833333334222 0.437816315874036 -0.01074135068551835 0.42273859254498725 0.06680122643530427 0.4575785266709512 0.07884466045415604
0 0.634765625 9.368229095039973e-17 0.5 8.267960486431023e-17 0.5 0.11067708333333343 0.634765625 0.11067708333333344
0 0.48602764423076916 0.22846554487179496 0.45988581730769224 0.20522836538461545 0.43134014423076916 0.26231971153846156 0.4574819711538461 0.28555689102564114
0 0.7575274493243245 0.1673845720720721 0.7281355574324325 0.04001970720720719 0.663766891891892 0.06642736486486488 0.6931587837837838 0.1937922297297298
0 0.7744140625 1.264511603807098e-16 0.755859375 1.2493629780363948e-16 0.755859375 0.03776041666666678 0.7744140625 0.03776041666666679
0 0.822265625 0.07421875 0.8154296875 0 0.7636475941858702 0.008478939256114811 0.7704835316858702 0.08269768925611481
0 0.9632708794247786 0.056196994837758266 0.916214394358407 0.05201419616519189 0.9132069275442477 0.11216353244837772 0.9602634126106194 0.1163463311209441
0 1 0.07031250000000017 0.986328125 0.07031250000000015 0.986328125 0.12109375000000017 1 0.12109375000000018
0 0.9598974102508648 0.19209378604382946 0.9318007947664357 0.1565527681660902 0.8831902843858129 0.22487024221453317 0.9112868998702419 0.26041126009227245
0 0.9920522836538461 0.36654647435897453 0.953545673076923 0.35254407051282066 0.9327223557692307 0.4543469551282052 0.9712289663461539 0.4683493589743591
0 1 0.4778645833333333 0.9990234375 0.4036458333333333 0.98165625 0.4040520833333333 0.9826328125 0.4782708333333333
0 1 0.6171875000000002 0.94140625 0.6171875000000002 0.94140625 0.7226562500000002 1 0.7226562500000002
0 0.8828125 0.6145833333333336 0.8330078125 0.6145833333333336 0.8330078125 0.6549479166666669 0.8828125 0.6549479166666669
0 0.8221800866788321 0.594063640510949 0.7335196167883211 0.46928223844282246 0.6697023266423358 0.5498935523114356 0.7583627965328466 0.674674954379562
0 0.7098817567567567 0.7662936373873873 0.7059227195945945 0.7346213400900901 0.6701330236486486 0.7425746058558558 0.6740920608108107 0.7742469031531531
0 0.9224885923672564 0.7948239306784661 0.9208984374999998 0.7630208333333334 0.8936756775442477 0.765440634218289 0.8952658324115044 0.7972437315634219
0 0.62890625 0.3593750000000001 0.5234375 0.3593750000000001 0.5234375 0.6002604166666666 0.62890625 0.6002604166666666
0 0.43833892617449666 0.7770815855704698 0.4157206900167786 0.7339992309843402 0.3832123007550336 0.7643403942953022 0.40583053691275167 0.8074227488814318
0 0.15039062500000006 0.5703125 0.13476562500000006 0.5703125 0.13476562500000006 0.62109375 0.15039062500000006 0.62109375
0 0.224609375 0.7330729166666666 0.2021484375 0.6744791666666666 0.17905736100234929 0.6902153076872879 0.20151829850234929 0.7488090576872879
0 0.14210937499999998 0.8077604166666668 0.1220703125 0.7838541666666666 0.11277343750000006 0.7977083333333332 0.13281250000000006 0.8216145833333334
0 0.1015625 0.7486979166666669 0.06467760180995472 0.7101515365761691 0.03323052177601808 0.763647718702866 0.07011541996606337 0.8021940987933637
0 0.02743980532786886 0.9818775614754098 0.024942366803278694 0.9452484631147542 0.0018730788934426257 0.9480447404371585 0.004370517418032793 0.9846738387978142
0 0.13112877155172423 0.9509249281609196 0.08819369612068972 0.9475574712643678 0.08591056034482765 0.9993085488505749 0.12884563577586214 1.0026760057471267
0 0.400390625 0.9986979166666669 0.4000100583685627 0.9728193857289266 0.3493631701575711 0.9741434873815015 0.3497437367890085 1.0000220183192419