0 0.19855891047297297 0.009184966216216258 0.17860536317567569 0.004750844594594628 0.1753589527027027 0.030722128378378413 0.1953125 0.03515625000000004
0 0.2296119271465622 0.2923154809531693 0.1103515625 0.07291666666666667 0.0526471838442225 0.12867991943494095 0.17190754849078468 0.3480787337214436
0 0.173828125 0.14973958333333334 0.1719721167127072 0.10272070672191531 0.1328125 0.10546875000000001 0.1346685082872928 0.15248762661141804
0 0.03150861782678003 0.30558332226354945 0.03053226288522848 0.17930808315621682 0.000976770058448455 0.17971434422600074 0.001953125 0.30598958333333337
0 0.07421875000000003 0.140625 0.037109375000000014 0.140625 0.037109375000000014 0.19140625 0.07421875000000003 0.19140625
0 0.09130310744382024 0.1442825374531836 0.0712890625 0.1119791666666667 0.05660112359550562 0.12815718632958803 0.07661516853932586 0.1604605571161049
0 0.09765625000000003 0.234375 0.08007812500000003 0.234375 0.08007812500000003 0.2721354166666667 0.09765625000000003 0.2721354166666667
0 0.11399387668918921 0.41877815315315314 0.08258551520270271 0.3601492117117117 -0.002586570945945943 0.4412654842342343 0.02882179054054055 0.49989442567567566
0 0.5380859375000001 0.2656250000000001 0.4905164356824191 0.2644717999559375 0.4895398731824191 0.33608638328927093 0.5371093750000001 0.33723958333333354
0 0.5179300742574258 0.18073432343234336 0.476589573019802 0.15973597359735983 0.4560450185643564 0.2316419141914192 0.4973855198019802 0.2526402640264027
0 0.7247321716332806 0.23967733538278474 0.6504181283468863 0.23828176649477734 0.6501837688417296 0.2604677996496101 0.7244978121281239 0.2618633685376175
0 0.734375 0.1822916666666668 0.685546875 0.1822916666666668 0.685546875 0.2382812500000001 0.734375 0.2382812500000001
0 0.9686336220854923 0.1063188147668394 0.9439463244818654 0.04989070595854936 0.9077578529792747 0.07803729490500876 0.9324451505829018 0.1344654037132988
0 0.5713946368243243 0.5620425112612613 0.5454043496621621 0.5289639639639642 0.45097972972972966 0.6608586711711713 0.47697001689189183 0.6939372184684685
0 0.4147403492647059 0.6567401960784314 0.40820542279411764 0.5725122549019609 0.2861948529411765 0.589341299019608 0.29272977941176476 0.6735692401960784
0 0.28264679477383864 0.7858534535452323 0.2568359375000001 0.7604166666666666 0.2289095927567238 0.8107936022819887 0.2547204500305623 0.8362303891605543
0 0.44140625 0.8841145833333335 0.43362979063165363 0.7009357626567304 0.3167063575674237 0.7097601726993138 0.32448281693577 0.8929389933759169
0 0.5244140625 0.7942708333333334 0.5019531250000001 0.7643229166666667 0.453125 0.8294270833333336 0.4755859374999999 0.8593750000000001
0 0.58984375 0.6888020833333334 0.5687500000000001 0.6794270833333335 0.5589843750000001 0.7184895833333335 0.580078125 0.7278645833333334
0 0.776248094512195 0.7082063008130082 0.7568359375 0.6875000000000001 0.7407345655487806 0.7143356199186992 0.7601467225609755 0.7350419207317072
0 0.8320312499999998 0.76171875 0.8064100779510021 0.7497622030438011 0.7927382029510022 0.8018455363771345 0.8183593749999998 0.8138020833333335