0 0.1328125 1.666348834777323e-17 0.06640625 1.124187491404797e-17 0.06640625 0.07682291666666669 0.1328125 0.0768229166666667
0 0.28341547123600475 0.2135140443920644 0.17892558559222158 0.09896216976036139 0.14866941201384798 0.14802623502258885 0.2531592976576312 0.2625781096542919
0 0.26039209905660377 0.07910770440251577 0.2099609375 0.05989583333333339 0.2016693691037736 0.09858981918238999 0.25210053066037735 0.11780169025157237
0 0.14547939584811925 0.17467785220014195 0.1416015625 0.08333333333333333 0.07063201406139107 0.08868952566832268 0.0745098474095103 0.18003404453513128
0 0.33076746323529405 0.2575827205882353 0.2784926470588235 0.21576286764705888 0.25936351102941174 0.2582720588235295 0.3116383272058823 0.3000919117647059
0 0.3828125000000001 0.22265625000000003 0.33613281250000004 0.09817708333333333 0.28613281250000006 0.13151041666666666 0.33281250000000007 0.2559895833333334
0 0.1533203125 0.2578125 0.1272822427486188 0.2559852670349908 0.1263056802486188 0.2807248503683241 0.15234375 0.2825520833333333
0 0.15922522668393782 0.3909151014680484 0.11000242875647673 0.37364394430051817 0.10312095207253891 0.4085100928324698 0.15234375 0.42578125000000006
0 0.07617187500000004 0.4518229166666667 0.05600873161764708 0.4458486519607843 0.05210248161764708 0.4692861519607843 0.07226562500000004 0.4752604166666667
0 0.02635981721698117 0.35178852201257865 3.191891195797325e-17 0.3502604166666667 -0.0009728773584905343 0.38009532232704407 0.025386939858490602 0.38162342767295604
0 0.047650437677137523 0.6178044058022358 0.00011855293457729011 0.6164266700125964 -0.0019512798181388388 0.7433764121791845 0.0455806049244214 0.7447541479688239
0 0.188327205882353 0.6599111519607843 0.15850183823529415 0.6346047794117647 0.1412913602941177 0.6706648284313724 0.17111672794117655 0.6959712009803921
0 0.255859375 0.5299479166666666 0.24320451183431951 0.48945235453648916 0.21283284023668642 0.5063255054240631 0.22548770340236687 0.5468210675542406
0 0.3193359375 0.7994791666666667 0.28565481918557545 0.7956298960021612 0.28223605905591576 0.8488106091302001 0.31591717737034036 0.8526598797947057
0 0.4223707932692308 0.7173677884615385 0.33006310096153857 0.701983173076923 0.32213040865384623 0.7865985576923077 0.4144381009615385 0.8019831730769231
0 0.4686925551470589 0.7731311274509804 0.4560546875 0.7630208333333334 0.4450252757352941 0.7875306372549019 0.457663143382353 0.797640931372549
0 0.5357606059675837 0.8831731949901769 0.5018245794449901 0.872889550589391 0.49118599582514744 0.9353025744924689 0.5251220223477407 0.9455862188932548
0 0.5281099759615385 0.4912459935897436 0.516180889423077 0.36400240384615384 0.37507512019230765 0.38752003205128205 0.3870042067307692 0.5147636217948718
0 0.6141773897058823 0.26415441176470605 0.5891544117647058 0.25674019607843146 0.5843520220588234 0.2855545343137256 0.609375 0.2929687500000001
0 0.7057935393258427 0.13972378277153566 0.6774051966292134 0.136118913857678 0.672629915730337 0.20297284644194763 0.7010182584269662 0.20657771535580535
0 0.7369025735294116 0.08249080882352952 0.7050206801470587 0.05698529411764716 0.6903722426470587 0.08953737745098049 0.7222541360294116 0.11504289215686286
0 0.7873046875 0.19348958333333346 0.7447265624999999 0.16510416666666672 0.7328124999999999 0.19687500000000008 0.775390625 0.22526041666666682
0 0.9034182867498834 0.3268180709541532 0.8173828125 0.1901041666666668 0.7332913775391533 0.2841834732129013 0.8193268517890371 0.42089737750038775
0 0.9677168041356877 0.31151641883519215 0.962890625 0.29296875 0.8956849732806692 0.3240570786864932 0.9005111524163569 0.3426047475216853
0 0.9020804073033709 0.6642819522471911 0.8597809866573034 0.5740431882022473 0.8278287394662922 0.6006700608614233 0.8701281601123595 0.6909088249063672
0 0.845094295511222 0.873087463632585 0.8400215282107231 0.7378136689526185 0.7646240843204488 0.74284016521197 0.7696968516209475 0.8781139598919367
0 1.0786093749999996 0.8922812500000001 0.9495859374999999 0.6437916666666671 0.8599062499999999 0.726572916666667 0.9889296874999995 0.9750625