0 0.05756761180499598 0.07646303384367446 0.04341886583400484 0.06345269272092399 -0.00012905419016923103 0.14764533810099384 0.014019691780821908 0.1606556792237443
0 0.1650390625 2.6830389761774617e-17 0.11918216204751131 -0.0013009049773755458 0.11890996182126697 0.015756975867270005 0.16476686227375564 0.01705788084464558
0 0.23494798574270562 0.08608463196286473 0.22708212450265258 -0.005309184350132627 0.17035601790450933 0.0033702199381078655 0.1782218791445624 0.09476403625110522
0 0.26562500000000006 0.05859375000000004 0.23144531250000006 0.05729166666666671 0.2307093061786297 0.09163862833061452 0.2648889936786297 0.09294071166394785
0 0.3196695049157304 0.29815952715355815 0.24809295997191017 0.23983789794007493 0.2078278616573034 0.3276890215355806 0.2794044066011236 0.3860106507490638
0 0.21484375000000008 0.5026041666666666 0.15039062500000006 0.5026041666666666 0.15039062500000006 0.55859375 0.21484375000000008 0.55859375
0 0.18495725235849053 0.6030119889937107 0.16118808962264156 0.545965998427673 0.10513708726415098 0.5874852594339622 0.12890624999999997 0.64453125
0 0.24961518355018592 0.9123538181536558 0.19305442611524165 0.8143151719330857 0.08441275557620828 0.9257425263320943 0.14097351301115255 1.0237811725526644
0 0.37046676530023104 0.7409846516551195 0.34217126154734423 0.7143535892994614 0.31740762124711325 0.7611293543110087 0.3457031250000001 0.7877604166666667
0 0.38671875000000006 0.9986979166666667 0.3865791129934589 0.9864098600910414 0.2577320350154923 0.9890128313633235 0.2578716720220335 1.001300887938949
0 0.623046875 0.3567708333333334 0.591796875 0.3567708333333334 0.591796875 0.4205729166666668 0.623046875 0.4205729166666668
0 0.619140625 0.24739583333333345 0.59765625 0.24739583333333345 0.59765625 0.2903645833333334 0.619140625 0.2903645833333334
0 0.6747933977601155 0.25641257225433534 0.6542178468208092 0.23629425578034685 0.623046875 0.29296875 0.6436224259393063 0.3130870664739885
0 0.4267578125 0.059895833333333405 0.3828125 0.0598958333333334 0.3828125 0.1067708333333334 0.4267578125 0.1067708333333334