0 0.35839843750000006 5.921189464667501e-17 0.3262310063073394 -0.0012996941896023942 0.3256038560779816 0.026294915902140725 0.3577712872706422 0.02759461009174318
0 0.5872012867647058 0.205499387254902 0.5248965992647059 0.15263480392156867 0.5049517463235295 0.1944240196078432 0.5672564338235293 0.24728860294117655
0 0.6045781626304522 0.27000372123361 0.5729463703338238 0.19644141356703257 0.474009639667514 0.2720730476763894 0.5056414319641424 0.34563535534296685
0 0.2468430196529745 0.528000767233239 0.12597722645184137 0.4220163479697828 0.09237241058781871 0.4901466595845137 0.21323820378895184 0.5961310788479698
0 0.21542968750000005 0.4026041666666667 0.13515625000000003 0.36692708333333335 0.12324218750000002 0.41458333333333336 0.203515625 0.4502604166666667
0 0.19628906250000006 0.5885416666666666 0.15234375000000006 0.5299479166666667 0.06054687500000004 0.6523437500000001 0.10449218750000004 0.7109375000000001
0 0.07851800283226251 0.6760736353004171 6.661338147750939e-17 0.65234375 -0.003761598537368882 0.6744708002198173 0.07475640429489357 0.6982006855202344
0 0.02363281250000009 0.84453125 0.010742187500000088 0.8359375 0.0035156250000000443 0.8552083333333335 0.016406250000000046 0.8638020833333334
0 0.08527343750000008 0.7880729166666666 0.05308593750000008 0.7558854166666666 0.013945312500000062 0.8254687500000001 0.04613281250000005 0.85765625
0 0.07325473050458724 0.7388331422018349 0.04139191513761471 0.6988484327217125 -0.02990969036697244 0.7998590405198776 0.001953125000000089 0.83984375
0 0.279026003649635 0.9280432633819953 0.2543909671532847 0.8377147962287107 0.15496692518248179 0.8859203923357666 0.17960196167883208 0.976248859489051
0 0.263671875 0.8320312499999999 0.257094327577821 0.6917102383268482 0.1984853781614786 0.6965943174448768 0.20506292558365757 0.8369153291180285
0 0.5414605676775148 0.782690766765286 0.5316140440088758 0.7772204758382644 0.5192769970414203 0.8166990261341224 0.5291235207100591 0.822169317061144
0 0.834400795990566 0.9984473270440251 0.8333357900943396 0.9657871462264151 0.7842607606132075 0.9686320754716982 0.785325766509434 1.001292256289308
0 0.6307010135135135 0.6822564752252253 0.6123046875 0.6692708333333334 0.6042757601351351 0.6894918355855856 0.6226720861486486 0.7024774774774776