0 0.08115571120689656 0.058908045977011506 0.03199084051724138 0.0326867816091954 0.007071659482758624 0.1157507183908046 0.05623653017241381 0.1419719827586207
0 0.023662860576923107 0.35697115384615385 0.0000927955316742446 0.35547464177978877 -0.0022182550904976976 0.42018405920060337 0.021351809954751166 0.4216805712669684
0 0.2849437338082902 0.37060799870466327 0.2367784569300518 0.3537079015544042 0.22891029792746115 0.3935732405008636 0.2770755748056995 0.4104733376511227
0 0.5111583957467746 0.20290433203950728 0.43109970376394047 -0.04221363847583642 0.3320109627842772 0.015321759512355133 0.41206965476711127 0.2604397300276988
0 0.5449218750000001 0.24609375 0.5369370404411765 0.20350796568627447 0.4606502757352941 0.22893688725490194 0.46863511029411764 0.27152267156862747
0 0.6700191260373444 0.3810241614799447 0.6129651841286307 0.24962720435684638 0.49609375 0.33984374999999994 0.5531476919087137 0.4712407071230983
0 0.6396875 0.6514062500000001 0.6259765625 0.5234375 0.4769531249999999 0.5518229166666667 0.4906640624999999 0.6797916666666667
0 0.44600089651639346 0.7379610655737705 0.4423828125000001 0.6848958333333334 0.40769082991803274 0.6891009221311476 0.4113089139344262 0.7421661543715847
0 0.4138863561007958 0.8068046805923961 0.4078508372015916 0.7633489445181255 0.35238882211538464 0.7770432692307693 0.35842434101458887 0.8204990053050397
0 0.015625000000000177 0.7122395833333335 0.0009765625000001331 0.7031250000000001 -0.004811530565693278 0.7196624087591242 0.009836906934306767 0.7287769920924576
0 0.782496627042007 0.7926496864060678 0.7672043647899649 0.6448244846363285 0.6721644362602099 0.6623030921820304 0.687456698512252 0.8101282939517699
0 0.8346437101910826 0.8777285695329086 0.8150813594745223 0.7890459129511677 0.7148375298566878 0.8283572186836518 0.7343998805732483 0.9170398752653927
0 0.6577297001774849 0.9243339038201489 0.6174628391227182 0.9170126563556458 0.6093750000000001 0.9960937500000001 0.6496418610547667 1.0034149974645032
0 0.45312500000000017 0.9817708333333334 0.43164062500000017 0.9817708333333334 0.43164062500000017 0.9986979166666666 0.45312500000000017 0.9986979166666666
0 0.50390625 0.9986979166666666 0.4926692514858841 0.9510258017582963 0.45102386701337294 0.9684772009658248 0.4622608655274888 1.0161493158741952