0 0.7978064903846155 0.27886618589743584 0.7501502403846155 0.16766826923076916 0.692938701923077 0.21125801282051276 0.740594951923077 0.32245592948717944
0 0.8587524162371135 0.17689379295532628 0.7905146585051547 0.11983623281786926 0.7668532538659794 0.17014336340206176 0.8350910115979383 0.2272009235395188
0 0.4958412728658536 0.24983485772357725 0.478810975609756 0.21474212398373985 0.4363757621951219 0.2513528963414634 0.4534060594512194 0.2864456300813008
0 0.5984375 0.4486979166666666 0.5885937499999999 0.3568229166666667 0.48359375 0.37682291666666673 0.49343750000000003 0.4686979166666666
0 0.6607207369942196 0.5458890293834299 0.6026011560693642 0.4402170640655107 0.5001467666184971 0.5403946893063585 0.5582663475433527 0.6460666546242776
0 0.7167968749999999 0.47786458333333337 0.712762661637931 0.41331716954022996 0.6398639547413794 0.42141702586206903 0.6438981681034484 0.4859644396551725
0 0.8135395010395012 0.7173450493762996 0.7387189773908525 0.6359613218988222 0.7083826013513514 0.685543355855856 0.7832031250000002 0.7669270833333335
0 0.553579379857513 0.8673021912780657 0.5364566466968913 0.8539845099309157 0.5188532221502592 0.8942209088946461 0.5359759553108809 0.9075385902417963
0 0.35000201353092786 0.2901632302405499 0.33434681056701027 0.23589185996563575 0.295213836984536 0.25596005154639173 0.3108690399484536 0.31023142182130586
0 0.2701225630733945 0.31122180810397554 0.2313378010321101 0.28337633792048933 0.18304723337155965 0.40295298165137616 0.22183199541284404 0.4307984518348624
0 0.08775914450021474 0.5773751207859138 0.0693359375 0.4401041666666667 -0.017660326524586645 0.4608611700128839 0.0007628804756280916 0.598132124132131
0 0.2589340965346535 0.8886525371287131 0.2335918162128713 0.5507554661716173 0.1106029548267327 0.5671539810231024 0.13594523514851484 0.9050510519801982
0 1.0000411739864865 0.9255377252252253 0.9990234375000002 0.8671875 0.9700147804054055 0.8680869932432432 0.9710325168918919 0.9264372184684684