0 0.38671875 6.067423269213124e-17 0.349609375 5.764450753799064e-17 0.349609375 0.04817708333333339 0.38671875 0.04817708333333339
0 0.18903685929902755 0.09414885534846038 0.15416550597649917 0.038935879254457066 -0.008616541734197736 0.2217087047541869 0.02625481158833064 0.2769216808481902
0 0.09243754976114653 0.32860602441613584 0.06959718351910833 0.31964901804670914 0.06054687500000002 0.36067708333333337 0.08338724124203822 0.3696340897027601
0 0.013671875000000056 0.5989583333333334 5.507322763743712e-17 0.5989583333333334 5.848166843584529e-17 0.6731770833333334 0.013671875000000059 0.6731770833333334
0 0.3837890625 0.5000000000000001 0.32128906249999994 0.41666666666666674 0.28222656249999994 0.46875000000000006 0.3447265625 0.5520833333333335
0 0.41653262867647056 0.3543198529411765 0.3214613970588235 0.2782628676470588 0.29492187499999994 0.3372395833333333 0.3899931066176471 0.413296568627451
0 0.33169450431034486 0.274559985632184 0.31542968750000006 0.22395833333333337 0.25084186422413796 0.2608656609195403 0.26710668103448276 0.3114673132183909
0 0.3261718750000001 0.65625 0.2890625000000001 0.65625 0.2890625000000001 0.6940104166666666 0.3261718750000001 0.6940104166666666
0 0.8568484202306582 0.1430940152971327 0.812830370014416 0.022778011372737456 0.7558406039764536 0.059844525868973264 0.7998586541926958 0.18016052979336852
0 0.7441406250000001 0.001302083333333448 0.6372737612911796 -0.0001668769925609992 0.6365396270589798 0.09478115037194484 0.7434064907678003 0.09625011069783929
0 0.5387046789656349 0.15810978038233958 0.49985820508079193 0.08111676907904725 0.4450715819868001 0.13025870979365808 0.48391805587164305 0.20725172109695042