0 0.36245492788461536 0.07191506410256411 0.35096153846153844 0.01572516025641025 0.28270733173076923 0.04054487179487179 0.2942007211538461 0.09673477564102566
0 0.429296875 0.01848958333333336 0.39531250000000007 0.0033854166666667258 0.38300781250000004 0.05260416666666671 0.4169921875 0.06770833333333334
0 0.7451171875 1.2212453270876723e-16 0.6914417496282221 -0.0013012227362854123 0.6908460013218771 0.04238698639568198 0.744521439193655 0.04368820913196751
0 0.8068076380641331 0.0026567448535234814 0.7297844603622327 -0.0008845506730006761 0.7271215298396674 0.10208209619952506 0.8041447075415677 0.10562339172604922
0 0.513671875 0.2291666666666667 0.4609375 0.2291666666666667 0.4609375 0.3138020833333334 0.513671875 0.3138020833333334
0 0.47919827831981754 0.5307950297769893 0.46215332773694884 0.24955334515965533 0.4089770495438418 0.2552827758067241 0.4260220001267105 0.536524460424058
0 0.41770390406570357 0.37343701460080775 0.40546001281453864 0.3066521532308171 0.3129823654473439 0.3367930160764213 0.3252262566985088 0.40357787744641194
0 0.4140625000000001 0.4726562500000001 0.38029501593484427 0.45146880901794156 0.3638732737252125 0.49799707861189807 0.39764075779036834 0.5191845195939566
0 0.583984375 0.3190104166666668 0.55859375 0.2851562500000001 0.5126953125 0.3463541666666668 0.5380859375 0.3802083333333334
0 0.6379583381873253 0.6254429267629699 0.5576171875 0.4583333333333333 0.4553566227865796 0.5457355253960858 0.535697773473905 0.7128451188257223
0 0.08789062500000003 0.3229166666666667 0.06054687500000002 0.3229166666666667 0.060546875000000035 0.3658854166666667 0.08789062500000003 0.3658854166666667
0 0.1957329851045164 0.6371812538144646 0.06874886758086671 0.5776084579391721 0.02145338247635036 0.7568334541247076 0.14843750000000006 0.81640625
0 0.05468750000000007 0.6302083333333334 6.691307462138125e-17 0.6302083333333334 7.606204729079263e-17 0.8294270833333334 0.05468750000000007 0.8294270833333334
0 0.55033173844392 0.7568841962798446 0.4912109375 0.7421875 0.4792937300458079 0.8274135896724043 0.5384145309897279 0.8421102859522487