0 0.08518736172566374 0.027705567846607694 0.02038855088495577 0.005166851032448376 -0.021104120575221243 0.21724050516224183 0.043694690265486724 0.23977922197640117
0 0.2253784461605081 0.20967751635873752 0.21503996463625868 0.19014927347959973 0.17482047488452657 0.22800291089299468 0.185158956408776 0.24753115377213245
0 0.07258738258670522 0.3354708574181118 0.049895005419075156 0.31328275529865124 0.03219833815028901 0.3454585139691716 0.05489071531791907 0.3676466160886321
0 0.1015625 0.4466145833333333 0.09043694048408488 0.3665105548187445 0.053229132128647216 0.3756976679929266 0.06435469164456234 0.45580169650751545
0 0.3678296232876712 0.4124393550228311 0.3406999143835616 0.31597816780821925 0.27734374999999994 0.3476562500000001 0.30447345890410954 0.4441174372146119
0 0.44933046571011676 0.4997000648508431 0.30745607368677047 0.4232287613488976 0.2981137524319067 0.4540420314526589 0.43998814445525297 0.5305133349546044
0 0.41975129639737985 0.43188796397379925 0.36653930131004364 0.3776325964337701 0.3359375 0.4309895833333334 0.3891494950873362 0.4852449508733626
0 0.5429687499999999 0.30078125000000006 0.5372343749999999 0.25872916666666673 0.5239999999999999 0.26193750000000005 0.529734375 0.30398958333333337
0 0.8911613175675674 0.43309262387387387 0.8896484374999998 0.3463541666666667 0.8198733108108106 0.3485177364864865 0.8213861908783782 0.4352561936936937
0 0.888909885062777 0.29773856782373226 0.8196763640140325 0.2941881308468736 0.8178184430391433 0.35859605797636646 0.8870519640878877 0.36214649495322515
0 0.933421121712929 0.40926790388361345 0.9051814166362308 0.2994468285853422 0.8690792777574871 0.31595066350133927 0.8973189828341853 0.42577173879961056
0 1.0056882459994754 0.6386124409758658 0.9265549170383001 0.5896251420951383 0.8936909758656872 0.684003639821616 0.9728243048268626 0.7329909387023436
0 0.2906296472240582 0.8611788114122055 0.24706966705221411 0.8423420632297864 0.20978343935888963 0.9956298881912315 0.2533434195307337 1.0144666363736505
0 0.11495805267818815 0.9129119257191929 0.06625865446543591 0.8328788061757549 0.03414614306032635 0.8676168688278232 0.0828455412730786 0.947649988371261