0 0.028320312500000007 4.741577501003273e-18 0.00004064172116527978 -0.0009196640903686126 -0.0011414517687277095 0.06370144669044789 0.027138219010107018 0.0646211107808165
0 0.5927734375 0.05208333333333344 0.5546875 0.05208333333333343 0.5546875 0.09895833333333343 0.5927734375 0.09895833333333343
0 0.5492337740384615 0.17776442307692314 0.5400390624999999 0.13281250000000003 0.48649338942307685 0.1522836538461539 0.4956881009615384 0.197235576923077
0 0.5303876201923077 0.22772836538461547 0.4910126201923076 0.2248116987179488 0.4879176682692307 0.299090544871795 0.5272926682692307 0.30200721153846166
0 0.7180251288659795 0.29904961340206193 0.6779759987113403 0.2753167955326462 0.6492227770618557 0.3615764604810998 0.6892719072164949 0.38530927835051554
0 0.9345162259615387 0.39432692307692324 0.8705889423076926 0.3535616987179489 0.803260216346154 0.5412660256410258 0.8671875000000002 0.5820312500000002
0 0.9609375 0.4192708333333334 0.89453125 0.4192708333333334 0.89453125 0.5221354166666667 0.9609375 0.5221354166666667
0 0.88453125 0.6319270833333335 0.81484375 0.5622395833333333 0.7413671875 0.6928645833333333 0.8110546875000001 0.7625520833333334
0 0.90234375 0.6432291666666669 0.84375 0.6432291666666669 0.84375 0.7643229166666669 0.90234375 0.7643229166666669
0 0.28457581946446264 0.4430542340404768 0.13284874391946672 0.33340922270516166 0.0450561182551122 0.5493873252785034 0.19678319380010809 0.6590323366138187
0 0.191664338946738 0.6255456943420568 0.08070552951068934 0.6170104013085146 0.07410860325285669 0.7694726970450918 0.18506741268890536 0.778007990078634
0 0.07087978696949607 0.7087719661803713 0.04199218750000004 0.6822916666666666 0.010335502320954948 0.7436864500442086 0.039223101790450965 0.7701667495579133
0 0.027891842984409804 0.9148483899406088 0.026915715478841872 0.8276476661098737 0.0009769974944320707 0.8281638595025984 0.001953125 0.9153645833333335
0 0.427734375 0.7864583333333334 0.3388671875000001 0.7864583333333334 0.3388671875000001 0.8971354166666666 0.427734375 0.8971354166666666
0 0.3814379422169812 0.9982114779874215 0.37890625000000006 0.9205729166666667 0.32398290094339627 0.9237568789308176 0.3265145931603774 1.0013954402515723
0 0.5815484550561798 0.5757695458801497 0.5770387113764045 0.5497132490636704 0.5313926439606742 0.5637581928838952 0.5359023876404494 0.5898144897003745