0 0.462783264381809 0.08655823566633657 0.350830319928194 -0.05223722763288204 0.26740950757263116 0.06738506932981192 0.3793624520262462 0.20618053262903052
0 0.12890624999999997 0.32421875 0.11344890021459227 0.29072782546494996 0.07770587446351931 0.32005543633762523 0.09316322424892702 0.35354636087267527
0 0.12890624999999997 0.32421875 0.11344890021459227 0.29072782546494996 0.07770587446351931 0.32005543633762523 0.09316322424892702 0.35354636087267527
0 0.419921875 0.2617187500000001 0.3623046875 0.25520833333333337 0.3584469035225328 0.31590413457881733 0.4160640910225329 0.322414551245484
0 0.5810883620689655 0.305450790229885 0.5476158405172414 0.19387571839080459 0.49676724137931033 0.22099497126436782 0.5302397629310345 0.3325700431034483
0 0.3867187500000001 0.49609375000000006 0.3544921875000001 0.47916666666666674 0.33549967706677275 0.5434490096714363 0.36772623956677275 0.5603760930047696
0 0.1568857487416108 0.6779222595078301 0.04535444630872489 0.6516796001118569 0.024591023489932938 0.8085587947427294 0.13612232592281884 0.8348014541387025
0 0.16660156250000013 0.8421875 0.0974609375000001 0.79609375 0.06250000000000004 0.8893229166666667 0.1316406250000001 0.9354166666666668
0 0.06872979525862073 0.943426724137931 0.05519261853448278 0.9013110632183907 0.0078125 0.9283854166666666 0.021349676724137946 0.970501077586207
0 0.2513024798264312 0.8729858150629314 0.19345453334348364 0.851231031770199 0.17382812500000008 0.9440104166666666 0.2316760714829477 0.9657651999593991
0 0.5243084881756758 0.7052716779279282 0.4912109375000001 0.6979166666666669 0.4864336993243244 0.7361345720720723 0.5195312500000001 0.7434895833333336
0 0.6342556132707776 0.693080456881144 0.5490365281501342 0.6874923201519214 0.5455397536863272 0.7822937611706883 0.6307588388069707 0.7878818978999108
0 0.6345509746287128 0.6309870049504951 0.6166963180693068 0.5255595090759076 0.5403233292079207 0.5485535272277228 0.5581779857673267 0.6539810231023103
0 0.7687800480769231 0.5705128205128208 0.6874248798076923 0.4981971153846157 0.634990985576923 0.603064903846154 0.7163461538461539 0.6753806089743591
0 0.5912255315977742 0.9495499635665079 0.5324082124403817 0.9186560181505037 0.5121037857710653 0.9873786930312669 0.5709211049284579 1.0182726384472711
0 0.06882841012773723 0.9983994829683698 0.0682738366788321 0.9710405261557178 0.019217609489051095 0.9728083181265207 0.019772182937956205 1.0001672749391726
0 0.9879807692307692 0.7623197115384618 0.9435246394230772 0.7461538461538465 0.9330679086538464 0.7972756410256413 0.9775240384615383 0.8134415064102567