0 0.2892493630407654 0.040258423460898536 0.22049838810316139 -0.019799899473100378 0.19101465006239599 0.04020209373266782 0.25976562499999994 0.10026041666666673
0 0.23828125 0.18098958333333337 0.2080078125 0.1197916666666667 0.17348987085962142 0.15014787066246063 0.2037633083596214 0.2113457873291273
0 0.2060546875 0.12500000000000003 0.150390625 0.05078125 0.126953125 0.08203125 0.1826171875 0.15625000000000003
0 0.240234375 0.2643229166666667 0.1806640625 0.22916666666666669 0.1619996488764045 0.28539033239700373 0.22156996137640447 0.32054658239700373
0 0.37449984805510533 0.18703361358725015 0.3330078125 0.18229166666666666 0.3299451732171799 0.22993272217720157 0.37143720877228525 0.23467466909778506
0 0.13163843047752813 0.28499531835206 0.0942657127808989 0.273496020599251 0.08040730337078654 0.35356683052434457 0.11778002106741577 0.3650661282771536
0 0.6171875000000001 0.3059895833333334 0.586093527104137 0.2779047045886828 0.55859375 0.33203125 0.5896877228958631 0.36011612874465065
0 1.0029296875 0.1588541666666668 0.943359375 0.07942708333333345 0.853515625 0.1992187500000001 0.9130859375 0.2786458333333334
0 1.0022850736071933 0.25698974494593324 0.9983705593265162 0.2294017395392572 0.946846901445698 0.24239869828396807 0.9507614157263751 0.2699867036906441
0 0.342817901559865 0.5384191434794828 0.29186867622259693 0.505548675519955 0.27042711846543 0.5646320791174816 0.3213763438026981 0.5975025470770094
0 0.4296875 0.5924479166666667 0.41220366379310347 0.5648976293103449 0.3793709590517242 0.6019396551724139 0.3968547952586207 0.6294899425287357
0 0.39767180321592654 0.7745142611026036 0.3764999880359878 0.7267419601837674 0.30684849971286376 0.7816188903777438 0.32802031489280253 0.82939119129658
0 0.07672422935520362 0.5958121229260934 0.0648861708144797 0.5883354543740573 0.04281409078054301 0.6504642722473606 0.05465214932126694 0.6579409407993969
0 0.5230739846214509 0.7793810791272345 0.5160224024053627 0.701030165615142 0.43908344834384855 0.7133403982649842 0.44613503055993686 0.7916913117770767
0 0.4594977038699457 0.9408632568899618 0.4415135127489439 0.8632843932307384 0.3568790783418829 0.8981640389257695 0.37486326946288473 0.975742902584993
0 0.8829792301829269 0.8170096544715448 0.7537157012195123 0.7978595020325207 0.7466415777439025 0.8827489837398377 0.8759051067073171 0.901899136178862