0 0.10546875 0.26953125 0.057555650684931514 0.19257990867579908 -0.0459599743150685 0.3071632420091324 0.001953125 0.3841145833333333
0 0.1259228410517819 0.5163475145499482 0.11562233728474051 0.3774814637646497 0.059530371771107406 0.3848782064697442 0.06983087553814878 0.5237442572550427
0 0.24023437500000008 0.4622395833333334 0.1162109375 0.29687500000000006 0.08300781250000001 0.34114583333333337 0.20703125000000008 0.5065104166666669
0 0.5903395432692308 0.5806490384615385 0.4783353365384616 0.38864182692307686 0.44966947115384615 0.4183693910256411 0.5616736778846153 0.6103766025641025
0 0.6868627650897225 0.5470852875203914 0.6831126376427405 0.3720793399945623 0.6256260832993475 0.3742693039695487 0.6293762107463295 0.5492752514953778
0 0.9970703125 0.22135416666666666 0.9794921875 0.1979166666666668 0.9189453125 0.2786458333333334 0.9365234375 0.3020833333333333
0 0.7416878878845117 0.6822909639773342 0.6566832079735564 0.5578938714247168 0.6140896940771722 0.609637103121065 0.6990943739881275 0.7340341956736826
0 0.6328125000000001 0.7565104166666666 0.5986328125000001 0.7213541666666666 0.578526819984647 0.7561052648413511 0.612706507484647 0.7912615148413511
0 0.3125 0.8398437500000001 0.28199040717158186 0.7908197888739947 0.20961115532841826 0.8708989611260055 0.24012074815683643 0.9199229222520109
0 0.39864732459772834 0.9986535484697902 0.3981190657536678 0.9528711153178736 0.32773308092759107 0.9543149303912289 0.3282613397716517 1.0000973635431456
0 0.6400544241573034 0.9516473548689138 0.5888452422752809 0.9358906835205992 0.5787065484550562 0.9944698033707866 0.6299157303370787 1.0102264747191012
0 0.27539062500000006 0.9986979166666666 0.2745059742647059 0.9833639705882354 0.2494140625 0.9859375 0.2502987132352941 1.0012714460784313