0 0.076171875 0.020833333333333346 0.0019531250000000043 0.020833333333333336 0.001953125000000013 0.22005208333333334 0.07617187500000001 0.22005208333333334
0 0.11656821646341461 0.32459984756097554 0.11116139481707317 0.25971798780487804 0.06592987804878049 0.2664189532520325 0.07133669969512195 0.33130081300813
0 0.09301390195969886 0.3663640389725421 0.08708619353410099 0.3132969349719516 0.024031741308680243 0.32581838647770894 0.02995944973427812 0.3788854904782994
0 0.26820657531545744 0.6271318020504733 0.20389824033911674 0.6168424684542587 0.19834384858044168 0.6785579324395373 0.2626521835567824 0.688847266035752
0 0.06995522103658539 0.7522230691056911 0.068359375 0.7330729166666666 0.032345655487804874 0.7384082825203252 0.03394150152439025 0.7575584349593497
0 0.6467527243668101 0.426366207053915 0.5921989215602388 0.42276529597757356 0.5815508950836105 0.7095521424147597 0.6361046978901819 0.7131530534911011
0 0.5879352395304569 0.5369276120981389 0.5675315276015228 0.5349844014382403 0.5655337880710659 0.5722755393401016 0.5859375 0.5742187500000001
0 0.54296875 0.30078125000000006 0.5371885557432432 0.25453969594594594 0.5210356841216216 0.25812922297297297 0.5268158783783784 0.3043707770270271
0 0.37585829368512114 0.07760686995386393 0.3173152303200692 0.03597624711649369 0.2486247026384083 0.20770256632064593 0.30716776600346024 0.2493331891580162
0 0.21773392341040462 0.2034335862235068 0.2041015625 0.1901041666666667 0.1777738890895954 0.23797266377649332 0.19140625000000003 0.25130208333333337
0 0.5839843749999999 0.15234375000000008 0.5763049285025705 0.11284945372750643 0.5449218749999999 0.12369791666666667 0.5526013214974292 0.16319221293916034
0 0.6366042564655171 0.10155352011494259 0.6228650323275862 0.08094468390804603 0.5767376077586206 0.1356142241379311 0.5904768318965516 0.15622306034482764
0 0.5690720016891893 0.02132601351351363 0.5365551097972971 -0.009642454954954912 0.497756545608108 0.06278153153153158 0.5302734375 0.09375000000000012
0 0.6503906249999999 0.26953125 0.6434447260388739 0.2457167392761395 0.5992873450067024 0.2686131590705988 0.6062332439678284 0.29242766979445933
0 0.8932985399590162 0.42853483606557385 0.8876953124999998 0.34635416666666663 0.8188396516393441 0.35470030737704916 0.8244428790983604 0.4368809767759564
0 0.8892463235294119 0.2986366421568629 0.8211397058823531 0.29165134803921583 0.8173138786764707 0.35796568627451 0.8854204963235295 0.36495098039215706
0 0.9315766687657432 0.41032024034424863 0.9040804077455918 0.29422491603694373 0.8679057777078085 0.3094563392107473 0.8954020387279596 0.4255516635180522
0 1.0035492995689654 0.6239762931034484 0.9081761853448276 0.6164960488505749 0.9033741918103448 0.7253412356321841 0.9987473060344827 0.7328214798850576
0 0.872020736804996 0.8649432161563256 0.8157633397965351 0.8511658944399679 0.8070238529915391 0.9146080949503091 0.86328125 0.9283854166666669
0 0.7857052052514792 0.5490245931952664 0.7690631934171598 0.5397790310650888 0.7574195636094674 0.5770386464497043 0.774061575443787 0.5862842085798817
0 0.3740418632075472 0.42374213836478 0.3500515919811321 0.4146029874213838 0.33947523584905664 0.4639593160377359 0.3634655070754717 0.47309846698113217