0 0.7578946960975752 0.3781785526929353 0.7392578125 0.3463541666666667 0.6700962855560737 0.4183579481425352 0.6887331691536488 0.4501823341688038
0 0.6722750865051903 0.5253018670703575 0.6357421875000001 0.4739583333333334 0.6146038332612458 0.5006974480968859 0.6511367322664361 0.5520409818339099
0 0.5996026400862069 0.552191091954023 0.5575228987068965 0.4858836206896553 0.5192618534482759 0.5290499281609197 0.5613415948275862 0.5953573994252873
0 0.5227066807986872 0.5424103072574766 0.4815179670404814 0.5050658734500367 0.46400822278446385 0.5393987053245809 0.5051969365426696 0.5767431391320207
0 0.40051879285014697 0.5183401179399283 0.38244043064397654 0.5071697477962783 0.33873423726738505 0.6329209006692785 0.3568125994735555 0.6440912708129286
0 0.12109375000000003 0.48567708333333337 0.10670036764705886 0.44009803921568635 0.06365349264705886 0.46426470588235297 0.07804687500000002 0.50984375
0 0.2646167652027027 0.7783783783783785 0.2538956925675676 0.6878448761261262 0.21407833614864863 0.6962274774774776 0.22479940878378377 0.7867609797297298
0 0.4337830219072165 0.8056459407216496 0.3379248550257733 0.6656625859106531 0.25581507731958764 0.7656223152920966 0.35167324420103097 0.905605670103093
0 0.3936192850194553 0.9349718304150455 0.3036995379377433 0.829183892671855 0.2612361685311285 0.8933507619974062 0.35115591561284054 0.9991386997405968
0 0.623197823397738 0.9985948299560163 0.6224259616517437 0.8925924835061263 0.5053443096135721 0.8941081035972352 0.5061161713595664 1.0001104500471254
0 0.8756723749518119 0.6981947523130302 0.7922406575269854 0.6951046887047032 0.788868241615266 0.8569806524672322 0.8722999590400926 0.8600707160755591
0 0.9508589433701656 0.7329578153775324 0.9185946132596685 0.6942406192449356 0.8691622064917126 0.767473814456722 0.9014265366022098 0.8061910105893187
0 1.0105162116040955 0.6822045648464168 0.9728882252559726 0.6057540529010239 0.8690912969283275 0.6965763651877135 0.9067192832764505 0.7730268771331061