0 0.5534102879213483 0.09878569756554303 0.5458984375000001 0.057291666666666664 0.5098775456460675 0.06888459737827715 0.5173893960674156 0.11037862827715351
0 0.5603860891464472 0.020770147313691586 0.5277262510831889 -0.02656295132871165 0.4599423201906413 0.056585337232813455 0.4926021582538995 0.1039184358752167
0 0.614944306930693 0.1224345090759076 0.612594755569307 0.09110715759075907 0.5644434560643565 0.09752733085808579 0.5667930074257426 0.12885468234323433
0 0.2265625 0.16796875 0.2137755529490617 0.12922042560321714 0.15722394436997317 0.16239736930294904 0.17001089142091153 0.2011456936997319
0 0.25587762218858134 0.3870963091118801 0.21634407439446365 0.33153564734717417 0.15337708153114188 0.4111862024221453 0.19291062932525954 0.46674686418685124
0 0.16601562500000003 0.63671875 0.15167274926106683 0.40450076184584366 0.03767109310558152 0.4170185907570342 0.052013968844514716 0.6492365789111906
0 0.05394531250000003 0.38109375 0.030820312500000037 0.35796875 4.4408920985006264e-17 0.4127604166666667 0.02312500000000004 0.4358854166666667
0 0.287109375 0.6263020833333335 0.240234375 0.5638020833333335 0.2021484375 0.6145833333333335 0.2490234375 0.6770833333333335
0 0.37285111091040457 0.64598566955684 0.36043262283236993 0.5914056478805395 0.25137305816473987 0.6355196290944123 0.26379154624277457 0.6900996507707128
0 0.42163486168032793 0.5803449453551913 0.3031185963114755 0.5659793374316939 0.29935642930327877 0.6211577868852459 0.41787269467213123 0.6355233948087432
0 0.6916721657191376 0.33066225511911795 0.6632751356689309 0.25283335794447725 0.5713104049763732 0.31248615623154163 0.59970743502658 0.3903150534061824
0 0.571188291510319 0.47855837632895576 0.5362793884849907 0.45448327079424644 0.521273672021576 0.4931646732332709 0.5561825750469044 0.5172397787679802
0 0.9453125 0.9062500000000002 0.888671875 0.9062500000000002 0.888671875 0.9570312500000002 0.9453125 0.9570312500000002