0 0.18309036726804126 0.2742966065292097 0.10625402706185569 0.2287639604810997 0.09642799613402063 0.25824205326460486 0.17326433634020622 0.30377469931271484
0 0.1760995514577623 0.7110585259365397 0.1469917592044605 0.5259628213514411 0.08419681932157987 0.543518395942354 0.11330461157488166 0.7286141005274526
0 0.3871122451322557 0.2630149017266716 0.31146517381520944 0.13728186994856723 0.24035836471344602 0.21333750459221162 0.3160054360304923 0.339070536370316
0 0.4423828125 0.29687500000000006 0.3994140625 0.2395833333333334 0.34765625000000006 0.30859375000000006 0.39062500000000006 0.36588541666666674
0 0.483984375 0.14947916666666672 0.4546300551470588 0.11593137254901963 0.4189912683823529 0.1713694852941176 0.44834558823529413 0.2049172794117647
0 0.65234375 0.0013020833333334295 0.5216679842071792 -0.000007949406444233512 0.5214703531302997 0.03503862822687025 0.6521461189231205 0.03634866096664792
0 0.607421875 0.07682291666666674 0.4976240695284546 0.05356356846708705 0.4801512715113307 0.20019803025785207 0.5899490769828761 0.22345737845743177
0 0.8384271420060658 0.2471543724725593 0.7490234374999999 0.2421875000000001 0.7456706293327555 0.34947736135181984 0.8350743338388215 0.35444423382437906
0 0.7812500000000001 0.3736979166666668 0.7255538313356165 0.370947488584475 0.7233037243150686 0.45195134132420106 0.7789998929794522 0.45470176940639284
0 0.5505396262886597 0.5917230455326461 0.49936573775773185 0.5654800257731959 0.4628704896907216 0.6919968857388317 0.5140443782216495 0.7182399054982819
0 0.4381548713235294 0.9397365196078432 0.4327435661764706 0.8459405637254902 0.35388327205882353 0.8540287990196078 0.3592945772058823 0.9478247549019608
0 1.0000000000000002 0.9674479166666667 0.9970703125000002 0.8151041666666667 0.9527785192181341 0.8166184160096367 0.9557082067181341 0.9689621660096367