0 0.6865558097375691 0.07764301335174958 0.6604659444060774 -0.010904408379373839 0.6105522703729283 0.01524084944751382 0.63664213570442 0.10378827117863725
0 0.6132739854543039 0.11682496457669149 0.5799701946068012 0.0256777475203684 0.5189355572529223 0.06532417862203337 0.552239348100425 0.15647139567835647
0 0.1013671875 0.035677083333333345 0.06464843750000002 0.011197916666666686 0.03144531250000001 0.09973958333333337 0.0681640625 0.12421875000000003
0 0.12337027690195279 0.1449158360455655 0.08306263984947111 0.0969824298209927 0.035129233624898296 0.16864045124762683 0.07543687067737999 0.21657385747219962
0 0.14971454326923078 0.40554887820512814 0.11643051960059178 0.38705775394477315 0.09869059726331367 0.4438255054240631 0.13197462093195267 0.4623166296844181
0 0.4570312500000001 0.39713541666666685 0.383737888919214 0.3224049308588066 0.3429354871724891 0.39354758005822443 0.41622884825327516 0.46827806586608467
0 0.3740544458762887 0.6626320876288662 0.28047680412371145 0.5929929123711342 0.15094716494845367 0.9024248281786943 0.24452480670103097 0.9720640034364263
0 0.17883133561643844 0.9157926655251143 0.13777557791095899 0.8909103881278541 0.12500000000000008 0.9283854166666667 0.16605575770547953 0.953267694063927
0 0.3480535360840439 0.843734140276086 0.3082654537149817 0.8140257054405197 0.27271191763093783 0.8986769818311003 0.31249999999999994 0.9283854166666666
0 0.5064880633047211 0.7040414878397713 0.41331645654506444 0.627592989985694 0.36375905311158807 0.7349673640915595 0.45693065987124476 0.8114158619456368
0 0.8780085547802849 0.8472108818289787 0.8400130826900236 0.7929316359857483 0.7764089407660333 0.8720834570467143 0.8144044128562944 0.9263627028899447