0 0.716796875 0.08593750000000012 0.529296875 0.0859375000000001 0.529296875 0.2734375000000001 0.716796875 0.2734375000000001
0 0.44601562499999997 0.18234375 0.4425 0.14953124999999995 0.4003906249999999 0.15755208333333334 0.4039062499999999 0.19036458333333334
0 0.7460937500000001 0.0013020833333334517 0.6923828125000001 1.0732155904709847e-16 0.6920484705469268 0.02451840989204682 0.7457594080469268 0.025820493225380162
0 0.9778361910496957 0.13657084601081823 0.9139416677231237 0.07504278651115642 0.880516686739351 0.13675044371196776 0.9444112100659229 0.19827850321162957
0 0.7003142845812182 0.2964916455160745 0.648561429251269 0.23668834602368877 0.5531854774746192 0.3834205795262269 0.6049383328045684 0.4432238790186125
0 0.7685648073186527 0.4438012737478412 0.7314250728626942 0.25562661917098456 0.6662433209196891 0.27849740932642497 0.7033830553756476 0.4666720639032816
0 0.6972656249999999 0.44921875 0.6825312252180809 0.3346178628072958 0.6114613278152259 0.3508624107850912 0.626195727597145 0.4654632979777954
0 0.765625 0.48567708333333326 0.7476364213197969 0.4277138853637901 0.6850154663705583 0.462263377749577 0.7030040450507613 0.5202265757191201
0 0.9730009191176471 0.8455882352941174 0.9323874080882353 0.6289828431372548 0.7924517463235295 0.6756280637254901 0.8330652573529413 0.8922334558823528
0 0.63671875 0.7539062500000001 0.5858281067677946 0.7445470512446519 0.5780156067677946 0.8200678845779853 0.62890625 0.8294270833333335
0 0.6824137646783527 0.8413842679260269 0.5669679894911506 0.8211306231563423 0.5550218845728387 0.9421844863285683 0.670467659760041 0.9624381310982529
0 0.6074218750000001 0.9518229166666669 0.5732421875000001 0.9348958333333336 0.5631697229196557 0.9710533984935439 0.5973494104196557 0.9879804818268773
0 0.3124815742924529 0.9380650550314467 0.2643683667452831 0.9260367531446542 0.25620946344339635 0.9840556210691823 0.3043226709905661 0.9960839229559749