0 0.5749928718065693 0.320742092457421 0.572482322080292 0.19688830596107054 0.5212634010036497 0.1987340328467153 0.5237739507299269 0.32258781934306574
0 0.4199218750000001 0.25911458333333337 0.36230468750000006 0.25520833333333337 0.36001802023638974 0.3151698304680039 0.4176352077363898 0.3190760804680039
0 0.12890625 0.32421875000000006 0.10546875 0.29296875000000006 0.08105468750000001 0.32552083333333337 0.1044921875 0.35677083333333337
0 0.3867187500000001 0.49609375000000006 0.3544921875000001 0.47916666666666674 0.33525747714626397 0.5442687632485428 0.36748403964626397 0.5611958465818762
0 0.6391433189655172 0.6265714798850575 0.6086341594827587 0.5248742816091955 0.5379175646551724 0.5625897988505748 0.568426724137931 0.6642869971264368
0 0.7684283088235293 0.5746323529411763 0.7000689338235293 0.4965073529411764 0.6333409926470587 0.6003063725490195 0.7017003676470587 0.6784313725490195
0 0.984375 0.7799479166666667 0.9459093660329986 0.7730171718077476 0.9433103367109039 0.7986609277857487 0.9817759706779053 0.8055916726446679
0 0.63671875 0.6901041666666666 0.546875 0.6901041666666666 0.546875 0.78515625 0.63671875 0.78515625
0 0.5119964879587156 0.7023246368501529 0.4938091313073394 0.6950496941896025 0.48550387041284393 0.7319619648318043 0.5036912270642201 0.7392369074923548
0 0.5933459051724139 0.9504759339080461 0.5341796875000001 0.9166666666666666 0.5118534482758621 0.9861260775862071 0.571019665948276 1.0199353448275865
0 0.2872113353942215 0.8361349167482861 0.1835937500000001 0.8320312500000001 0.18141757468168473 0.9297173420666015 0.2850351600759061 0.9338210088148876
0 0.2578125 0.9986979166666667 0.2321882229015202 0.9317331391826394 0.17026267143093193 0.9738593646728355 0.1958869485294118 1.040824142156863
0 0.11328125000000008 0.8489583333333334 8.473264230428708e-17 0.8489583333333334 9.160932110809302e-17 0.9986979166666666 0.11328125000000008 0.9986979166666666
0 0.11523437500000014 0.9127604166666666 0.06738281250000004 0.875 0.05300427012646516 0.9073930379909522 0.10085583262646525 0.9451534546576189
0 0.2718620511049724 0.7326197053406999 0.2500593491022099 0.700319406077348 0.22470109633977894 0.7307493093922652 0.24650379834254146 0.7630496086556171