0 0.6769727641574586 0.11523164134438317 0.5223992144337016 0.07463656767955808 0.4919108252762431 0.2810195096685083 0.646484375 0.3216145833333334
0 0.984375 0.14453125 0.927734375 0.06901041666666667 0.88671875 0.12369791666666667 0.943359375 0.19921875
0 0.7165146954674222 0.6131041961756375 0.6826780497521248 0.4877832861189803 0.5765149167847026 0.5387415899433429 0.6103515625 0.6640625000000001
0 0.8568749999999999 0.7566145833333332 0.8465234374999999 0.6599999999999999 0.7910156249999999 0.6705729166666666 0.8013671875 0.7671875
0 0.5387290396341464 0.7162411077235773 0.4821360518292684 0.7078569613821138 0.477586699695122 0.76244918699187 0.5341796875 0.7708333333333335
0 0.5276009728773585 0.6543514150943397 0.513098466981132 0.6110740959119497 0.45750073702830185 0.6441961477987422 0.4720032429245283 0.6874734669811321
0 0.5193679761435332 0.8242967928496321 0.4397334631309149 0.8115552707676131 0.43013111198738174 0.9182480612513143 0.5097656250000001 0.9309895833333334
0 0.24633501838235294 0.45600490196078436 0.23686810661764707 0.29191176470588237 0.1421760110294118 0.30162377450980393 0.15164292279411767 0.4657169117647059
0 0.3935546875000001 0.28125 0.39130277447421136 0.24341786116675015 0.2990330221895343 0.2531818561175096 0.301284935215323 0.29101399495075947
0 0.4462890625 0.14843750000000003 0.41919617259174313 0.12301701070336396 0.3987349483944954 0.1617856460244649 0.4258278383027522 0.18720613532110095
0 0.14900116909144895 0.1748193784639747 0.004977917161520205 0.16819761975455266 0.002055188539192425 0.28120979315122724 0.14607844046912116 0.28783155186064924
0 0.02497979525862073 0.36985452586206896 0.0009765625000000334 0.3671875 -0.003380926724137903 0.4369073275862068 0.020622306034482795 0.4395743534482758
0 0.01921875 0.5634895833333334 0.0162890625 0.5361458333333334 0.000976562500000011 0.5390625 0.003906250000000011 0.56640625