0 0.6563674745618995 0.0013032610231770343 0.5256476558083663 -0.00000721335029198189 0.5253767135387224 0.0480398824665537 0.6560965322922556 0.049350356840022716
0 0.6105984922410511 0.08362092218837279 0.4986612242955065 0.06898859958111205 0.4879101116241432 0.21520373191165285 0.5998473795696878 0.2298360545189136
0 0.4873046875 0.17187500000000006 0.4580078125 0.13281250000000006 0.4208984375 0.1822916666666667 0.4501953125 0.2213541666666667
0 0.44448386649408284 0.30260878944773173 0.31290796042899405 0.15109714003944769 0.24459596893491123 0.25656126725838263 0.37617187500000004 0.4080729166666667
0 0.18664886754587154 0.2913560779816514 0.1137381737385321 0.2390099388379205 0.10263761467889909 0.26649703746177367 0.17554830848623854 0.31884317660550454
0 0.17997400238641853 0.7267110218301919 0.15124541218583853 0.5410801313033672 0.08814597556186562 0.5584408228612856 0.11687456576244562 0.7440717133881102
0 0.5637770432692308 0.5032051282051283 0.5059344951923077 0.4877804487179488 0.47213040865384615 0.7131410256410258 0.5299729567307693 0.7285657051282052
0 0.4423335222791797 0.9482370531019978 0.4341729100946372 0.857563584384858 0.35276702977129337 0.8705885252365931 0.36092764195583593 0.9612619939537328
0 0.6533203125000001 0.35156250000000006 0.6239909627375297 0.350214024148852 0.6228659441805225 0.3937147416864609 0.6521952939429929 0.395063217537609
0 0.8239379358905579 0.30652047567954216 0.8053119970493562 0.2004090665236051 0.714539464860515 0.22873524678111584 0.7331654037017168 0.33484665593705293
0 0.9371162819253438 0.49574072937131647 0.918133748772102 0.455542423870334 0.8519308693516698 0.5111201498035364 0.8709134025049117 0.5513184553045188