0 0.181640625 0.0013020833333333595 0.138671875 0.001302083333333356 0.138671875 0.020833333333333356 0.181640625 0.02083333333333336
0 0.5823709595033528 0.11236662650181621 0.4326171875 0.03125000000000006 0.4101104096814753 0.1051183989941325 0.5598641816848281 0.18623502549594867
0 0.5078125 0.0013020833333334135 0.474609375 0.001302083333333411 0.474609375 0.015625000000000076 0.5078125 0.01562500000000008
0 0.6015625 0.02083333333333343 0.564453125 0.020833333333333426 0.564453125 0.11197916666666675 0.6015625 0.11197916666666675
0 0.05468750000000002 0.3151041666666667 0.027343750000000035 0.3151041666666667 0.027343750000000035 0.35546875 0.05468750000000002 0.35546875
0 0.2526006771630935 0.5609386964012252 0.16044488179555902 0.48833110005104646 0.09539355618300158 0.6351135783563042 0.18754935155053604 0.707721174706483
0 0.28829708614864874 0.6793003941441442 0.2366712415540541 0.6678279842342344 0.23046875000000006 0.7174479166666669 0.2820945945945946 0.7289203265765767
0 0.23684042008196723 0.8108990778688524 0.23238985655737707 0.7456241461748634 0.19311923668032788 0.7503842213114754 0.19756980020491804 0.8156591530054644
0 0.46319159836065565 0.9036330259562841 0.41977779200819665 0.7713242827868855 0.3743884477459015 0.7978014002732243 0.4178022540983606 0.930110143442623
0 0.742970805534674 0.6152041537461632 0.7371472188615862 0.5778592487314415 0.5792716947002444 0.62162672077617 0.5850952813733322 0.6589716257908916
0 0.8169307106188972 0.5868304853532453 0.8161897347070649 0.5285403802891059 0.7357043814618035 0.5303592583285467 0.7364453573736358 0.5886493633926864
0 0.8528133778089888 0.5969393726591764 0.828783356741573 0.545675327715356 0.76953125 0.5950520833333336 0.7935612710674157 0.6463161282771537
0 0.740234375 0.5104166666666667 0.716796875 0.5104166666666667 0.716796875 0.5481770833333334 0.740234375 0.5481770833333335
0 0.764509777510142 0.3524842587897229 0.7223254468813387 0.3448143804935769 0.7156281693711967 0.4102988717038541 0.7578125 0.4179687500000001
0 0.636688701923077 0.2688100961538461 0.6039362980769231 0.1923878205128205 0.5782752403846155 0.2119391025641025 0.6110276442307694 0.2883613782051281
0 1.00792001146789 0.21697008792048933 0.9925548308486238 0.17892297400611626 0.950508887614679 0.20910980504587162 0.9658740682339448 0.2471569189602447
0 0.8819668170103092 0.39185996563573894 0.8095703125000002 0.34895833333333354 0.783595763530928 0.42688198024055 0.8559922680412371 0.4697836125429555
0 0.9974294513539043 0.5245198362720404 0.963975421127204 0.5013250419815283 0.9557570450251889 0.5223978012174644 0.9892110752518892 0.5455925955079766
0 0.9907398897058824 0.6454810049019607 0.9897288602941176 0.6279564950980393 0.960454963235294 0.6309589460784314 0.9614659926470589 0.6484834558823529
0 0.7097942073170732 0.7349784044715447 0.7059355945121951 0.6886750508130083 0.669921875 0.6940104166666667 0.6737804878048781 0.7403137703252033
0 0.6191406250000002 0.9960937499999999 0.6056157178217824 0.9558658209570958 0.5644531250000001 0.9804687500000001 0.577978032178218 1.0206966790429042
0 0.6783688296178345 0.9828241109341825 0.6729262042197452 0.9581508757961782 0.6229100318471337 0.9777650610403396 0.6283526572452229 1.002438296178344
0 0.7734374999999999 0.9986979166666666 0.7730499598963474 0.9754455104475157 0.726415003393386 0.9768272869364923 0.7268025434970385 1.0000796931556433
0 0.871950120192308 0.9361778846153845 0.8517578125000004 0.9015625000000002 0.8386418269230772 0.9151642628205129 0.8588341346153848 0.9497796474358974