0 0.6662494897496372 0.0014627177068215777 0.5751953125 9.43689570931383e-17 0.5744387246008709 0.08372906083696188 0.6654929018505079 0.08519177854378338
0 0.5010898958754549 0.07265919851058099 0.4437321509805904 -0.060629275340342334 0.3185453681004852 0.035142033966841936 0.37590311299534973 0.16843050781776528
0 0.31816864402728195 0.3090087434132245 0.2705078125 0.22916666666666669 0.22372992095869454 0.27880851075131735 0.27139075248597655 0.35865058749787515
0 0.458984375 0.62890625 0.45683858880090494 0.49443698152337856 0.3177310166855204 0.4983832956259427 0.3198768028846154 0.6328525641025641
0 0.640399639423077 0.6117788461538463 0.6279296875000001 0.5286458333333334 0.555438701923077 0.5479767628205128 0.567908653846154 0.6311097756410257
0 0.41406250000000017 0.66015625 0.26277266277909445 0.5671897413309217 0.22856227879038293 0.6661631792856846 0.37985211601128865 0.7591296879547629
0 0.285820025977995 0.6565078698044009 0.18883710268948656 0.5609304961287693 0.12109136231662596 0.6831384983700081 0.2180742856051344 0.7787158720456396
0 0.2689011016352279 0.7773316286950842 0.19387660384002947 0.6936308284337743 0.1081094400722686 0.8303004552506942 0.183133937867467 0.914001255512004
0 0.052734375000000056 0.5729166666666666 5.3518500255707085e-17 0.5729166666666666 6.912557127999707e-17 0.9127604166666666 0.052734375000000076 0.9127604166666666
0 0.5627405534248056 0.9109699114088161 0.5092060217696629 0.8352645131086143 0.4710972949978392 0.8831726267646213 0.5246318266529819 0.9588780250648231
0 0.5766015624999999 0.2813541666666666 0.5730859374999999 0.24854166666666663 0.5312499999999999 0.2565104166666667 0.5347656249999999 0.28932291666666665