0 0.96484375 1.5268220184682169e-16 0.9052734375 1.4781869567833286e-16 0.9052734375 0.07161458333333348 0.96484375 0.07161458333333348
0 1.0000000000000002 0.26692708333333337 0.9970703125000002 0.140625 0.9582664180293055 0.14222516059672966 0.9611961055293055 0.2685272439300631
0 0.40399639423076933 0.10606971153846162 0.34980380373303166 0.10262891214177984 0.3461980345022625 0.2035904506033183 0.4003906250000001 0.20703125000000006
0 0.423828125 0.07421875000000004 0.408203125 0.06901041666666673 0.404296875 0.08984375000000006 0.419921875 0.09505208333333336
0 0.32149077868852455 0.06623975409836072 0.26281378073770495 0.04783128415300551 0.24912269467213116 0.12541410519125687 0.3077996926229508 0.1438225751366121
0 0.04121003517429652 0.266583652701946 0.0402006608305334 0.17372121307573848 -0.0009761523519529601 0.17451690028699426 0.0000332219918101638 0.2673793399132018
0 0.2522831945960699 0.27495451237263474 0.19925201282751093 0.2404225800582242 0.18726971888646288 0.27313614446870454 0.24030090065502185 0.3076680767831151
0 0.4359113730706268 0.2785654427814157 0.39160156249999994 0.25520833333333337 0.37809046860383533 0.3007751598066729 0.42240027917446216 0.3241322692547553
0 0.5256299459666441 0.43637696420467437 0.48462828135636504 0.3651417489221692 0.4547563712559565 0.3957083546063081 0.4957580358662357 0.46694356988881325
0 0.212890625 0.5585937500000001 0.1969178734756098 0.5007876016260163 0.126953125 0.5351562500000001 0.14292587652439023 0.5929623983739839
0 0.21679687500000008 0.6223958333333334 0.20507812500000008 0.6223958333333334 0.20507812500000008 0.6549479166666666 0.21679687500000008 0.6549479166666666
0 0.09670464756389782 0.7048971645367411 0.059732552915335524 0.7029253194888179 0.058266149161341915 0.7518054446219382 0.0952382438099042 0.7537772896698615
0 0.09400273975880555 0.8653151320826955 0.0510339897588056 0.8314609654160289 0.02539062500000009 0.8893229166666669 0.06835937500000004 0.9231770833333336
0 0.3617337740384615 0.8001001602564105 0.35013521634615385 0.7730368589743591 0.31490384615384615 0.7998798076923078 0.32650240384615387 0.8269431089743591
0 0.45617487980769245 0.8945512820512821 0.42704326923076935 0.8446113782051282 0.40689603365384625 0.8655048076923076 0.43602764423076934 0.9154447115384615
0 0.4005919780927837 0.946010524054983 0.3781209729381444 0.9326943728522338 0.36914062500000006 0.9596354166666669 0.39161163015463923 0.9729515678694161
0 0.5266977163461539 0.9584535256410258 0.4678635817307694 0.937059294871795 0.4606971153846156 0.9720953525641026 0.5195312500000001 0.9934895833333335
0 0.7221115860849056 0.9814740566037737 0.6679687499999998 0.9492187500000001 0.654921137971698 0.9881544811320756 0.7090639740566037 1.0204097877358491
0 0.8943886282961457 0.8829049399932386 0.8705648611815414 0.841108857336038 0.8442689845334683 0.867755345672752 0.8680927516480729 0.9095514283299527
0 0.7381214598476649 0.7392297208475102 0.6572265625000002 0.7187500000000002 0.6477207097703374 0.7855022102794106 0.728615607118002 0.8059819311269206
0 0.7948450667134832 0.7170236423220974 0.7285156249999998 0.6966145833333334 0.7239400456460673 0.7230512640449439 0.7902694873595506 0.7434603230337079
0 0.650390625 0.6653645833333335 0.5998206114808652 0.5624501698557959 0.5721128847753744 0.5866546207709374 0.6226828982945092 0.6895690342484749
0 0.646484375 0.5481770833333335 0.6298828125 0.5364583333333335 0.6226615287162163 0.5546452702702704 0.6392630912162163 0.5663640202702704
0 0.9493336397058822 0.5969669117647061 0.9384765625 0.59375 0.9344554227941178 0.6178768382352943 0.9453125 0.6210937500000002
0 1.0000000000000002 0.57421875 0.9990234375000002 0.5234375000000001 0.9798053034658343 0.5240945302233903 0.9807818659658343 0.5748757802233904