0 0.53125 0.11458333333333341 0.4404296875 0.1145833333333334 0.4404296875 0.2252604166666667 0.53125 0.2252604166666667
0 0.4812131485849057 0.32621363993710695 0.478515625 0.24348958333333337 0.42257517688679247 0.24673250786163525 0.4252727004716982 0.32945656446540883
0 0.9990234375 1.7023419710919068e-16 0.8506582611386138 -0.008358601485148413 0.8477285736386138 0.08408931518151826 0.99609375 0.09244791666666684
0 0.9791236733490566 0.1371363993710693 0.9647516214622641 0.10264347484276737 0.919479658018868 0.13617826257861634 0.9338517099056605 0.17067118710691828
0 0.28125000000000006 0.0013020833333333662 0.1877044626147066 -0.00006854725106653867 0.18682883436971748 0.10617434647428162 0.2803743717550109 0.10754497705868152
0 0.17249428353658539 0.04649390243902441 0.1435546875 0.015624999999999984 0.10782679115853658 0.075171493902439 0.13676638719512196 0.10604039634146342
0 0.13644136065175097 0.18690722276264593 0.0009765625000000056 0.049479166666666664 -0.05914735951062555 0.1548391823805248 0.07631743864112542 0.2922672384765041
0 0.25631669207317076 0.4843940548780489 0.20599275914634152 0.4596735264227643 0.17127953506097565 0.5853023373983741 0.2216034679878049 0.6100228658536586
0 0.16486672794117646 0.8285079656862745 0.14906939338235295 0.7442555147058824 0.06542968750000003 0.7721354166666666 0.08122702205882355 0.856387867647059
0 0.7800992398648647 0.6896748310810812 0.7212309966216216 0.6481207770270271 0.6658361486486486 0.7876337274774776 0.7247043918918917 0.8291877815315317
0 0.8860099761255116 0.6812524869258756 0.855835127472715 0.6465687528422012 0.80157795446794 0.730486513756253 0.8317528031207366 0.7651702478399274
0 1 0.4322916666666668 0.966796875 0.4322916666666668 0.966796875 0.5403645833333336 1 0.5403645833333336