0 0.21484375000000006 0.14453125000000006 0.1748046875 0.09114583333333336 0.150390625 0.12369791666666671 0.19042968750000006 0.1770833333333334
0 0.07285156250000002 0.32447916666666665 0.04824218750000002 0.31354166666666666 0.03906250000000002 0.3502604166666667 0.06367187500000002 0.3611979166666667
0 0.390931319126146 0.6203630471967584 0.25104428744021534 0.609172084661884 0.2427187904792747 0.7941831282383419 0.3826058221652054 0.8053740907732164
0 0.5048828125 0.14062500000000006 0.4450942339811722 0.13570412934001425 0.4402114214811722 0.24117287934001422 0.5 0.24609375000000006
0 0.5935233367607826 0.15468622628575662 0.5781032889617609 0.09836952997628574 0.49879851114384177 0.13697291388765379 0.5142185589428635 0.19328961019712468
0 0.5464102909482758 0.10535201149425287 0.5458984374999999 0.09375 0.5233432112068966 0.09551903735632182 0.5238550646551724 0.1071210488505747
0 0.5528735017123287 0.08183147831050229 0.5520200128424657 0.051105878995433805 0.5116384845890412 0.05310002853881281 0.5124919734589042 0.0838256278538813
0 0.3942440257352941 0.21246936274509806 0.38708639705882353 0.08840379901960786 0.34870174632352946 0.09234068627450981 0.35585937500000003 0.21640625
0 0.41015625 0.10546874999999999 0.4083778454472843 0.046188598242811484 0.35268570287539935 0.049158845846645344 0.354464107428115 0.10843899760383385
0 0.3515625 0.05468750000000006 0.314453125 0.05468750000000005 0.314453125 0.1263020833333334 0.3515625 0.1263020833333334
0 0.31152343750000006 5.181040781584064e-17 0.2697654482466063 -0.0026513009049773384 0.2687888857466063 0.02469244909502266 0.31054687500000006 0.027343750000000052
0 0.7826277449324325 0.15763654279279288 0.7551361908783784 0.10723536036036035 0.7011929898648649 0.1595439189189189 0.7286845439189189 0.20994510135135142
0 0.6962890625 0.16927083333333348 0.6656756644768562 0.15503204355512704 0.6442327251084861 0.23699172291867576 0.6748461231316297 0.2512305126968822
0 0.9334358111489192 0.4223806128235923 0.8830540995296238 0.39808304977315195 0.8698685510908728 0.4466886008807048 0.9202502627101682 0.47098616393114506
0 0.876953125 0.5351562500000001 0.8241890772704252 0.5089466576637408 0.811485192648548 0.5544131920999325 0.8642492403781228 0.5806227844361919
0 0.7904296874999999 0.5770833333333332 0.7822265624999999 0.5442708333333333 0.75703125 0.5554687499999998 0.765234375 0.5882812499999999
0 0.6644646139705882 0.5903033088235295 0.6201171875 0.5755208333333336 0.6122472426470589 0.6174938725490198 0.6565946691176471 0.6322763480392158
0 0.8896484375 0.8958333333333335 0.837890625 0.8268229166666667 0.8095703125 0.8645833333333336 0.861328125 0.9335937500000002
0 1 0.5494791666666669 0.90625 0.5494791666666669 0.90625 0.7851562500000002 1 0.7851562500000002
0 1.0195783359450339 0.39077944189971087 0.9118551108968178 0.3684368470748957 0.8922767749517841 0.5362511551751851 1.0000000000000002 0.5585937500000002