0 0.08203125 0.48046875 0.014095398717328188 0.3711466904646661 -0.04222002057115197 0.43336182034527276 0.025715830711519838 0.5426838798806066
0 0.48828125 0.2903645833333334 0.4677734375 0.2630208333333334 0.4267578125 0.3177083333333334 0.447265625 0.3450520833333334
0 0.5422884333053691 0.20123392058165568 0.5146156669463087 0.17385871085011192 0.4707188548657718 0.25274573545861295 0.49839162122483227 0.2801209451901567
0 0.630859375 0.17317708333333345 0.6076171875 0.13854166666666679 0.5693659855769231 0.18417467948717955 0.592608173076923 0.21881009615384622
0 0.599609375 0.4192708333333334 0.5078125 0.4192708333333334 0.5078125 0.4804687500000001 0.599609375 0.4804687500000001
0 0.6351857662525529 0.51303146982074 0.5265413599812798 0.4738803324256866 0.5031543832964602 0.5892560840707968 0.6117987895677333 0.62840722146585
0 0.6943359375000001 0.4687500000000001 0.6543879013761469 0.46072391055045886 0.6436457138761469 0.5557759938837921 0.6835937500000001 0.5638020833333335
0 0.8262536307267634 0.37313914524280384 0.7624178580257086 0.3490501744122172 0.7283025451137112 0.5097712041309602 0.792138317814766 0.5338601749615469
0 0.79296875 0.5299479166666666 0.7718892911585366 0.3987868394308943 0.7465463033536587 0.406027693089431 0.767625762195122 0.5371887703252033
0 0.918602056788225 0.5504837617164619 0.8550997501098418 0.49544842926186305 0.7717881563049208 0.6663440062975982 0.8352904629833041 0.721379338752197
0 0.938506610576923 0.584314903846154 0.8726412259615384 0.5733373397435898 0.8626352163461538 0.6800681089743591 0.9285006009615385 0.6910456730769232