0 0.5221878535067873 0.08965756975867271 0.5213359021493214 0.036268618024132726 0.4621456094457014 0.037947775263951725 0.4629975608031674 0.09133672699849171
0 0.46252688934098185 0.03254791444325864 0.4599056997065102 0.0024916066346496015 0.38838005269477055 0.0135808542333689 0.39100124232924227 0.04363716204197794
0 0.46237184467859305 0.03249996841520112 0.4595819199135839 0.002209356680816669 0.388187443147362 0.013899680361835465 0.3909773679123711 0.04419029209621992
0 0.40422175480769235 0.15184294871794873 0.38423978365384615 0.01862980769230771 0.3594501201923077 0.025240384615384626 0.37943209134615385 0.15845352564102563
0 0.35742187500000006 0.17578125000000003 0.3468299278846154 0.10516826923076925 0.31603064903846156 0.11338141025641028 0.3266225961538462 0.18399439102564105
0 0.6288488051470589 0.25811887254901966 0.6088579963235294 0.21369485294117646 0.5738166360294118 0.2417279411764706 0.5938074448529411 0.2861519607843138
0 0.37577589897260266 0.482359446347032 0.35896029537671226 0.42257063356164387 0.3319911172945205 0.43605522260273977 0.3488067208904109 0.4958440353881279
0 0.5426196162564768 0.6706268890328154 0.4957446162564768 0.634168555699482 0.46804667260362703 0.69747814119171 0.514921672603627 0.7339364745250434
0 0.8180728755914826 0.8405666732386962 0.7729600009858045 0.7933055665089381 0.7170802937697162 0.888131736330179 0.7621931683753942 0.935392843059937
0 1.017578125 0.5976562500000001 0.970703125 0.5351562500000001 0.94921875 0.5638020833333336 0.99609375 0.6263020833333336
0 0.9981986722797928 0.7401163104490501 0.9670650501943004 0.6689537456822108 0.9461777444948186 0.6851994278929188 0.9773113665803109 0.7563619926597582
0 0.29322946708141073 0.675707433805757 0.23150711210448255 0.6297182281366732 0.1548788212755438 0.8125506413425622 0.216601176252472 0.8585398470116459
0 0.31054687499999994 0.80078125 0.3056716622081712 0.6967767104409859 0.2436580435311284 0.701944511997406 0.24853325632295714 0.8059490515564202
0 0.22822855494966454 0.9092002237136466 0.15605993078859068 0.8378076062639822 0.08858667156040276 0.9590638982102909 0.16075529572147662 1.0304565156599554
0 0.2421875 0.9986979166666666 0.24005344418052257 0.9161810916468727 0.18630539266627077 0.918652266429137 0.1884394484857482 1.001169091448931
0 0.08812914823008859 0.5637191187315636 0.051939297566371764 0.5354327986725664 0.015386476769911539 0.6185725479351033 0.05157632743362837 0.6468588679941004