0 0.2485163279241645 0.016558884961439653 0.23116916372107968 -0.022761353898886005 0.18085234575835474 0.01670281705227077 0.1981995099614396 0.056023055912596424
0 0.4161328125 0.2367708333333334 0.41101562499999994 0.18901041666666668 0.3656249999999999 0.19765625000000003 0.37074218749999993 0.24541666666666676
0 0.5 0.27213541666666674 0.4228515625 0.25000000000000006 0.41076013351837676 0.324919442317509 0.48790857101837676 0.3470548589841756
0 0.09042968750000002 0.33229166666666665 0.06582031250000002 0.32135416666666666 0.05664062500000002 0.3580729166666667 0.08125000000000002 0.3690104166666667
0 0.11673677884615388 0.590244391025641 0.07091346153846159 0.5780248397435898 0.06467848557692311 0.6195913461538463 0.11050180288461542 0.6318108974358975
0 0.08920111594609773 0.6308568161613326 0.06931345627456482 0.5872322723657121 -0.007896393353453135 0.6498075753322102 0.011991266318079763 0.6934321191278308
0 0.4314788737267494 0.5596697852081489 0.29248263120017726 0.5320676944936522 0.2730162547054916 0.7063381126365516 0.4120124972320639 0.7339402033510483
0 1 0.7981770833333333 0.9990234375 0.5234374999999999 0.920992755337249 0.5239305848793854 0.921969317837249 0.7986701682127186
0 0.90359375 0.9115104166666668 0.8608203124999999 0.8354687500000001 0.8305078124999999 0.8657812500000001 0.87328125 0.9418229166666667
0 1 0.20572916666666685 0.96484375 0.20572916666666685 0.96484375 0.4283854166666668 1 0.4283854166666668
0 0.9853515625 0.5520833333333336 0.9679884123322147 0.545200643176734 0.9572462248322147 0.5933777265100673 0.974609375 0.6002604166666669