0 0.5316225759873514 0.005485958742041027 0.3505859375 5.921189464667501e-17 0.3472529201084151 0.19553702030631567 0.5282895585957665 0.20102297904835664
0 0.36328125 5.333910863473823e-17 0.28515625 4.6960739889179106e-17 0.28515625 0.11588541666666673 0.36328125 0.11588541666666673
0 0.29351474554408996 0.15308640165728582 0.23176045086772978 0.0550637116948093 0.16474774272983111 0.13011794480925584 0.22650203740619138 0.22814063477173235
0 0.18201622596153846 0.19391025641025642 0.1702974759615385 0.11578525641025642 0.12109375000000003 0.12890625000000003 0.1328125 0.20703125
0 0.28175819392590473 0.5569050055044992 0.1943359375 0.3333333333333333 -0.02255046040350379 0.484103364924373 0.06487179602240092 0.707675037095539
0 0.08609351886094677 0.3200736563116371 0.07069965791420121 0.31152151134122286 0.03735784948224856 0.41821529832347143 0.05275171042899411 0.4267674432938856
0 0.1681640625 0.3458333333333333 0.1595703125 0.31145833333333334 0.1302734375 0.32447916666666665 0.1388671875 0.35885416666666664
0 0.5845409284689758 0.21421954685507874 0.4819458370962601 0.194270501310384 0.46172563947620066 0.379140879550928 0.5643207308489162 0.3990899250956227
0 0.6165424311926606 0.3578101108562692 0.5696047161697246 0.3241112385321101 0.5369929042431192 0.40486429663608564 0.5839306192660552 0.4385631689602448
0 0.7499432005948447 0.4750598975545275 0.6642561343357568 0.43800603106411107 0.6125790028089888 0.6504564606741572 0.6982660690680766 0.6875103271645737
0 0.2367037259615385 0.9126602564102565 0.12035757211538464 0.8703525641025642 0.09984975961538464 0.970612980769231 0.2161959134615385 1.0129206730769234