0 0.10213788006756756 0.04383445945945948 0.06794763513513515 0.019700168918918938 0.034121621621621634 0.10489161036036036 0.06831186655405407 0.1290259009009009
0 0.125 0.14973958333333337 0.08608490566037738 0.10217669025157235 0.037805866745283016 0.17240074685534595 0.07672096108490564 0.21996363993710694
0 0.02784577966255446 0.2322024673439768 0.0009765625000000215 0.23177083333333334 2.834724238138381e-7 0.33981237905176587 0.026869500634978248 0.3402440130624093
0 0.3238631935785536 0.4527580787614298 0.23470279379675815 0.1478036679135495 0.10076079332917706 0.2174232387780549 0.18992119311097255 0.5223776496259352
0 0.14257812500000006 0.6041666666666666 0.10156250000000004 0.6041666666666666 0.10156250000000007 0.7252604166666666 0.14257812500000006 0.7252604166666666
0 0.15519831730769232 0.5942508012820513 0.15136718750000003 0.5755208333333335 0.1204627403846154 0.5867588141025641 0.12429387019230768 0.605488782051282
0 0.20090987042682937 0.5617378048780488 0.1711128048780489 0.5573234247967479 0.1674685594512196 0.6010543699186992 0.19726562500000008 0.60546875
0 0.09700083892617453 0.6789971336689038 0.08496093750000003 0.625 0.046936608640939605 0.6400727069351232 0.05897651006711411 0.6940698406040269
0 0.2476487814637783 0.8306567652604806 0.17724686458516054 0.689057429617611 0.028299243005613085 0.8207115071186342 0.09870115988423085 0.9623108427615038
0 0.662109375 0.4687500000000001 0.60546875 0.4687500000000001 0.60546875 0.58203125 0.662109375 0.58203125
0 0.4363207547169813 0.43909689465408813 0.40484964622641517 0.4271079009433963 0.394310141509434 0.47629225628930827 0.42578125000000017 0.4882812500000001
0 0.876120712058212 0.8495105682605684 0.8389057627338877 0.7965826403326405 0.7774452637733889 0.873408264033264 0.8146602130977131 0.926336191961192