0 0.7498000919117648 0.27752450980392146 0.7333984375000001 0.25260416666666663 0.6655055147058825 0.33204350490196066 0.6819071691176471 0.3569638480392155
0 0.4504857264415377 0.4442342665509878 0.3777482439602243 0.4362848149136857 0.37381957421249334 0.500191176143442 0.44655705669380674 0.5081406277807441
0 0.36977163461538465 0.44248798076923074 0.3383263221153846 0.3885817307692307 0.3035757211538462 0.424619391025641 0.33502103365384617 0.478525641025641
0 0.31640625 0.4908854166666667 0.2672397122524752 0.41076216996699677 0.19885133044554454 0.48536767739273934 0.2480178681930693 0.5654909240924092
0 0.4183576654814004 0.7036577999635302 0.3871888676148797 0.6425425100291757 0.35716544721006566 0.6697637445295405 0.3883342450765864 0.7308790344638949
0 0.28170072115384615 0.7022235576923078 0.24676983173076925 0.6711738782051282 0.22483473557692307 0.7150440705128206 0.259765625 0.74609375
0 0.205078125 0.8997395833333334 0.17523609591882922 0.8243491940756388 0.09970426127791192 0.8775012258599879 0.12954629035908274 0.9528916151176825
0 0.15353146114864868 0.8733108108108109 0.12304687499999996 0.81640625 0.08424831081081079 0.8533572635135135 0.11473289695945951 0.9102618243243245
0 0.02575530299900865 0.58653819673937 0.0009765625000000527 0.5859375000000001 6.454477859074714e-7 0.657504750495704 0.02477938594679451 0.6581054472350739
0 0.8591702815155807 0.643483681539188 0.8366125177053825 0.559936408168083 0.7338383055949009 0.6092680299811143 0.7563960694050993 0.6928153033522192
0 1.005547076020033 0.5848115485051768 0.9718710154957728 0.504693339153342 0.8616077582245909 0.5870878610702692 0.8952838187488512 0.6672060704221039
0 0.9334444665605094 0.6311455015923568 0.91187300955414 0.578415273354565 0.8455040804140127 0.6266835854564757 0.8670755374203821 0.6794138136942676