0 0.6100807316315666 0.10152799140242945 0.6088980418835779 -0.0009717867565862034 0.44856940295196407 0.0023170058368827667 0.44975209269995275 0.10481678399589842
0 0.5535907451923077 0.2278846153846154 0.527899639423077 0.2012419871794872 0.4706881009615385 0.2993189102564103 0.49637920673076924 0.3259615384615385
0 0.4197836538461538 0.4563181089743589 0.36035156249999994 0.38541666666666663 0.3320522836538461 0.42758814102564097 0.391484375 0.49848958333333326
0 0.06980468750000002 0.32114583333333335 0.04355468750000003 0.31614583333333335 0.039375000000000035 0.35515624999999995 0.06562500000000002 0.36015624999999996
0 0.3291015625000001 0.6380208333333335 0.2998046875000001 0.5989583333333335 0.2792968750000001 0.6263020833333335 0.3085937500000001 0.6653645833333335
0 0.544565813972877 0.7558284005854455 0.46875000000000017 0.7513020833333335 0.46706565765340163 0.801458055432044 0.5428814716262784 0.8059843726841561
0 0.6757812499999999 0.5898437500000002 0.6357421875 0.5546875000000002 0.6189590897302905 0.5886680930152146 0.6589981522302903 0.6238243430152146
0 0.7236328125 0.2708333333333334 0.7010967548076923 0.264823717948718 0.6923076923076923 0.323417467948718 0.71484375 0.3294270833333334
0 0.935576923076923 0.4332732371794872 0.9028695913461539 0.3772035256410256 0.8702824519230768 0.4109975961538461 0.902989783653846 0.46706730769230764
0 1.0108173076923075 0.24168669871794882 0.9251802884615385 0.2188501602564104 0.9143629807692308 0.290965544871795 0.9999999999999998 0.3138020833333334
0 0.8785654362416107 0.5255785095078301 0.815501782718121 0.5107400027964207 0.8093474727348994 0.5572392337807608 0.8724111262583891 0.5720777404921702
0 1 0.3776041666666668 0.896484375 0.3776041666666668 0.896484375 0.5585937500000002 1 0.5585937500000002
0 1.0441256009615385 0.5798477564102567 0.9532301682692308 0.546794871794872 0.9064453125000002 0.7755208333333335 0.9973407451923079 0.8085737179487181
0 0.9719560731132075 0.5566283411949686 0.9563679245283018 0.5450815644654089 0.9414431014150942 0.580901139937107 0.95703125 0.5924479166666669
0 0.8720462328767123 0.927429366438356 0.8655661386986301 0.8453481735159817 0.8207298801369862 0.8516409817351598 0.8272099743150685 0.9337221746575342