0 0.291015625 0.0013020833333333703 0.23678964635231314 -0.00006209223013044866 0.2361286421263345 0.04664887307236066 0.29035462077402135 0.04801304863582448
0 0.36328125000000006 0.13411458333333334 0.3612441742053179 -0.0016904696454751475 0.29785156249999994 9.251858538542971e-19 0.2998886382946821 0.1358050529788085
0 0.45265904344958974 0.11603195828448619 0.42885747911781946 0.07548114497850725 0.36826824443141853 0.13870469421649081 0.39206980876318875 0.17925550752246977
0 0.6188160490747461 0.3093326681180455 0.6142578125000001 0.23437500000000003 0.5864108989477504 0.23738547714078378 0.5909691355224964 0.3123431452588293
0 0.9456088362068966 0.018435704022988508 0.9447332974137931 -0.001409841954023013 0.9078663793103446 0.001481681034482755 0.9087419181034482 0.021327227011494275
0 0.5054362270590869 0.6904597041927784 0.37706852898388543 0.6722515200686363 0.3677924966427933 0.7885111254103253 0.49616019471799466 0.8067193095344674
0 0.409564092356688 0.6614865313163484 0.3624116739649682 0.6029524946921445 0.3364475517515923 0.640135682059448 0.38359997014331215 0.698669718683652
0 0.4622640578566122 0.8525871409113424 0.3754701430163446 0.7407848099306586 0.319491781203566 0.8180414964091134 0.4062856960438336 0.929843827389797
0 0.29585336538461543 0.6642828525641026 0.2751953125 0.6567708333333333 0.26059194711538464 0.7281650641025642 0.28125 0.7356770833333335
0 0.3144531250000001 0.5130208333333334 0.2871093750000001 0.5130208333333334 0.2871093750000001 0.5690104166666666 0.3144531250000001 0.5690104166666666
0 0.29248913646449703 0.502111070019724 0.23217224482248522 0.4097741000986194 0.16177306767751481 0.4915279832347141 0.22208995931952663 0.5838649531558188
0 0.24158048195708712 0.42648224154746417 0.2034678763003901 0.32061389250108363 0.13552757233420026 0.3640956870394452 0.17364017799089726 0.46996403608582576
0 0.17325736558958446 0.46132960064759854 0.15797650769023205 0.38118999033099477 0.07529755379789532 0.4092167543622953 0.09057841169724772 0.48935636467889915
0 0.09451027684563759 0.5009700083892618 0.08477742239932887 0.4274328859060402 0.06316196518456377 0.4325188758389261 0.07289481963087249 0.5060559983221476
0 0.19119418146782846 0.474499413538874 0.10702653736595183 0.43085693141197495 0.06098933897453089 0.5886987544682752 0.14515698307640754 0.6323412365951743
0 0.25042913078978624 0.23664514053840063 0.24902343750000006 0.18229166666666666 0.19117196778503565 0.18495150435471103 0.19257766107482185 0.23930497822644498
0 0.20516453969263906 0.09114481369094238 0.1619510755187941 0.07250371149830336 0.13092743612960064 0.20035871019316107 0.17414090030344562 0.2189998123858001
0 0.13803803066037737 0.16936419025157232 0.049012382075471705 0.11632763364779874 0.02472803655660379 0.1887952044025157 0.11375368514150945 0.24183176100628934
0 0.14852664678423239 0.1226011410788382 0.10786355679460582 0.10814315352697097 0.09410253501037347 0.1769482624481328 0.13476562500000006 0.19140625000000003