0 0.11873851102941177 0.5707720588235293 0.052676930147058876 0.5179227941176471 -0.006606158088235237 0.6496629901960785 0.05945542279411766 0.7025122549019608
0 0.5515202702702703 0.15304757882882883 0.5202966638513513 0.12331081081081081 0.47740709459459457 0.2033713400900901 0.5086307010135135 0.23310810810810814
0 0.6386718749999998 0.12369791666666678 0.6092739762931034 0.08885596264367829 0.5745218211206895 0.14098419540229892 0.6039197198275861 0.17582614942528743
0 0.4971295493934143 0.23757266392258808 0.47550808329722705 0.21105033217793173 0.43311646988734837 0.2724874530618139 0.45473793598353557 0.2990097848064702
0 0.6441065436241612 0.4684056907158837 0.5357081061241612 0.4254369407158837 0.5119599412751679 0.5319438618568235 0.6203583787751679 0.5749126118568235
0 0.609446455792683 0.4266387195121952 0.604516006097561 0.36747332317073167 0.5146960746951219 0.3807799796747967 0.5196265243902439 0.4399453760162602
0 0.6975878410532995 0.43278738367174285 0.659140030139594 0.4291256873942471 0.6549115640862945 0.5080570537225043 0.693359375 0.5117187500000001
0 0.8063897197732997 0.4755031223761545 0.7759121142947103 0.34681989924433243 0.7523565412468514 0.3567380352644835 0.7828341467254407 0.48542125839630557
0 0.8408203125 0.3359375000000002 0.8232421874999998 0.3125000000000001 0.7685546874999999 0.38541666666666674 0.7861328125 0.40885416666666685
0 0.9238281250000002 0.49609375000000017 0.8665495242214533 0.4418946438869667 0.778917063148789 0.6065374495386392 0.8361956639273357 0.6607365556516727
0 0.93359375 0.5234375000000001 0.86328125 0.5234375000000001 0.86328125 0.6341145833333336 0.93359375 0.6341145833333336