0 0.8398437499999998 0.14192708333333345 0.8141826923076921 0.08205128205128212 0.7731670673076921 0.11330128205128205 0.7988281249999998 0.1731770833333334
0 0.766908176369863 0.24697559931506857 0.7272907748287671 0.15043664383561647 0.6829066780821916 0.18281749429223754 0.7225240796232876 0.27935644977168966
0 0.6992187499999999 0.23046875000000006 0.6529690835112059 0.22329825907150488 0.6479195154082177 0.2811999733191036 0.6941691818970117 0.2883704642475988
0 0.841737172489083 0.35085744177583705 0.7690706877729258 0.33793895560407583 0.7634330649563319 0.39431518377001473 0.836099549672489 0.40723366994177596
0 0.961095679566341 0.5580163758855065 0.9607120099798964 0.5278343684185335 0.8747660961731762 0.5297766489565384 0.8751497657596209 0.5599586564235114
0 0.6538277641454966 0.5468930427251735 0.6062851833140878 0.5021470842956121 0.5559730441685912 0.5971811249037722 0.6035156250000001 0.6419270833333336
0 0.5976562500000001 0.19140625000000008 0.5146484375 0.1901041666666667 0.5142819224847772 0.23164253505858481 0.5972897349847773 0.23294461839191818
0 0.6057331232734807 0.01804212707182332 0.5057838397790054 0.011028142265193441 0.4993903228591159 0.17299723756906082 0.5993396063535912 0.18001122237569067
0 0.521484375 0.0013020833333333925 0.5069967830882353 -0.022472426470588225 0.4711511948529411 0.0163602941176471 0.4856387867647059 0.04013480392156872
0 0.5957031250000001 0.91015625 0.5182184938524591 0.9007641734972679 0.5119588883196722 0.9925717213114756 0.5894435194672132 1.001963797814208
0 0.4727073424494649 0.8552798627625844 0.4339537195303211 0.8540195823424496 0.43192047228002384 0.9651704320253668 0.47067409519916764 0.9664307124455015
0 0.45724430065399807 0.9984601225732149 0.45643644342300105 0.9499886887133926 0.4040751480750247 0.9515401345014808 0.4048830053060217 1.0000115683613031
0 0.35615861525229364 0.8407396788990825 0.3346115252293579 0.8252699732415903 0.32024978497706424 0.8608323776758411 0.341796875 0.8763020833333335
0 0.23828125000000014 0.96484375 0.2166063262195123 0.9515053353658536 0.20117187500000008 0.99609375 0.2228467987804879 1.0094321646341462
0 0.38635922571656056 0.03136942675159236 0.38364226711783445 0.011186305732484077 0.32493655453821657 0.02523553609341828 0.3276535131369427 0.04541865711252656
0 0.33781378073770496 0.6957479508196722 0.27195184426229513 0.6750853825136612 0.2679303278688525 0.6978739754098361 0.3337922643442623 0.7185365437158471
0 0.13281250000000006 0.65625 0.007812500000000066 0.65625 0.007812500000000071 0.7708333333333334 0.13281250000000006 0.7708333333333334
0 0.09960937500000008 0.76953125 0.005939099653236531 0.7680956902245707 0.005775006192206149 0.7871305317040952 0.0994452815389697 0.7885660914795245
0 0.05859375 0.8476562500000002 0.04199218750000004 0.8255208333333336 0.005859375000000134 0.8736979166666669 0.02246093750000009 0.8958333333333335
0 0.043507176555844775 0.8370282181732135 0.04246313742309512 0.7465448266682443 -0.0009761003312825408 0.7474358879555134 0.00006793880146711007 0.8379192794604827
0 0.41378793929712454 0.35680827342918003 0.3139476837060703 0.3514834597976571 0.31029103434504796 0.4733717718317359 0.41013128993610215 0.47869658546325883
0 0.333984375 0.3997395833333333 0.29589843750000006 0.34895833333333337 0.248046875 0.4127604166666668 0.28613281249999994 0.46354166666666674
0 0.3296807650862069 0.3709410919540231 0.3084927262931034 0.3375538793103449 0.29492187499999994 0.35286458333333337 0.3161099137931035 0.3862517959770116
0 0.29882812500000006 0.3658854166666667 0.24799586982484084 0.30278330679405524 0.20056852109872617 0.3707039543524417 0.25140077627388535 0.43380606422505313
0 0.20312500000000006 0.38671875000000006 0.1652154683448574 0.3852321016997984 0.1632623433448574 0.473773768366465 0.20117187500000006 0.4752604166666667
0 0.07812500000000003 0.35807291666666674 0.07599221829829174 0.2471682681778362 0.016636210578186598 0.24919753339903636 0.01876899227989488 0.3601021818878669
0 0.029377508600917458 0.34990204510703365 0.0009765625000000221 0.33854166666666663 -0.01711224197247705 0.41893635321100914 0.011288704128440385 0.43029673165137616
0 0.13394017032332564 0.27825190050038484 0.1279296875 0.23177083333333331 0.07455930643764433 0.24403988645111624 0.08056978926096996 0.2905209536181677
0 0.13634314903846154 0.16676682692307698 0.07672776442307695 0.1568309294871795 0.07037259615384617 0.22461939102564102 0.12998798076923077 0.2345552884615385
0 0.154296875 0.14583333333333334 0.10546875 0.14583333333333334 0.10546875000000003 0.2421875 0.15429687500000003 0.2421875
0 0.2581129807692307 0.11658653846153852 0.19951923076923075 0.06450320512820519 0.17998798076923075 0.1035657051282052 0.23858173076923075 0.15564903846153852
0 0.380859375 0.22005208333333337 0.26524513812831446 0.21176432441780033 0.2617032132666589 0.29960406098685727 0.37731745013834445 0.3078918199023903
0 0.27734375 0.0013020833333333606 0.07843244520691828 -0.0002672366255864271 0.07797052519518942 0.1038187393506524 0.27688182998827116 0.10538805930957218
0 0.021484375 0.02734375 0.0015625000000000014 0.018489583333333334 -0.008203124999999995 0.05755208333333333 0.011718750000000005 0.06640625