0 0.52472402943686 0.06666400028441419 0.4960370893771331 0.036467221274175246 0.45004199552047786 0.11414782423208193 0.4787289355802048 0.14434460324232087
0 0.6113281249999999 0.03515625000000012 0.5803729363207546 0.0000737028301887932 0.5471698113207546 0.05215703616352207 0.578125 0.0872395833333334
0 0.4643030780579399 0.1624027628755366 0.4482421875 0.1276041666666667 0.40067563036480686 0.16663313662374823 0.41673652092274677 0.2014317328326181
0 0.28906250000000006 0.21484375 0.2824164890239478 0.10555379172714077 0.1676200789187228 0.11796421444121916 0.17426608989477504 0.22725417271407838
0 0.6708375681736455 0.4157148160726654 0.5645480187190347 0.28765511793458 0.509765625 0.3684895833333333 0.6160551744546108 0.49654928147141875
0 0.5773924866523042 0.2742000163919071 0.4886884864415511 0.2693395232296741 0.4865469276882727 0.33882120722492826 0.5752509278990259 0.3436817003871614
0 0.7411231444228635 0.2053346397521274 0.7150345102663707 0.16815083934517208 0.6186702275249722 0.28834714900110997 0.644758861681465 0.3255309494080653
0 0.23783079864674198 0.8246309539079869 0.11867363872498715 0.7257080286899265 0.031005483581323778 0.913441855866256 0.1501626435030786 1.0123647810843166
0 0.10058593750000004 0.7604166666666666 0.07100236525229361 0.7391771788990825 0.03331063646788994 0.8325090787461774 0.06289420871559637 0.8537485665137615
0 0.04790124453497617 0.8950052994170642 0.025989604034181248 0.776605557763646 -0.019988324721780602 0.79173249536301 0.001923315779014323 0.9101322370164282
0 0.05664062500000009 0.8958333333333334 8.700493616989253e-17 0.8958333333333334 9.172891552207226e-17 0.9986979166666666 0.05664062500000009 0.9986979166666666
0 0.07226562500000004 0.4375 4.084149237390831e-17 0.4375 4.723979352179731e-17 0.5768229166666666 0.07226562500000004 0.5768229166666666