0 0.11379348857218496 0.20990842672667373 0.08105468749999999 0.08593750000000001 0.03117588742057889 0.10935477703259208 0.06391468849276385 0.23332570375926578
0 0.03613281250000003 0.28385416666666663 2.5673907444456746e-17 0.28255208333333326 -0.001633781934306538 0.3631519920924574 0.034499030565693464 0.3644540754257907
0 0.08453714622641509 0.2786704009433962 0.059570312500000014 0.21875 -0.005103920990566035 0.26665683962264153 0.01986291273584905 0.3265772405660377
0 0.026744400482832636 0.17757510729613732 0.0020118025751073134 0.16972348891273245 -0.005616282188841193 0.21244076359084402 0.01911631571888413 0.22029238197424889
0 0.240234375 0.26171875 0.1806640625 0.22656250000000006 0.16170338834269665 0.2836786048689139 0.22127370084269665 0.31883485486891383
0 0.22070312499999994 0.18619791666666669 0.21191406249999994 0.12500000000000003 0.17234920851528382 0.1351016648471616 0.18113827101528385 0.1962995815138283
0 0.13121545013537905 0.3123401774969915 0.12569804828519854 0.2785001128158845 0.09123632107400723 0.28848901925391096 0.09675372292418774 0.322329083935018
0 0.37714843750000004 0.19088541666666675 0.33847656249999997 0.1651041666666667 0.32226562499999994 0.2083333333333334 0.3609375 0.23411458333333346
0 0.6171875000000001 0.3033854166666667 0.5856184802960057 0.27487146338563956 0.5572117956490727 0.3307830331669044 0.5887808153530671 0.3592969864479316
0 0.998046875 0.1549479166666668 0.9375 0.07421875000000012 0.8486328125 0.19270833333333356 0.9091796875 0.2734375000000002
0 1.0018629807692307 0.25815304487179486 0.9989933894230768 0.22754407051282047 0.9468299278846153 0.23623798076923072 0.9496995192307691 0.2668469551282051
0 0.9990234375 0.45312500000000017 0.9771097327747709 0.4525287087149599 0.9761331702747709 0.5163307920482932 0.998046875 0.5169270833333335
0 0.9575482536764707 0.5975030637254903 0.9237706801470591 0.5862438725490198 0.9159007352941178 0.6282169117647061 0.9496783088235293 0.6394761029411765
0 0.7578125000000001 0.7486979166666667 0.6052401346487136 0.6991225822668089 0.5876952083472204 0.7951155123761279 0.7402675736985069 0.8446908467759857
0 0.8117749047071635 0.7208159386092289 0.6910101418804453 0.7057203432558891 0.6874508409970957 0.7563415113746371 0.8082156038238141 0.7714371067279768
0 0.55859375 0.5416666666666666 0.443359375 0.5416666666666666 0.443359375 0.7682291666666666 0.55859375 0.7682291666666666
0 0.6435546875 0.5234375000000001 0.6025390625 0.4687500000000001 0.5468750000000001 0.5429687500000001 0.5878906250000001 0.5976562500000001
0 0.4475625000000001 0.5125937500000002 0.4232890625 0.49018750000000005 0.39453124999999994 0.5455729166666666 0.41880468750000005 0.5679791666666668
0 0.34175410583941607 0.5281516119221412 0.2884352189781022 0.5023000304136254 0.2699589416058394 0.5700463807785888 0.32327782846715325 0.5958979622871046
0 0.36803575501824826 0.63950349756691 0.29735971715328474 0.5955272962287107 0.2791970802919709 0.6474205444038931 0.34987311815693445 0.6913967457420926
0 0.274708044982699 0.6934382208765861 0.254838884083045 0.6793090397923877 0.21875 0.76953125 0.23861916089965404 0.7836604310841985
0 0.0774001288659794 0.5933204467353953 0.06326514175257736 0.5849441580756014 0.04252577319587632 0.6471622637457045 0.05666076030927836 0.6555385524054984