0 0.447265625 0.12109375000000008 0.4211861620101597 0.10996651245766818 0.4055611620101597 0.17507067912433485 0.431640625 0.18619791666666677
0 0.353515625 0.2005208333333334 0.30078125 0.2005208333333334 0.30078125 0.2799479166666667 0.353515625 0.2799479166666667
0 0.4350821167883212 0.3310009884428224 0.400477588959854 0.29440769464720196 0.37670506386861313 0.33437309914841856 0.41130959169708026 0.370966392944039
0 0.7686885310913704 0.19672033629441626 0.734082526967005 0.14348032994923857 0.7003985564720812 0.18240402918781726 0.7350045605964466 0.23564403553299496
0 0.9162592580561331 0.274393082986833 0.9150390625 0.22395833333333334 0.8821851448804574 0.22537140505890504 0.8834053404365905 0.2758061547124047
0 0.8616286057692308 0.5332532051282053 0.8271484374999998 0.5026041666666667 0.797551081730769 0.5617988782051282 0.83203125 0.5924479166666667
0 0.8659229584854014 0.7941263686131387 0.8423799612226277 0.7545468369829684 0.8038891423357665 0.7952497718978103 0.82743213959854 0.8348293035279805
0 0.8165785845588236 0.857153799019608 0.796817555147059 0.8505667892156865 0.7907858455882354 0.8827359068627453 0.810546875 0.8893229166666669
0 0.5196337669683259 0.6537318533182505 0.4566636029411765 0.6519454656862745 0.4546079609728507 0.7807656957013573 0.5175781250000001 0.7825520833333334
0 0.18608566810344834 0.5359644396551725 0.06721443965517244 0.47256645114942525 0.01535560344827589 0.6454292385057472 0.13422683189655177 0.7088272270114943
0 0.07226562500000001 0.7200520833333335 0.07009568520642202 0.6245747324159022 0.027580275229357798 0.6262925267584099 0.02975021502293579 0.7217698776758411
0 0.15848062782805433 0.7757388291855205 0.12778740101809954 0.7027868118401207 0.0864076640271493 0.7337375094268477 0.11710089083710407 0.8066895267722475
0 0.39827751706484643 0.9109472767349263 0.3738334577645051 0.8852166879977249 0.3365874306740614 0.9481210893060297 0.36103148997440276 0.973851678043231
0 0.6893543714887642 0.6869294241573035 0.671095944522472 0.6717140683520599 0.6555696980337079 0.7048367275280899 0.6738281250000001 0.7200520833333335
0 0.5936925551470588 0.13181678921568638 0.5367072610294117 0.11282169117647066 0.5294117647058824 0.1517310049019609 0.5863970588235294 0.1707261029411766
0 0.5439453125 0.8671875 0.5232421875 0.784375 0.45703125 0.8138020833333334 0.477734375 0.8966145833333333
0 0.30691002155172414 0.42147090517241387 0.2847521551724138 0.40880926724137934 0.2764682112068966 0.4345815373563219 0.2986260775862069 0.44724317528735635
0 0.5361902573529411 0.38572303921568635 0.512201286764706 0.37861519607843147 0.5072610294117648 0.40825674019607855 0.5312499999999999 0.4153645833333334