0 0.4526434075342466 0.28604808789954345 0.4104104238013699 0.26045234018264846 0.3849930436643836 0.335009988584475 0.42722602739726023 0.36060573630136994
0 0.1755295586340206 0.06553371993127151 0.14789384664948452 -0.030270081615120258 0.08886718749999999 7.401486830834377e-18 0.11650289948453607 0.09580380154639177
0 0.10830678391440847 0.14692457038995377 0.10644595794778591 0.01046399950429614 -0.000869418167547905 0.013065584379819344 0.0009914077990746707 0.149526155265477
0 0.08060991646039606 0.15046153052805283 0.041354037747524774 0.14522741336633663 0.03511757425742576 0.22838025990099012 0.07437345297029704 0.2336143770627063
0 0.12648372755524862 0.44774401473296505 0.12462232389502763 0.40058845534069987 0.019854972375690613 0.4079405501841621 0.021716376035911603 0.45509610957642727
0 0.026096037825379642 0.36500982917570496 0.0000249966106291008 0.3642856335864063 -0.0019514303145335954 0.4907769567968185 0.02411961090021695 0.4915011523861172
0 0.03098688471502592 0.42861479922279794 0.01785642001295339 0.36208711139896377 -0.01117733970207252 0.37227439550949915 0.0019531250000000113 0.4388020833333333
0 0.16319918976962128 0.5550988180072889 0.15305605720421708 0.5059847024274371 0.07049172076337366 0.5362981786086164 0.08063485332877784 0.585412294188468
0 0.2426997346698113 0.7519064465408806 0.10497494103773589 0.6262627751572328 0.07105689858490569 0.6923594732704402 0.20878169221698112 0.8180031446540882
0 0.39824218750000007 0.6557291666666667 0.34023437500000003 0.6299479166666667 0.32031250000000006 0.7096354166666666 0.37832031250000003 0.7354166666666667
0 0.6581815435082874 0.3497136855432782 0.6572265625000001 0.32552083333333337 0.5819826916436465 0.33080110497237575 0.5829376726519337 0.35499395718232046
0 0.6644874962841855 0.32661854686880704 0.6634528741825207 0.27005920531113753 0.6150346499702735 0.27163378170828373 0.6160692720719381 0.3281931232659533
0 1.0018064459182545 0.33566058373947716 1.0000000000000002 0.3033854166666667 0.9105668648925567 0.31228423608034267 0.9123733108108111 0.34455940315315314
0 0.7724795979299365 0.4863737393842888 0.7244725318471338 0.4675474389596604 0.7053766918789809 0.5541152468152867 0.7533837579617836 0.5729415472399153
0 0.072265625 0.7252604166666666 0.042773437499999956 0.6466145833333332 0.008398437499999956 0.66953125 0.037890625 0.7481770833333333
0 0.17835873463114754 0.9974385245901639 0.16651191086065573 0.8236851092896175 0.05151767418032788 0.8376238046448088 0.06336449795081969 1.0113772199453552
0 0.32550130587507276 0.9663960881382256 0.2623773751456028 0.8533741931178411 0.18696707101776355 0.92824967239371 0.25009100174723353 1.0412715674140944