0 0.4199218750000001 0.25911458333333337 0.36230468750000006 0.25520833333333337 0.36001802023638974 0.3151698304680039 0.4176352077363898 0.3190760804680039
0 0.5812818156108597 0.3068804204374057 0.5481829751131221 0.19287330316742085 0.4983756363122171 0.21858031674208148 0.5314744768099546 0.3325874340120664
0 0.12890625 0.32421875000000006 0.10546875 0.29296875000000006 0.08105468750000001 0.32552083333333337 0.1044921875 0.35677083333333337
0 0.3867187500000001 0.49609375000000006 0.3544921875000001 0.47916666666666674 0.33525747714626397 0.5442687632485428 0.36748403964626397 0.5611958465818762
0 0.6391433189655172 0.6265714798850575 0.6086341594827587 0.5248742816091955 0.5379175646551724 0.5625897988505748 0.568426724137931 0.6642869971264368
0 0.7646307621606336 0.5551824095022627 0.6425118424773757 0.547428827300151 0.6388486283936652 0.6499988216440423 0.7609675480769231 0.6577524038461539
0 0.6377320772058825 0.6965747549019609 0.5512385110294119 0.6846446078431373 0.5438556985294118 0.7798008578431374 0.6303492647058825 0.7917310049019609
0 0.5119964879587156 0.7023246368501529 0.4938091313073394 0.6950496941896025 0.48550387041284393 0.7319619648318043 0.5036912270642201 0.7392369074923548
0 0.5933459051724139 0.9504759339080461 0.5341796875000001 0.9166666666666666 0.5118534482758621 0.9861260775862071 0.571019665948276 1.0199353448275865
0 0.2889308888344761 0.8362030178746328 0.1828402378183155 0.8320014079333987 0.18059921339373172 0.9325985043258245 0.2866898644098924 0.9368001142670586
0 0.25979983373265036 0.9986023903943602 0.25892267019167214 0.9342770640559597 0.17507254833113023 0.9363097942828819 0.17594971187210842 1.0006351206212822
0 0.11328125000000008 0.8697916666666666 8.05468378150139e-17 0.8697916666666666 8.652655851397559e-17 1 0.11328125000000008 1
0 0.11813994133733238 0.9109979637144201 0.0673828125 0.875 0.05354760276993646 0.9096802590566926 0.10430473160726886 0.9456782227711127
0 0.984375 0.7799479166666667 0.9459093660329986 0.7730171718077476 0.9433103367109039 0.7986609277857487 0.9817759706779053 0.8055916726446679
0 0.2717541436464089 0.7327491942909762 0.24995144164364635 0.7004488950276243 0.22470109633977894 0.7307493093922652 0.24650379834254146 0.7630496086556171