0 0.23762162461967548 0.0833491801893171 0.22664767685091283 -0.0073687880324543546 0.17156598630831643 0.004476736815415827 0.1825399340770791 0.09519470503718729
0 0.1650390625 2.6830389761774617e-17 0.11918216204751131 -0.0013009049773755458 0.11890996182126697 0.015756975867270005 0.16476686227375564 0.01705788084464558
0 0.26562500000000006 0.05859375000000004 0.23144531250000006 0.05729166666666671 0.2307093061786297 0.09163862833061452 0.2648889936786297 0.09294071166394785
0 0.47234959614943184 0.1996739486495275 0.3408203125 0.0520833333333333 0.30987696635056816 0.10110730135047247 0.44140625 0.24869791666666666
0 0.42578125 0.057291666666666734 0.380859375 0.05729166666666673 0.380859375 0.10546875000000006 0.42578125 0.10546875000000006
0 0.3778125 0.1573437500000001 0.33406250000000004 0.14901041666666673 0.3291406250000001 0.19494791666666675 0.37289062500000003 0.2032812500000001
0 0.6747933977601155 0.25641257225433534 0.6542178468208092 0.23629425578034685 0.623046875 0.29296875 0.6436224259393063 0.3130870664739885
0 0.623046875 0.3567708333333334 0.591796875 0.3567708333333334 0.591796875 0.4205729166666668 0.623046875 0.4205729166666668
0 0.32232872596153844 0.3140144230769231 0.25850060096153843 0.23786858974358976 0.20736778846153844 0.3140665064102564 0.27119591346153843 0.39021233974358976
0 0.21484375000000008 0.5026041666666666 0.15039062500000006 0.5026041666666666 0.15039062500000006 0.55859375 0.21484375000000008 0.55859375
0 0.18222702697681337 0.573412108600872 0.12423941921819268 0.5715263327388029 0.12290753195600483 0.6443361697384067 0.1808951397146255 0.6462219456004756
0 0.3681640625000001 0.7369791666666669 0.33973894817073175 0.7146277947154474 0.3172780106707317 0.7654090447154474 0.3457031250000001 0.7877604166666669
0 0.24925337119516566 0.910659831020591 0.19046553267681293 0.8136132404506119 0.08394765555058195 0.9283248004327067 0.14273549406893465 1.0253713910026858
0 0.3868946196266969 0.9876767533936651 0.2580051611990951 0.9840203148567119 0.2578125000000001 0.99609375 0.3867019584276019 0.9997501885369533