0 0.10375884433962264 0.3290733097484277 0.10133033608490567 0.25459905660377363 0.06717275943396227 0.2565792059748428 0.06960126768867925 0.33105345911949685
0 0.4494859628766036 0.48809935369346047 0.4351351947746263 0.45483500916990305 0.2887313858935507 0.5671211162763327 0.3030821539955279 0.6003854607998901
0 0.7578635817307691 0.5676842948717946 0.6656700721153845 0.5088942307692306 0.6318569711538461 0.6031610576923077 0.7240504807692305 0.6619511217948716
0 0.45623944256756754 0.7892384572072071 0.4464474239864864 0.7109023085585586 0.34082031250000006 0.7343750000000001 0.3506123310810811 0.8127111486486487
0 0.25886418269230776 0.645332532051282 0.14355468750000006 0.6145833333333333 0.11989182692307694 0.7723357371794872 0.23520132211538466 0.803084935897436
0 0.3657622466216216 0.9456292229729731 0.35285578547297297 0.8423775337837839 0.2907780827702703 0.8561725788288289 0.30368454391891897 0.9594242680180182
0 0.13767719751264768 0.8729535553681844 0.10839843750000008 0.859375 0.08793838269392924 0.9378052100899381 0.11721714270657682 0.9513837654581226
0 0.4630282046780467 0.8049609712618844 0.39564623622515127 0.8023185411264766 0.39291236765341403 0.9262539163785652 0.4602943361063095 0.928896346513973
0 0.4852751946366782 0.9432661115916955 0.4755859375 0.8671875 0.4386928254757786 0.8755406574394464 0.44838208261245677 0.9516192690311419
0 0.5513556985294118 0.9783241421568627 0.5409007352941176 0.922564338235294 0.4609375000000001 0.94921875 0.4713924632352942 1.0049785539215685
0 0.6699218749999999 0.85546875 0.6247927160187288 0.8422602156640182 0.6137290720771851 0.9094616084941355 0.6588582310584562 0.9226701428301173
0 0.9765625 0.7773437500000002 0.9401292067307694 0.7676282051282054 0.9355468750000002 0.7981770833333336 0.9719801682692308 0.8078926282051284