0 0.2701225630733945 0.31122180810397554 0.2313378010321101 0.28337633792048933 0.18304723337155965 0.40295298165137616 0.22183199541284404 0.4307984518348624
0 0.35000201353092786 0.2901632302405499 0.33434681056701027 0.23589185996563575 0.295213836984536 0.25596005154639173 0.3108690399484536 0.31023142182130586
0 0.4958412728658536 0.24983485772357725 0.478810975609756 0.21474212398373985 0.4363757621951219 0.2513528963414634 0.4534060594512194 0.2864456300813008
0 0.7978064903846155 0.27886618589743584 0.7501502403846155 0.16766826923076916 0.692938701923077 0.21125801282051276 0.740594951923077 0.32245592948717944
0 0.8587524162371135 0.17689379295532628 0.7905146585051547 0.11983623281786926 0.7668532538659794 0.17014336340206176 0.8350910115979383 0.2272009235395188
0 0.5984375 0.4486979166666666 0.5885937499999999 0.3568229166666667 0.48359375 0.37682291666666673 0.49343750000000003 0.4686979166666666
0 0.7167968749999999 0.47786458333333337 0.712762661637931 0.41331716954022996 0.6398639547413794 0.42141702586206903 0.6438981681034484 0.4859644396551725
0 0.6612438308373043 0.5428854308486499 0.6012221324029954 0.43860530831631495 0.49960046694179716 0.5425902683231224 0.5596221653761062 0.6468703908554574
0 0.2599799923780488 0.8866869918699187 0.23192168445121958 0.5499872967479674 0.10908917682926833 0.5681847052845528 0.13714748475609756 0.9048844004065041
0 0.06347656250000004 0.5286458333333333 0.0014062500000000533 0.5168229166666666 -0.006562499999999949 0.5911979166666668 0.055507812500000045 0.6030208333333335
0 0.0885147909252669 0.5641598087188612 0.07317198620996443 0.4380078588374853 0.027600923042704638 0.4478610616844603 0.04294372775800711 0.5740130115658364
0 0.8135395010395012 0.7173450493762996 0.7387189773908525 0.6359613218988222 0.7083826013513514 0.685543355855856 0.7832031250000002 0.7669270833333335
0 0.553579379857513 0.8673021912780657 0.5364566466968913 0.8539845099309157 0.5188532221502592 0.8942209088946461 0.5359759553108809 0.9075385902417963
0 1.0000411739864865 0.9255377252252253 0.9990234375000002 0.8671875 0.9700147804054055 0.8680869932432432 0.9710325168918919 0.9264372184684684