0 0.5070847602739726 0.04828053652968045 0.4295109160958904 0.037392979452054866 0.42461472602739725 0.09941138698630143 0.5021885702054795 0.11029894406392703
0 0.518582803502879 0.023742402431222113 0.4944592730326295 -0.03473888355726163 0.4453125 0.001302083333333363 0.4694360304702495 0.05978336932181711
0 0.49260962285194976 0.19371609247631644 0.4914794437789161 0.11083629378717781 0.39389096579643096 0.11320207507160165 0.3950211448694646 0.19608187376074027
0 0.5869370404411766 0.20873161764705878 0.5791704963235295 0.07411151960784315 0.48059512867647064 0.08422181372549019 0.48836167279411774 0.21884191176470583
0 0.396484375 5.844180363118554e-17 0.3193359375 5.21431644949459e-17 0.3193359375 0.06250000000000006 0.396484375 0.06250000000000006
0 0.3239756356550678 0.09805946403549741 0.18735586466604398 -0.04838264342986146 0.10320089911256428 0.09119144578078778 0.23982067010158808 0.23763355324614663
0 0.30842141544117646 0.06027879901960782 0.28525965073529413 0.02424938725490196 0.2734375 0.03776041666666664 0.2965992647058823 0.0737898284313725
0 0.14334508384146344 0.14956808943089434 0.0986328125 0.12760416666666669 0.08049256859756097 0.19325457317073175 0.1252048399390244 0.21521849593495937
0 0.5151762543252595 0.31450313581314887 0.4162846020761245 0.18940942185697818 0.36864930255190304 0.25635632929642455 0.46754095480103797 0.38145004325259524
0 0.6835604039634147 0.47668318089430883 0.6591796875 0.40625 0.5730373475609756 0.45926067073170734 0.5974180640243902 0.5296938516260162
0 0.7577572228773584 0.647528498427673 0.7216796874999998 0.4791666666666668 0.6439047759433961 0.5087952044025158 0.6799823113207546 0.677157036163522
0 0.9660122380780347 0.4248404383429673 0.8102985007225435 0.27258700626204246 0.7310050126445088 0.41675698458574184 0.8867187500000002 0.5690104166666666
0 0.4824218750000001 0.99609375 0.43488501822508213 0.6903665142711155 0.3267287370330102 0.7202633724868103 0.3742655938079282 1.0259906082156947
0 0.3515625 0.9986979166666665 0.35044444032066513 0.9554662757323833 0.2939383536223278 0.9580642567300081 0.2950564133016627 1.0012958976642914