0 0.3349609375 5.551115123125783e-17 0.294969483873365 -0.0013005350772888871 0.294463204146849 0.026376089972255302 0.334454657773484 0.027676625049544247
0 0.404296875 0.13932291666666666 0.38030853525374375 0.0905045410427066 0.36240218126039936 0.10614687326677762 0.3863905210066556 0.15496524889073768
0 0.44407728040540545 0.13722550675675677 0.4298247466216217 0.07546452702702702 0.38659206081081077 0.09320101351351354 0.40084459459459454 0.15496199324324328
0 0.49367703419811315 0.14021029874213842 0.4362087264150943 0.1059738600628931 0.4194929245283018 0.1558559355345913 0.4769612323113207 0.19009237421383657
0 0.6196484375 0.2820833333333333 0.6112109374999999 0.2033333333333333 0.49828124999999995 0.22484375000000004 0.50671875 0.30359375
0 0.5849609375 0.16145833333333345 0.509930449695122 0.15833206300813016 0.5087842987804878 0.2072345020325204 0.5838147865853658 0.21036077235772366
0 0.4945231769610146 0.37594368932988886 0.4267578125 0.3515625 0.4110452016791921 0.4292012828792861 0.47881056614020673 0.45358247220917497
0 0.6505876659292036 0.503680401917404 0.6302561532079647 0.4374147308259587 0.5623427129424778 0.4744584255162243 0.5826742256637167 0.5407240966076697
0 0.5241656162054409 0.5722990931832396 0.5134259937851782 0.5124941369606003 0.3864358583489681 0.5530355886491557 0.39717548076923076 0.6128405448717948
0 0.4682848235410094 0.6428348449001052 0.463645381506309 0.5912854889589905 0.422287805599369 0.5979027011041009 0.4269272476340694 0.6494520570452156
0 0.3873849233730389 0.6974770905965524 0.33300781250000006 0.65625 0.3152849905578153 0.6978069617954679 0.36966210143085415 0.7390340523920201
0 0.3389593160377359 0.7319919418238994 0.3270084021226415 0.6470076650943396 0.28490934551886793 0.6575324292452831 0.29686025943396227 0.7425167059748429
0 0.3261718750000001 0.9361979166666666 0.23670331990644505 0.8067540497227997 0.11340306652806657 0.9582602434164935 0.20287162162162162 1.0877041103603604
0 0.18457031250000006 0.8671875000000002 0.15234375000000006 0.8242187500000002 0.09375000000000014 0.9023437500000001 0.12597656250000014 0.9453125000000001
0 0.36420614446529076 0.8324328681988742 0.359303544207317 0.8051321138211381 0.2427203037054409 0.8423511765165728 0.24762290396341463 0.8696519308943088