0 0.1328125 1.666348834777323e-17 0.06640625 1.124187491404797e-17 0.06640625 0.07682291666666669 0.1328125 0.0768229166666667
0 0.14547939584811925 0.17467785220014195 0.1416015625 0.08333333333333333 0.07063201406139107 0.08868952566832268 0.0745098474095103 0.18003404453513128
0 0.28341547123600475 0.2135140443920644 0.17892558559222158 0.09896216976036139 0.14866941201384798 0.14802623502258885 0.2531592976576312 0.2625781096542919
0 0.26013531763180636 0.08516885443676175 0.2099609375 0.05989583333333337 0.20050507778738114 0.09326945584845871 0.2506794579191875 0.11854247695188709
0 0.3828125000000001 0.22265625000000003 0.33613281250000004 0.09817708333333333 0.28613281250000006 0.13151041666666666 0.33281250000000007 0.2559895833333334
0 0.32999395087655226 0.25640008674214765 0.2750767553871439 0.2205675903944486 0.25898166430788894 0.2644208820306794 0.31389885979729726 0.30025337837837845
0 0.7873046875 0.19348958333333346 0.7447265624999999 0.16510416666666672 0.7328124999999999 0.19687500000000008 0.775390625 0.22526041666666682
0 0.9026950159166404 0.3300902766793208 0.8169700673244229 0.18639893427712745 0.7299315016015504 0.27871256458926497 0.815656450193768 0.4224039069914583
0 0.9677168041356877 0.31151641883519215 0.962890625 0.29296875 0.8956849732806692 0.3240570786864932 0.9005111524163569 0.3426047475216853
0 0.5281099759615385 0.4912459935897436 0.516180889423077 0.36400240384615384 0.37507512019230765 0.38752003205128205 0.3870042067307692 0.5147636217948718
0 0.1533203125 0.2578125 0.1272822427486188 0.2559852670349908 0.1263056802486188 0.2807248503683241 0.15234375 0.2825520833333333
0 0.255859375 0.5299479166666666 0.24320451183431951 0.48945235453648916 0.21283284023668642 0.5063255054240631 0.22548770340236687 0.5468210675542406
0 0.188327205882353 0.6599111519607843 0.15850183823529415 0.6346047794117647 0.1412913602941177 0.6706648284313724 0.17111672794117655 0.6959712009803921
0 0.047650437677137523 0.6178044058022358 0.00011855293457729011 0.6164266700125964 -0.0019512798181388388 0.7433764121791845 0.0455806049244214 0.7447541479688239
0 0.3193359375 0.7994791666666667 0.28565481918557545 0.7956298960021612 0.28223605905591576 0.8488106091302001 0.31591717737034036 0.8526598797947057
0 0.5357606059675837 0.8831731949901769 0.5018245794449901 0.872889550589391 0.49118599582514744 0.9353025744924689 0.5251220223477407 0.9455862188932548
0 0.4686925551470589 0.7731311274509804 0.4560546875 0.7630208333333334 0.4450252757352941 0.7875306372549019 0.457663143382353 0.797640931372549
0 0.84494308540724 0.8732501414027151 0.8401088800904979 0.7378923925339367 0.7648517039027151 0.7426706259426848 0.7696859092194572 0.8780283748114631
0 0.9019730338312831 0.6636025373462215 0.8587554234402461 0.5749510288517868 0.8296473390817225 0.6001780352958408 0.8728649494727595 0.6888295437902753
0 1 0.6796875000000002 0.87890625 0.6796875000000002 0.87890625 0.9674479166666669 1 0.9674479166666669
0 0.15922522668393782 0.3909151014680484 0.11000242875647673 0.37364394430051817 0.10312095207253891 0.4085100928324698 0.15234375 0.42578125000000006
0 0.42234074519230774 0.7176883012820513 0.33147536057692306 0.7025440705128205 0.32330228365384617 0.7897235576923077 0.41416766826923085 0.8048677884615386