0 0.447265625 0.11979166666666673 0.416015625 0.11979166666666673 0.416015625 0.18359375000000006 0.447265625 0.18359375000000006
0 0.58984375 0.15234375 0.5528310643564356 0.11196627475247525 0.5312499999999999 0.14713541666666669 0.5682626856435643 0.18751289191419143
0 0.764694018013419 0.20008022170361747 0.7353515625 0.14843750000000006 0.6982740938593933 0.18588948852586545 0.7276165493728122 0.23753221022948287
0 0.9160156250000002 0.23046875000000017 0.8861443014705882 0.22051164215686286 0.8773552389705882 0.26738664215686286 0.9072265625000002 0.27734375000000017
0 0.43973982224770636 0.32983323776758405 0.3921032826834862 0.2956326452599389 0.37297520068807344 0.3429974197247707 0.4206117402522935 0.3771980122324159
0 0.3545036764705883 0.205530024509804 0.30118336397058826 0.20006127450980402 0.29687500000000006 0.2747395833333334 0.3501953125 0.28020833333333345
0 0.3075707398186682 0.5729816934205311 0.3060124201099881 0.48779354934601665 0.21050902013971468 0.4908993509710662 0.21206733984839482 0.5760874950455808
0 0.8572475557821498 0.5287133117402434 0.8251953125000002 0.5052083333333336 0.7999790067178504 0.5663387715930904 0.83203125 0.5898437500000002
0 0.8631353663224957 0.7814490883128297 0.8297365855667838 0.752503478324546 0.801110775483304 0.811223088752197 0.8345095562390158 0.8401686987404806
0 0.8851751224931632 0.7981640268915224 0.8618889585232452 0.7810339752354909 0.826323211030082 0.8669845316773018 0.849609375 0.8841145833333335
0 0.8140510110294118 0.8602175245098038 0.7958984375000002 0.8541666666666666 0.7904411764705884 0.8832720588235294 0.80859375 0.8893229166666666
0 0.7835543178233437 0.9973917258149317 0.7793307620268137 0.9504633280757099 0.745058655362776 0.9559468651419559 0.7492822111593059 1.002875262881178
0 0.5820312500000001 0.7617187500000001 0.5136754004963899 0.7419054602888088 0.49588927120938625 0.8509937199157643 0.5642451207129964 0.8708070096269557
0 0.412248506934019 0.7991484167792624 0.3309939913770455 0.6602909347945755 0.2726919932724065 0.7209420976580093 0.35394650882938 0.8597995796426964
0 0.39648437499999994 0.9114583333333333 0.37207031249999994 0.8854166666666665 0.33653296493902435 0.9446455792682926 0.36094702743902435 0.9706872459349593
0 0.525390625 0.8424479166666667 0.5153846153846154 0.7935296474358976 0.4882812499999999 0.8033854166666667 0.4982872596153845 0.852303685897436
0 0.298828125 0.9986979166666667 0.290625 0.9585937500000001 0.260546875 0.9695312500000001 0.26875 1.0096354166666668
0 0.16796875000000008 0.86328125 0.1435546875 0.8437499999999999 0.12563189338235295 0.8835784313725489 0.15004595588235303 0.903109681372549
0 0.14992378048780491 0.7418000508130081 0.10395769817073175 0.6842263719512195 0.07064214939024396 0.7315129573170732 0.11660823170731711 0.7890866361788618
0 0.16015625000000003 0.5924479166666667 0.12890625000000003 0.5507812500000001 0.08007812500000004 0.6158854166666667 0.11132812500000004 0.6575520833333335
0 0.18683455475663718 0.4476285951327434 0.10096619192477876 0.3474488384955753 0.010163163716814184 0.48581535766961653 0.0960315265486726 0.5859951143067846
0 0.06834375000000006 0.62771875 0.040078125000000055 0.5732812500000001 -0.0003437499999999538 0.6105937499999999 0.02792187500000005 0.6650312500000001
0 0.30642852092760187 0.4281143947963803 0.28417968750000006 0.41406250000000017 0.2768620970022625 0.43466016214177994 0.29911093042986436 0.44871205693816
0 0.7781515130090498 0.6812111142533939 0.7463606476244344 0.6056502168174963 0.7187499999999999 0.6263020833333335 0.7505408653846153 0.701862980769231