0 0.7164391243811881 0.39106332508250846 0.5653039913366337 0.226188634488449 0.4816773669554456 0.3624690594059407 0.6328125000000001 0.5273437500000002
0 0.506316409261758 0.4663436054356208 0.4268421417212799 0.4634001140452327 0.4230887384348496 0.6435634717938835 0.5025630059753278 0.6465069631842716
0 0.3698574908492523 0.5434748884629886 0.26824626704474047 0.42510672599597843 0.2004952645862134 0.5285018301495538 0.30210648839072524 0.6468699926165641
0 0.2967052699937028 0.6563155961376993 0.26974771725440805 0.5871936660369437 0.2181522551952141 0.6229665197313181 0.24510980793450882 0.6920884498320738
0 0.2216796875 0.2578125 0.14839843750000004 0.24385416666666665 0.13085937500000003 0.40755208333333326 0.20414062500000002 0.42151041666666667
0 0.22059077710176989 0.21188237463126847 0.13723727876106195 0.2044731747787611 0.13068653207964603 0.33548810840707965 0.21404003042035397 0.3428973082595871
0 0.30526194852941174 0.11021752450980392 0.22547104779411767 -0.0670955882352941 0.12494255514705883 0.013327205882352929 0.2047334558823529 0.19064031862745096
0 0.14736746300377834 0.4245185243492864 0.08150484099496222 0.37885377308984053 0.03491272433879098 0.49832073887489503 0.1007753463476071 0.5439854901343409
0 0.029296875000000073 0.7708333333333334 7.313198414830142e-17 0.7708333333333334 7.546407522089646e-17 0.8216145833333334 0.029296875000000076 0.8216145833333334
0 0.054687500000000056 0.5703125 5.890024888477261e-17 0.5703125 6.541814444664085e-17 0.7122395833333334 0.05468750000000007 0.7122395833333334
0 0.11745539639507618 0.7755852505861665 0.1103515625 0.6979166666666666 -0.0038982360052754903 0.7164938696756545 0.0032055978898006933 0.7941624535951544
0 0.20460395592485545 0.7341717846820809 0.1902885657514451 0.6101050698458574 0.057024476156069356 0.6374412933526011 0.07133986632947975 0.7615080081888246
0 0.435546875 0.9986979166666665 0.4347075928514377 0.9707218450479231 0.3860354682507987 0.9733176916932906 0.38687475039936103 1.001293763312034