0 0.6015625 0.010416666666666761 0.5 0.010416666666666751 0.5 0.17838541666666677 0.6015625 0.1783854166666668
0 0.5976562500000001 0.19140625000000008 0.5146484375 0.1901041666666667 0.5142819224847772 0.23164253505858481 0.5972897349847773 0.23294461839191818
0 0.766908176369863 0.24697559931506857 0.7272907748287671 0.15043664383561647 0.6829066780821916 0.18281749429223754 0.7225240796232876 0.27935644977168966
0 0.8398437499999998 0.14192708333333345 0.8141826923076921 0.08205128205128212 0.7731670673076921 0.11330128205128205 0.7988281249999998 0.1731770833333334
0 0.6992187499999999 0.23046875000000006 0.6529690835112059 0.22329825907150488 0.6479195154082177 0.2811999733191036 0.6941691818970117 0.2883704642475988
0 0.841737172489083 0.35085744177583705 0.7690706877729258 0.33793895560407583 0.7634330649563319 0.39431518377001473 0.836099549672489 0.40723366994177596
0 0.961095679566341 0.5580163758855065 0.9607120099798964 0.5278343684185335 0.8747660961731762 0.5297766489565384 0.8751497657596209 0.5599586564235114
0 0.6538277641454966 0.5468930427251735 0.6062851833140878 0.5021470842956121 0.5559730441685912 0.5971811249037722 0.6035156250000001 0.6419270833333336
0 0.521484375 0.0013020833333333925 0.5069967830882353 -0.022472426470588225 0.4711511948529411 0.0163602941176471 0.4856387867647059 0.04013480392156872
0 0.38635922571656056 0.03136942675159236 0.38364226711783445 0.011186305732484077 0.3251791401273886 0.025177481422505303 0.3278960987261147 0.04536060244161358
0 0.318359375 0.0013020833333333831 0.291015625 0.001302083333333381 0.291015625 0.014322916666666716 0.318359375 0.014322916666666718
0 0.27734375 0.0013020833333333606 0.07843244520691828 -0.0002672366255864271 0.07797052519518942 0.1038187393506524 0.27688182998827116 0.10538805930957218
0 0.2581129807692307 0.11658653846153852 0.19951923076923075 0.06450320512820519 0.17998798076923075 0.1035657051282052 0.23858173076923075 0.15564903846153852
0 0.13610276442307695 0.16672676282051285 0.07672776442307695 0.1568309294871795 0.07037259615384617 0.22461939102564102 0.12974759615384618 0.2345152243589744
0 0.15676904965753424 0.24134203767123286 0.1541042380136986 0.14540881849315068 0.10505404537671233 0.1478310502283105 0.10771885702054795 0.2437642694063927
0 0.13394017032332564 0.27825190050038484 0.1279296875 0.23177083333333331 0.07455930643764433 0.24403988645111624 0.08056978926096996 0.2905209536181677
0 0.07812500000000003 0.35807291666666674 0.07599221829829174 0.2471682681778362 0.016636210578186598 0.24919753339903636 0.01876899227989488 0.3601021818878669
0 0.029377508600917458 0.34990204510703365 0.0009765625000000221 0.33854166666666663 -0.01711224197247705 0.41893635321100914 0.011288704128440385 0.43029673165137616
0 0.380859375 0.22005208333333337 0.26524513812831446 0.21176432441780033 0.2617032132666589 0.29960406098685727 0.37731745013834445 0.3078918199023903
0 0.35569651058306706 0.21462326943556975 0.3547854682507987 0.18425519169329074 0.3259253943690096 0.18579439563365283 0.32683643670127793 0.21616247337593184
0 0.3259357683743541 0.3821368472939898 0.23553030238645634 0.3078309848381834 0.20030951480486808 0.3840122439035446 0.2907149807927659 0.45831810635935105
0 0.20312500000000006 0.38671875000000006 0.1652154683448574 0.3852321016997984 0.1632623433448574 0.473773768366465 0.20117187500000006 0.4752604166666667
0 0.41378793929712454 0.35680827342918003 0.3139476837060703 0.3514834597976571 0.31029103434504796 0.4733717718317359 0.41013128993610215 0.47869658546325883
0 0.1501498287671233 0.7729915810502282 0.13947452910958905 0.6377711187214613 -0.0020494434931506824 0.6576341324200914 0.008625856164383572 0.7928545947488584
0 0.33781378073770496 0.6957479508196722 0.27195184426229513 0.6750853825136612 0.2679303278688525 0.6978739754098361 0.3337922643442623 0.7185365437158471
0 0.35615861525229364 0.8407396788990825 0.3337962299311926 0.8246846330275229 0.319434489678899 0.8602470374617738 0.341796875 0.8763020833333335
0 0.4727073424494649 0.8552798627625844 0.4339537195303211 0.8540195823424496 0.43192047228002384 0.9651704320253668 0.47067409519916764 0.9664307124455015
0 0.45871926672013813 0.9984164198749589 0.4579114094891411 0.9499449860151365 0.4020796057502468 0.9515992616814742 0.4028874629812439 1.0000706955412966
0 0.5957031250000001 0.91015625 0.5205078125000001 0.9010416666666666 0.5142482069672132 0.9928492144808744 0.5894435194672132 1.001963797814208
0 0.23828125000000014 0.96484375 0.2166063262195123 0.9515053353658536 0.20117187500000008 0.99609375 0.2228467987804879 1.0094321646341462
0 0.021484375 0.02734375 0.0015625000000000014 0.018489583333333334 -0.008203124999999995 0.05755208333333333 0.011718750000000005 0.06640625