0 0.4443359375 0.1171875000000001 0.41856977601931333 0.10914699570815459 0.40782758851931333 0.17034491237482124 0.43359375 0.1783854166666668
0 0.5878906250000001 0.15234375 0.5506460336538462 0.11342147435897439 0.5292968750000001 0.14973958333333337 0.5665414663461539 0.18866185897435897
0 0.7649842870394061 0.1996545547594679 0.7336783121161717 0.1455454622995567 0.6992187499999998 0.1809895833333335 0.7305247249232343 0.2350986757932447
0 0.9187816722972972 0.22629504504504513 0.8911951013513513 0.2149774774774776 0.879666385135135 0.2649352477477479 0.9072529560810809 0.2762528153153154
0 0.4350266049907292 0.3299694839307788 0.39758164979913463 0.29517215183353945 0.37595362716316433 0.336547499484961 0.41339858235475885 0.3713448315822003
0 0.3528072642904074 0.20219934023215072 0.2998573012483574 0.20038908508541395 0.29840978153745074 0.27566011005256247 0.3513597445795007 0.2774703651992992
0 0.3072955373067777 0.4915418772294888 0.21141126634958388 0.48842368955608406 0.20987500928953634 0.5724057421720176 0.30575928024673016 0.5755239298454222
0 0.1839611695544555 0.44370101072607265 0.09525835396039607 0.3469343028052805 0.009456219059405968 0.4867600041254125 0.0981590346534654 0.5835267120462047
0 0.15783673375184634 0.597336979935992 0.1276166682053176 0.5538200855489905 0.0797506808530281 0.612913897095027 0.10997074639955684 0.6564307914820284
0 0.06783088235294114 0.6307751225490196 0.04008501838235297 0.572640931372549 -0.0006089154411764053 0.6071691176470588 0.027136948529411776 0.6653033088235294
0 0.14842839216321246 0.7456309369602764 0.10584520725388605 0.6810219667530224 0.07098040803108811 0.7218736506908463 0.11356359294041454 0.7864826208981003
0 0.4110408133411352 0.8069541459430466 0.38477362492685785 0.6533921213672713 0.3040623628583967 0.6779358969670373 0.33032955127267405 0.8314979215428125
0 0.3965594951923077 0.8914262820512822 0.3665114182692308 0.8834134615384616 0.3538161057692307 0.9680488782051282 0.38386418269230765 0.9760616987179488
0 0.29687500000000006 0.9986979166666669 0.28557448674636177 0.9589749003811506 0.26219992528586283 0.9707965176715179 0.2735004385395011 1.010519533957034
0 0.16796875000000006 0.8684895833333334 0.1440855868142145 0.8396781483790524 0.12437412328553617 0.868726620947631 0.14825728647132172 0.8975380559019119
0 0.5820312500000001 0.7591145833333334 0.5068835064469914 0.731282085721108 0.4836586676217765 0.8427613120821393 0.5588064111747851 0.8705938096943648
0 0.7734375 0.68359375 0.7453975866336633 0.6043342615511553 0.7159164330955154 0.6228758675499904 0.7439563464618522 0.7021353559988353
0 0.8598920036764707 0.5287990196078431 0.8245634191176471 0.5005361519607844 0.7871668198529411 0.583639705882353 0.8224954044117647 0.6119025735294118
0 0.863300587871287 0.7809921617161719 0.8269995358910892 0.7504228547854788 0.7991297957920793 0.8092589727722774 0.8354308477722772 0.8398282797029706
0 0.8841140625000001 0.7976166666666669 0.8609124999999999 0.7806520833333334 0.8254249999999999 0.8669354166666667 0.8486265625000001 0.8839000000000002
0 0.8140854779411766 0.856372549019608 0.7938189338235294 0.8503676470588236 0.7883272058823529 0.8833180147058823 0.80859375 0.8893229166666666
0 0.6883245683365757 0.7076949578469522 0.6689453124999999 0.6848958333333336 0.6609086211089494 0.6970401669909211 0.6802878769455252 0.7198392915045397
0 0.6474484972133757 0.3910894373673035 0.6406685410031846 0.360353635881104 0.6132812499999999 0.3710937499999999 0.620061206210191 0.4018295514861994