0 0.10546875 0.26953125 0.057555650684931514 0.19257990867579908 -0.0459599743150685 0.3071632420091324 0.001953125 0.3841145833333333
0 0.24023437500000008 0.4622395833333334 0.1162109375 0.29687500000000006 0.08300781250000001 0.34114583333333337 0.20703125000000008 0.5065104166666669
0 0.1259228410517819 0.5163475145499482 0.11562233728474051 0.3774814637646497 0.059530371771107406 0.3848782064697442 0.06983087553814878 0.5237442572550427
0 0.5903395432692308 0.5806490384615385 0.4783353365384616 0.38864182692307686 0.44966947115384615 0.4183693910256411 0.5616736778846153 0.6103766025641025
0 0.6868627650897225 0.5470852875203914 0.6831126376427405 0.3720793399945623 0.6256260832993475 0.3742693039695487 0.6293762107463295 0.5492752514953778
0 0.99609375 0.22005208333333345 0.9794921875 0.1979166666666668 0.9189453125 0.2786458333333334 0.935546875 0.3007812500000001
0 0.7416878878845117 0.6822909639773342 0.6566832079735564 0.5578938714247168 0.6140896940771722 0.609637103121065 0.6990943739881275 0.7340341956736826
0 0.6328125000000001 0.7565104166666666 0.5986328125000001 0.7213541666666666 0.578526819984647 0.7561052648413511 0.612706507484647 0.7912615148413511
0 0.31564163513340177 0.84657129190183 0.2912691604669061 0.7943797299897384 0.21077766242303744 0.8612028604412519 0.2351501370895331 0.9133944223533436
0 0.39864732459772834 0.9986535484697902 0.3981190657536678 0.9528711153178736 0.32773308092759107 0.9543149303912289 0.3282613397716517 1.0000973635431456
0 0.6400544241573034 0.9516473548689138 0.5898437500000001 0.9361979166666666 0.5797050561797754 0.994777036516854 0.6299157303370787 1.0102264747191012
0 0.275390625 0.9986979166666666 0.27457269194162437 0.9834298329103214 0.247506543464467 0.9860075613367173 0.24832447652284265 1.0012756450930627