0 0.5587746808194775 0.1150689083531275 0.5576171875 0.0703125 0.5108651276722089 0.07246201999208234 0.5120226209916864 0.11721842834520983
0 0.267578125 0.12890625000000006 0.2138671875 0.05729166666666671 0.11230468750000003 0.19270833333333337 0.16601562500000003 0.2643229166666667
0 0.0341796875 0.057291666666666664 5.3219514220759e-18 0.057291666666666664 8.132420150587892e-18 0.11848958333333333 0.03417968750000001 0.11848958333333333
0 0.09227044092465753 0.3542879566210046 0.09023169948630136 0.2808932648401826 0.017776113013698625 0.28447131849315066 0.019814854452054796 0.3578660102739726
0 0.640625 0.5299479166666667 0.5935997596153847 0.435897435897436 0.5521334134615385 0.47275641025641035 0.5991586538461539 0.5668068910256411
0 0.7791752653301887 0.454864386792453 0.7248415389150944 0.40529677672955994 0.6702756485849057 0.5116303066037737 0.7246093750000001 0.5611979166666667
0 0.824990404298874 0.43343248891163444 0.7880859375000001 0.4270833333333334 0.7786541629350052 0.5245450038382806 0.8155586297338793 0.5308941594165815
0 0.6884765625000001 0.7604166666666667 0.6634682990095017 0.743993329449026 0.6312417365095015 0.8312329127823593 0.65625 0.8476562500000002
0 0.7386654998145401 0.7450961300692386 0.6698534866468844 0.7273901149851635 0.6618271281528191 0.7828449554896143 0.7306391413204748 0.8005509705736896
0 0.12695312500000008 0.9140625 0.10742187500000008 0.9140625 0.10742187500000008 0.9986979166666666 0.12695312500000008 0.9986979166666666
0 0.20605468750000006 0.9375 0.19504310344827588 0.9032417385057471 0.14813442887931033 0.9300466954022988 0.15914601293103448 0.9643049568965517