0 0.5732046081323755 0.11111266995895334 0.4896591601462287 0.041754184838378686 0.43403568336326315 0.16086708461604243 0.51758113134941 0.2302255697366171
0 0.5182770270270269 0.09605996621621622 0.5165888935810811 -0.0007263513513513527 0.4302438766891892 0.0019510135135135183 0.43193201013513505 0.09873733108108108
0 0.486778846153846 0.2009214743589744 0.439453125 0.1588541666666667 0.41932091346153844 0.1991185897435898 0.46664663461538447 0.24118589743589747
0 0.6911705280172413 0.4777298850574713 0.6689453125 0.40364583333333337 0.5808863146551725 0.45061063218390807 0.6031115301724139 0.5246946839080461
0 0.9716778956422019 0.41242115825688086 0.8145391341743119 0.2649823203363915 0.73739248853211 0.4111549120795109 0.89453125 0.5585937500000002
0 0.7521499000170183 0.6538169035057864 0.7337786919247786 0.4676553281710915 0.6546086570370999 0.4815448079759474 0.6729798651293396 0.6677063833106424
0 0.3977504539289464 0.5398860437813559 0.34746278329541475 0.32616344358884614 0.2721891953972698 0.3576504346050636 0.32247686603080156 0.5713730347975734
0 0.33984375000000006 0.5039062500000002 0.2626953125 0.4010416666666668 0.19238281250000006 0.4947916666666668 0.2695312500000001 0.5976562500000001
0 0.1992773120948136 0.5890186048082117 0.18771050698946518 0.40909052539168017 0.11852018334683953 0.41699799095083734 0.13008698845218797 0.5969260703673689
0 0.23199071344339628 0.7797464622641511 0.22566332547169815 0.5857065644654088 0.09776311910377358 0.5931210691823898 0.1040905070754717 0.7871609669811321
0 0.1310832698170732 0.5321138211382114 0.05921779725609762 0.49681148373983747 0.022103658536585403 0.6311293191056911 0.09396913109756097 0.6664316565040651