0 0.4654239107916879 0.21324486337752854 0.36425781249999994 0.1979166666666667 0.3571589351733809 0.28121016063233045 0.4583250334650688 0.2965383573431923
0 0.49592141544117646 0.2509191176470589 0.4778262867647058 0.21070772058823534 0.4338809742647059 0.2458639705882353 0.45197610294117646 0.2860753676470588
0 0.681113649764151 0.0137873427672956 0.6806640625 -7.401486830834377e-18 0.658203125 0.0013020833333333259 0.658652712264151 0.015089426100628934
0 0.8090165076808722 0.4604582197720516 0.6303351864469773 0.20840534150974566 0.5319011707135778 0.33245916955731747 0.7105824919474728 0.5845120478196235
0 0.27216005067567567 0.321677927927928 0.23941089527027026 0.28992117117117117 0.18269636824324326 0.39389780405405406 0.2154455236486487 0.4256545608108109
0 0.35025091240875905 0.2907637621654502 0.3352246806569343 0.23566757907542582 0.2955491560218978 0.254904197080292 0.3105753877737226 0.31000038017031634
0 0.212890625 0.48307291666666663 0.16449827139987638 0.3904962402142563 0.11733356188195301 0.43432607128141737 0.1657259154820766 0.5269027477338277
0 0.15529942328326182 0.4380621870529327 0.07256404238197427 0.41224405400572245 0.062144581545064394 0.47160340665236056 0.14487996244635196 0.4974215396995708
0 0.6742240287162163 0.8054265202702704 0.5769900760135136 0.7838189752252254 0.5586201435810811 0.9307784346846848 0.6558540962837839 0.9523859797297298
0 0.5533088235294118 0.8689491421568628 0.5380859375 0.8567708333333334 0.5218864889705882 0.8927696078431373 0.537109375 0.9049479166666667
0 1 0.92578125 0.9970703125 0.8489583333333334 0.9797356285816619 0.8501335661413563 0.9826653160816619 0.926956482808023