0 0.6095124149859288 0.0379143214509068 0.578273408184803 0.002926633833645968 0.5455301653377111 0.05490003517823639 0.5767691721388368 0.08988772279549723
0 0.52472402943686 0.06666400028441419 0.49698698805460745 0.03746711461888511 0.4516918195392492 0.11396562144482363 0.4794288609215018 0.1431625071103527
0 0.4643030780579399 0.1624027628755366 0.4482421875 0.1276041666666667 0.40067563036480686 0.16663313662374823 0.41673652092274677 0.2014317328326181
0 0.28906250000000006 0.21484375 0.2824164890239478 0.10555379172714077 0.1676200789187228 0.11796421444121916 0.17426608989477504 0.22725417271407838
0 0.6756841880070995 0.4044328938471942 0.5572289395283976 0.284398242055443 0.5078125 0.3710937500000001 0.6262677484787019 0.4911284017917514
0 0.5773924866523042 0.2742000163919071 0.4886884864415511 0.2693395232296741 0.4865469276882727 0.33882120722492826 0.5752509278990259 0.3436817003871614
0 0.7412109375 0.2031250000000001 0.7119140625 0.1640625000000001 0.6181640625 0.2890625000000001 0.6474609375 0.3281250000000001
0 0.07226562500000004 0.4401041666666667 4.263540858359682e-17 0.4401041666666667 4.891411531750658e-17 0.5768229166666666 0.07226562500000004 0.5768229166666666
0 0.23783079864674198 0.8246309539079869 0.11901886784889686 0.725994634000342 0.03217745879297085 0.9119580554130322 0.15098938959081595 1.0105943753206772
0 0.10058593750000004 0.7604166666666666 0.07100236525229361 0.7391771788990825 0.03331063646788994 0.8325090787461774 0.06289420871559637 0.8537485665137615
0 0.056640625000000076 0.7786458333333334 7.181644559452984e-17 0.7786458333333334 8.19221735757751e-17 0.9986979166666666 0.05664062500000009 0.9986979166666666
0 0.4661649816176472 0.890088848039216 0.4307789522058824 0.878293504901961 0.4128561580882354 0.9738817401960785 0.44824218750000017 0.9856770833333334