0 0.35318216463414637 0.08603277439024398 0.29380240091463417 0.07723577235772364 0.2884193978658537 0.14183180894308953 0.3477991615853659 0.15062881097560987
0 0.3901635673928238 0.19693858729419075 0.37792968749999994 0.13020833333333337 0.34573861981593657 0.14070023687480587 0.35797249970876044 0.20743049083566328
0 0.3900534424510717 0.19633790579372476 0.37792968749999994 0.13020833333333337 0.34573861981593657 0.14070023687480587 0.35786237476700833 0.20682980933519732
0 0.51109375 0.1985416666666667 0.4957421875 0.17125000000000004 0.4533984374999999 0.21359375 0.46875 0.24088541666666666
0 0.375 0.30338541666666674 0.3544921875 0.2057291666666667 0.32268870548961426 0.2176024666172107 0.34319651798961426 0.3152587166172107
0 0.4478626179245283 0.35190153301886795 0.44090875589622647 0.3024518474842768 0.4111328125 0.3098958333333333 0.41808667452830195 0.35934551886792454
0 0.24609375 0.3515625 0.18261718750000006 0.3515625 0.18261718750000006 0.4205729166666667 0.24609375 0.4205729166666667
0 0.23046875 0.5455729166666666 0.21501765839041093 0.4906357020547946 0.1475947131849315 0.5243471746575343 0.16304580479452055 0.5792843892694063
0 0.21759619661921717 0.45622497775800724 0.1566531361209965 0.43083203588374863 0.13632256450177938 0.5175758081257416 0.19726562500000006 0.5429687500000001
0 0.12647463735673353 0.30421367597898763 0.10669155175501432 0.20925486509073546 0.046653944305157596 0.2314910159980898 0.06643702990687679 0.32644982688634194
0 0.26216505556576053 0.6567599268307618 0.2572162300238795 0.6261671871173159 0.18186880051432772 0.6478357289370561 0.18681762605620866 0.678428468650502
0 0.4369801816536748 0.8003433556050484 0.40616082614142535 0.7149974480326654 0.32523881194320714 0.7669473830734969 0.3560581674554566 0.8522932906458799
0 0.4824499939202336 0.7729957036316474 0.4149364664396888 0.7491133673800261 0.3962541038424125 0.843004215304799 0.4637676313229573 0.8668865515564204
0 0.5371093750000001 0.9986979166666667 0.5368117958690988 0.9633851931330474 0.4491736323687201 0.9646981244214424 0.44947121149962144 1.0000108479550618
0 0.51953125 0.92578125 0.48743880767167386 0.8747094062947068 0.43294494366952796 0.9355854345493562 0.4650373859978541 0.9866572782546494