0 0.076171875 0.020833333333333346 5.082762594117433e-18 0.020833333333333336 1.3035791123736473e-17 0.19401041666666666 0.07617187500000001 0.19401041666666666
0 0.11656821646341461 0.32459984756097554 0.11116139481707317 0.25971798780487804 0.06592987804878049 0.2664189532520325 0.07133669969512195 0.33130081300813
0 0.09179687500000003 0.36328125000000006 0.08120492788461542 0.2926682692307693 0.02035757211538463 0.3088942307692308 0.030949519230769235 0.37950721153846156
0 0.26820657531545744 0.6271318020504733 0.20389824033911674 0.6168424684542587 0.19834384858044168 0.6785579324395373 0.2626521835567824 0.688847266035752
0 0.06995522103658539 0.7522230691056911 0.068359375 0.7330729166666666 0.03213128810975609 0.7384400406504065 0.03372713414634147 0.757590193089431
0 0.6487072686464088 0.42675961095764287 0.573668421961326 0.42149372697974224 0.5624298601519337 0.7062039594843463 0.6374687068370166 0.711469843462247
0 0.7857052052514792 0.5490245931952664 0.7690631934171598 0.5397790310650888 0.7574195636094674 0.5770386464497043 0.774061575443787 0.5862842085798817
0 1.0134462316176471 0.662921568627451 0.9419503676470589 0.5792665441176471 0.8948993566176473 0.6507549019607843 0.9663952205882353 0.7344099264705882
0 0.872020736804996 0.8649432161563256 0.8157633397965351 0.8511658944399679 0.8070238529915391 0.9146080949503091 0.86328125 0.9283854166666669
0 0.9281530717113278 0.41213554354445797 0.89667231272838 0.2633174101705238 0.7997178555115712 0.29977891544864 0.8311986144945187 0.4485970488225742
0 0.54296875 0.30078125000000006 0.5371885557432432 0.25453969594594594 0.5210356841216216 0.25812922297297297 0.5268158783783784 0.3043707770270271
0 0.5839843749999999 0.15234375000000008 0.5763049285025705 0.11284945372750643 0.5449218749999999 0.12369791666666667 0.5526013214974292 0.16319221293916034
0 0.6357023603181076 0.0995148518216423 0.6224590257952691 0.0808183795541056 0.5773523526712887 0.13761937533985863 0.5905956871941271 0.1563158476073953
0 0.5690720016891893 0.02132601351351363 0.5365551097972971 -0.009642454954954912 0.497756545608108 0.06278153153153158 0.5302734375 0.09375000000000012
0 0.37585829368512114 0.07760686995386393 0.3173152303200692 0.03597624711649369 0.24919239294982698 0.20628334054209924 0.3077354563148789 0.24791396337946947
0 0.21773392341040462 0.2034335862235068 0.2041015625 0.1901041666666667 0.1777738890895954 0.23797266377649332 0.19140625000000003 0.25130208333333337
0 0.6519230769230767 0.27441907051282055 0.6465594951923076 0.24819711538461542 0.6001201923076922 0.26508413461538466 0.6054837740384614 0.2913060897435898