0 0.24843749999999995 0.02578125000000003 0.15175781249999995 -0.017187499999999977 0.130078125 0.06953125000000002 0.22675781249999996 0.11250000000000002
0 0.3112677688504326 0.14029440925010306 0.29438880948702095 -0.013780194169756895 0.18212033567676145 0.008084826946847949 0.19899929504017305 0.1621594303667079
0 0.3127683206869009 0.21337110623003194 0.31025359424920124 0.1295468916400426 0.27094149361022357 0.13164353700745474 0.27345622004792325 0.21546775159744408
0 0.2940355781594416 0.2567099865295127 0.2641003857457752 0.23309913054126874 0.1805321799228509 0.4214592135072251 0.21046737233651727 0.44507006949546907
0 0.154296875 0.30338541666666674 0.1259765625 0.26562500000000006 0.08789062500000001 0.31640625000000006 0.1162109375 0.35416666666666674
0 0.1987379807692308 0.36596554487179495 0.17480468750000006 0.3411458333333334 0.1445162259615385 0.39306891025641033 0.16844951923076926 0.4178886217948719
0 0.21289062500000006 0.45182291666666674 0.18945312500000006 0.42057291666666674 0.17382812500000006 0.44140625000000006 0.19726562500000006 0.47265625000000006
0 0.26734375 0.4422916666666667 0.24859375 0.40895833333333337 0.20890625 0.4486458333333333 0.22765624999999998 0.4819791666666667
0 0.29532747603833864 0.44320753461128864 0.2757369458865815 0.419096112886049 0.24630903055111825 0.4616031017039404 0.2658995607028754 0.48571452342918
0 0.19540309515688947 0.5595672038426558 0.16452746631991816 0.5118128979081401 0.14150030908935884 0.5382808947248751 0.17237593792633016 0.5860352006593906
0 0.05761718750000007 0.625 0.025734675840110088 0.6207957127481463 0.015358494902535335 0.7606820039065615 0.04724100656242532 0.7648862911584152
0 0.09960937500000007 0.6067708333333334 0.04296875000000006 0.6067708333333334 0.04296875000000007 0.71484375 0.09960937500000007 0.71484375
0 0.2077031513490725 0.817679788504778 0.1811301117200675 0.7158164699269254 0.13651125105396295 0.7365092748735246 0.16308429068296793 0.8383725934513772
0 0.3535156250000001 0.8619791666666666 0.3242187500000001 0.8619791666666666 0.3242187500000001 0.9440104166666666 0.3535156250000001 0.9440104166666666
0 0.5608340992647058 0.35523897058823534 0.5380859375 0.30468749999999994 0.46943933823529405 0.3596047794117646 0.4921875 0.41015625
0 0.5180888044724771 0.47950114678899075 0.47381199827981657 0.36986334097859325 0.42966958142201844 0.4015553325688073 0.47394638761467894 0.5111931383792049
0 0.5351562500000001 0.5429687500000001 0.5152870891003462 0.4559229022491349 0.4566088613754326 0.4797343569780853 0.47647802227508657 0.5667802047289505
0 0.55078125 0.4908854166666668 0.5339317064606741 0.45412277621722846 0.4945093047752809 0.4862447331460674 0.5113588483146068 0.5230073735955058
0 0.662109375 0.4518229166666668 0.6433646182885906 0.36775552293064884 0.5614474098154363 0.4002272091722595 0.5801921665268457 0.48429460290827747
0 0.890914676966292 0.01677785580524359 0.7765317766853932 0.0022530430711611427 0.7695093047752808 0.10056764981273418 0.8838922050561797 0.11509246254681663
0 0.8098535525693566 0.6457807902480035 0.7610254275693566 0.5650516235813365 0.6939123088745269 0.6372162673392181 0.742740433874527 0.717945434005885
0 0.5766212665929203 0.6248732485250736 0.5745817201327433 0.5840823193215338 0.5227288440265486 0.5886914638643067 0.5247683904867256 0.6294823930678466
0 0.49764150943396246 0.607360455974843 0.47597287735849064 0.5991057389937108 0.4562205188679246 0.6912834119496856 0.4778891509433964 0.6995381289308178
0 0.6484145220588234 0.8227787990196077 0.6421185661764705 0.7850030637254902 0.5949678308823528 0.7989736519607844 0.6012637867647058 0.8367493872549019
0 0.7402343750000001 0.8502604166666669 0.6845703125000001 0.8098958333333336 0.6508452716745844 0.8925765785827396 0.7065093341745844 0.932941161916073