0 0.53125 0.11458333333333341 0.4404296875 0.1145833333333334 0.4404296875 0.2252604166666667 0.53125 0.2252604166666667
0 0.4812131485849057 0.32621363993710695 0.478515625 0.24348958333333337 0.42257517688679247 0.24673250786163525 0.4252727004716982 0.32945656446540883
0 0.28125000000000006 0.0013020833333333662 0.1877044626147066 -0.00006854725106653867 0.18684156906544316 0.10462920339290031 0.28038710645073656 0.10599983397730021
0 0.17249428353658539 0.04649390243902441 0.1435546875 0.015624999999999984 0.10782679115853658 0.075171493902439 0.13676638719512196 0.10604039634146342
0 0.13644136065175097 0.18690722276264593 0.0009765625000000056 0.049479166666666664 -0.05914735951062555 0.1548391823805248 0.07631743864112542 0.2922672384765041
0 0.25631669207317076 0.4843940548780489 0.20599275914634152 0.4596735264227643 0.17127953506097565 0.5853023373983741 0.2216034679878049 0.6100228658536586
0 0.16486672794117646 0.8285079656862745 0.14906939338235295 0.7442555147058824 0.06542968750000003 0.7721354166666666 0.08122702205882355 0.856387867647059
0 0.7800992398648647 0.6896748310810812 0.7212309966216216 0.6481207770270271 0.6658361486486486 0.7876337274774776 0.7247043918918917 0.8291877815315317
0 0.8867111260202272 0.6829801351431276 0.8564564019251243 0.6469626064584814 0.8013384936124911 0.7292720162053467 0.831593217707594 0.765289544889993
0 1 0.4322916666666668 0.966796875 0.4322916666666668 0.966796875 0.5403645833333336 1 0.5403645833333336
0 0.9615084134615387 0.009995993589743552 0.8972806490384617 -0.056610576923077006 0.8485877403846155 0.02686298076923072 0.9128155048076924 0.09346955128205128
0 1 0.0013020833333334814 0.950941441212368 -0.0024357116219146787 0.9469573204841337 0.09052710537021985 0.9960158792717657 0.09426490032546801