0 0.5585854810541914 0.07674794489133513 0.5023111703535139 0.020954611205193412 0.4793863449936494 0.06206119460908841 0.5356606556943267 0.11785452829523013
0 0.33742635758196726 0.2353782445355192 0.32378650102459017 0.2202228483606558 0.3086577868852459 0.24442879098360665 0.32229764344262296 0.25958418715847004
0 0.7299742381631968 0.2915827177076339 0.6856275447028206 0.25574700582046117 0.6394425002098723 0.35735410370494747 0.6837891936702485 0.3931898155921202
0 0.911452205882353 0.41428615196078444 0.8712706801470589 0.4087438725490198 0.8633295036764705 0.5110968137254903 0.9035110294117648 0.5166390931372551
0 0.8554431207579185 0.511414734162896 0.8355901795814479 0.48604708710407246 0.783045814479638 0.559152290723982 0.8028987556561085 0.5845199377828055
0 0.7801875339838087 0.4564761811261481 0.7246221189282263 0.40773458897212833 0.6717938164572257 0.5147999486466893 0.7273592315128081 0.5635415408007091
0 0.37516101371951216 0.4652032520325204 0.33736947408536583 0.4178683943089432 0.24802591463414636 0.5446786077235773 0.2858174542682927 0.5920134654471545
0 0.07349090985254694 0.4694167504468275 0.04997748408176944 0.3887992906613047 -0.001955743130026821 0.4157276306970509 0.021557682640750687 0.49634509048257375
0 0.172905708539604 0.5903052805280529 0.1591796875 0.5494791666666666 0.13349512685643564 0.5648308580858087 0.14722114789603963 0.6056569719471948
0 0.43939426794210934 0.6275804173275179 0.42297779540047575 0.4998967420037008 0.4067688714314036 0.5036016389109174 0.4231853439730372 0.6312853142347343
0 0.642578125 0.22005208333333345 0.6103515625 0.17708333333333345 0.5869140625 0.20833333333333345 0.619140625 0.2513020833333334