0 0.3425040409482759 0.10326867816091961 0.3212890625 0.09114583333333341 0.3030037715517241 0.14803340517241387 0.32421875 0.16015625000000008
0 0.26105900962072054 0.36785293761916965 0.23884294227034064 0.2801977058965822 0.07898658941987537 0.35222493614644707 0.10120265677025526 0.4398801678690345
0 0.0849979043933317 0.30495810092337267 0.0009765625000000334 0.2604166666666667 -0.03290616578403106 0.3740435938413972 0.05111517610930061 0.4185850280981031
0 0.06353860294117648 0.23303921568627448 0.0009765625000000221 0.19791666666666663 -0.01558593749999997 0.2503645833333333 0.04697610294117649 0.28548713235294115
0 0.03741901676829274 0.3960238821138212 0.0009765625000000334 0.39062500000000006 -0.005168635670731675 0.46436737804878053 0.03127381859756103 0.46976626016260165
0 0.6373472308168316 0.38875567244224435 0.4992748298267327 0.3703460189768978 0.48983794863861396 0.4961711014851486 0.6279103496287128 0.5145807549504952
0 0.466796875 0.2942708333333334 0.40234375 0.2942708333333334 0.40234375 0.4674479166666668 0.466796875 0.4674479166666668
0 0.49548593101659744 0.6239140300829876 0.47100298236514515 0.6050149118257262 0.4462201763485477 0.6620904650760718 0.470703125 0.6809895833333334
0 0.7687661723726116 0.3905420647558388 0.7204916401273886 0.3789891852441615 0.7130548367834395 0.43423401008492585 0.7613293690286624 0.4457868895966032
0 0.8852074795081967 0.349709699453552 0.8330078125 0.3333333333333334 0.818804431352459 0.4138191598360657 0.8710040983606555 0.43019552595628424
0 0.31640625000000006 0.7669270833333334 0.29785156250000006 0.7213541666666665 0.25837035978877687 0.7499310372005044 0.27692504728877687 0.7955039538671712
0 0.30859600534064674 0.804149225365666 0.2951180896362587 0.7786909401462664 0.22039188799076212 0.8490214828714397 0.23386980369515015 0.8744797680908394
0 0.28417968750000006 0.9166666666666669 0.26464843750000006 0.8906250000000002 0.23437500000000008 0.9309895833333336 0.2539062500000001 0.9570312500000002