0 0.5406525272651008 0.15463506711409386 0.4997706061241612 0.08116610738255024 0.4445876153523491 0.13575573266219232 0.4854695364932887 0.20922469239373595
0 0.46384050199251786 0.1572479532639341 0.4052880509921925 0.06133346210149642 0.35348766875406634 0.11755093119713728 0.41204011975439164 0.21346542235957497
0 0.384765625 6.035531425485328e-17 0.349609375 5.748504831935168e-17 0.349609375 0.04817708333333339 0.384765625 0.04817708333333339
0 0.26953125 0.2096354166666667 0.173828125 0.08203125000000004 0.07128906250000001 0.21875000000000006 0.16699218750000006 0.34635416666666674
0 0.09179687500000003 0.3294270833333333 0.06835937500000003 0.3190104166666667 0.058593750000000035 0.35807291666666663 0.08203125000000003 0.36848958333333326
0 0.31933593750000006 0.5442708333333334 0.29670407550693706 0.5407620175204554 0.2916180296157951 0.5990820104055495 0.3142498916088581 0.6025908262184276
0 0.24609375 0.69921875 0.15917968750000003 0.5833333333333335 0.08300781250000004 0.6848958333333335 0.169921875 0.80078125
0 0.7539062499999999 0.12369791666666669 0.7499068509615384 0.027712339743589737 0.653740985576923 0.03483573717948719 0.6577403846153845 0.13082131410256412
0 0.7441406250000001 0.001302083333333448 0.6923828125000001 1.1472304587793285e-16 0.6917815836298933 0.04248684015421126 0.7435393961298933 0.043788923487544595
0 0.8576171875 0.14244791666666667 0.8119140625 0.020572916666666607 0.7541015625 0.05911458333333333 0.7998046875 0.1809895833333334
0 0.6676672609060402 0.1906459731543625 0.6575280515939597 0.17133319351230433 0.6296730809563759 0.19733116610738258 0.6398122902684563 0.21664394574944074