0 0.6582911205130018 0.0013225456943660304 0.5256476558083663 -0.00000721335029198189 0.5253767135387224 0.0480398824665537 0.6580201782433579 0.04936964151121171
0 0.6145288364040387 0.0909269466977334 0.5433641617405938 0.024075282619951763 0.46747679442095275 0.16769008528937987 0.5386414690843977 0.2345417493671615
0 0.5214843749999999 0.08463541666666667 0.5136718749999999 0.06640625000000006 0.4964242788461538 0.07954727564102569 0.5042367788461538 0.09777644230769231
0 0.4873046875 0.17187500000000006 0.4580078125 0.13281250000000006 0.4208984375 0.1822916666666667 0.4501953125 0.2213541666666667
0 0.44448386649408284 0.30260878944773173 0.31290796042899405 0.15109714003944769 0.24459596893491123 0.25656126725838263 0.37617187500000004 0.4080729166666667
0 0.18664886754587154 0.2913560779816514 0.1137381737385321 0.2390099388379205 0.10263761467889909 0.26649703746177367 0.17554830848623854 0.31884317660550454
0 0.18039808123598305 0.726573856321123 0.15120803677111885 0.5409551120317302 0.08811134321268375 0.5585950478652711 0.11730138767754798 0.744213792154664
0 0.5636508190055763 0.5030833720570013 0.505623402648699 0.4880392270755887 0.4728312325743495 0.7128998218711279 0.5308586489312269 0.7279439668525405
0 0.6533203125000001 0.35156250000000006 0.6239909627375297 0.350214024148852 0.6228659441805225 0.3937147416864609 0.6521952939429929 0.395063217537609
0 0.8239379358905579 0.30652047567954216 0.8053119970493562 0.2004090665236051 0.714539464860515 0.22873524678111584 0.7331654037017168 0.33484665593705293
0 0.4452217414033456 0.9474229399008676 0.43654158921933073 0.8586924953531601 0.3536281656598513 0.8731122211895913 0.36230831784386613 0.9618426657372988