0 0.5108253186389148 0.20207870478640474 0.4317438537768942 -0.041248879404427806 0.3313835579396632 0.016737069301527924 0.4104650228016837 0.26006465349236046
0 0.543359375 0.23984375000000005 0.5330078125 0.1984375 0.4591796875 0.23125000000000004 0.46953125 0.2726562500000001
0 0.05158943965517242 0.0585039511494253 0.012318157327586218 0.05542385057471265 0.009193157327586217 0.126257183908046 0.04846443965517242 0.12933728448275864
0 0.28639705882352945 0.3727634803921569 0.23428308823529415 0.3573223039215686 0.22821691176470593 0.39371936274509806 0.28033088235294124 0.40916053921568635
0 0.024157914959016404 0.41030566939890717 0.020251664959016397 0.3530140027322405 -2.7755575615628915e-18 0.35546875000000006 0.003906250000000003 0.41276041666666674
0 0.6688701923076922 0.37289663461538464 0.6030649038461539 0.24128605769230785 0.49308894230769235 0.339042467948718 0.5588942307692306 0.47065304487179477
0 0.6339977817862714 0.5454611934477379 0.489036905226209 0.5145362064482579 0.473509409126365 0.6439320072802912 0.6184702856864275 0.6748569942797713
0 0.7811115214180206 0.7959806591580503 0.7770797752031019 0.6562134570408665 0.6748046875 0.6614583333333333 0.6788364337149188 0.8012255354505169
0 0.829935213414634 0.8902121443089431 0.8220988948170731 0.7961763211382115 0.6939072027439025 0.8151676829268292 0.7017435213414634 0.9092035060975608
0 0.4531250000000001 0.9986979166666666 0.4524842689479639 0.9807574472096532 0.4313268877262444 0.9821007730015084 0.43196761877828055 1.0000412424585219
0 0.5060842483108108 0.9985698198198197 0.5052850506756756 0.9527491554054054 0.45453124999999994 0.9543229166666667 0.4553304476351351 1.000143581081081
0 0.446447220437018 0.689615467009426 0.41947501606683807 0.6684607969151674 0.39555049003856046 0.7226897225792632 0.4225226944087404 0.743844392673522
0 0.4153678847616633 0.8068849306964165 0.41028698656186613 0.7648828389114267 0.3548368566176471 0.7768075980392157 0.35991775481744426 0.8188096898242055
0 0.3400042050283286 0.8852875649197356 0.31530519652974504 0.7938097556657223 0.251953125 0.82421875 0.2766521334985836 0.9156965592540132
0 0.15332950367647058 0.9436948529411764 0.1494829963235294 0.8941176470588236 0.08691176470588236 0.9027481617647058 0.09075827205882353 0.9523253676470588
0 0.08398437499999997 0.9205729166666666 0.07612964527027026 0.8542440878378378 0.047645692567567566 0.8602407094594594 0.05550042229729728 0.9265695382882881
0 0.013671875000000075 0.8151041666666666 0.000976562500000075 0.8151041666666666 0.0009765625000000776 0.8763020833333334 0.013671875000000078 0.8763020833333334
0 0.13116185011061954 0.9900442477876107 0.10058593750000004 0.9661458333333336 0.09253491426991159 0.9844579646017699 0.12311082688053107 1.0083563790560472
0 0.6666176155821919 0.9340575057077628 0.6317289169520548 0.9166131563926943 0.609375 0.99609375 0.6442636986301371 1.0135380993150684