0 0.030758608678343957 0.24230360934182593 0.022330314490445858 0.20409534235668791 -0.005479946257961782 0.2150013269639066 0.002948347929936318 0.25320959394904463
0 0.08716286823248413 0.535330414012739 0.030273437500000045 0.5130208333333334 0.013105841958598763 0.5908472664543525 0.06999527269108285 0.6131568471337581
0 0.03125000000000005 0.5208333333333334 4.957188459439238e-17 0.5208333333333334 5.1963772873977055e-17 0.5729166666666666 0.031250000000000056 0.5729166666666666
0 0.27703125 0.7119270833333335 0.15881869612068963 0.4381716954022989 0.06400592672413793 0.5109572557471265 0.1822184806034483 0.784712643678161
0 0.40148737980769234 0.7408653846153846 0.2950721153846154 0.6305088141025641 0.26835937500000007 0.6763020833333333 0.374774639423077 0.7866586538461537
0 0.6329863871224164 0.7447792461579227 0.5849935413354531 0.7169573065712773 0.5633352792130365 0.7833759770800213 0.611328125 0.8111979166666666
0 0.6749976336789374 0.7139736719478099 0.6318359374999999 0.6770833333333334 0.6085140231826653 0.7255929151133892 0.651675719361603 0.7624832537278657
0 0.7235008445945946 0.65600365990991 0.6796188766891891 0.6250281531531532 0.6544869087837837 0.6883234797297298 0.6983688766891892 0.7192989864864867
0 0.6826214519650653 0.5436624363173218 0.62614714110262 0.4860807860262011 0.6004793258733623 0.5308349254002914 0.6569536367358078 0.588416575691412
0 0.7906177512886601 0.7534852878006871 0.762555170747423 0.5902120919243985 0.6930448614690723 0.6114513530927835 0.7211074420103094 0.7747245489690721
0 0.7532911198843417 0.8338337781731912 0.6569554882117437 0.7665517497034402 0.6081760175711743 0.8907176749703442 0.7045116492437723 0.957999703440095
0 0.6376063540434342 0.8967032227057631 0.5259027550384487 0.8460931778491353 0.49341558882246084 0.9735666300490114 0.6051191878274463 1.0241766749056391
0 0.5289062500000001 0.8388020833333336 0.5048828125000001 0.8281250000000002 0.4916015625000001 0.8812500000000002 0.5156250000000001 0.8919270833333336
0 0.790169974662162 0.3113485360360361 0.7343749999999999 0.2877604166666668 0.7266068412162162 0.3204265202702704 0.7824018158783783 0.34401463963963974
0 0.9224513319672132 0.052745047814207524 0.8785860655737705 -0.017439378415300646 0.80078125 0.06901041666666673 0.8446465163934425 0.1391948428961749
0 0.25210802801724136 0.5717403017241379 0.2378838900862069 0.570159841954023 0.23577586206896553 0.6038882902298851 0.25 0.60546875