0 0.4755859375 5.921189464667501e-17 0.433984375 -0.018489583333333302 0.402734375 0.10651041666666673 0.4443359375 0.12500000000000008
0 0.564453125 0.07552083333333343 0.4443359375 0.07552083333333341 0.4443359375 0.25651041666666674 0.564453125 0.25651041666666674
0 0.5310300263968324 0.08551645677518695 0.4650078709304884 0.023095509788825255 0.4351992995215575 0.07914581500219965 0.5012214549879015 0.14156676198856133
0 0.8442108497191013 0.10292310393258439 0.7622234901685394 0.03460030430711611 0.686841643258427 0.19541491104868905 0.7688290028089889 0.26373771067415736
0 0.8486328125 0.42447916666666685 0.7578125 0.30338541666666685 0.7138671875 0.3619791666666668 0.8046875 0.4830729166666668
0 0.7502377955067973 0.3752280337864855 0.7089363473360655 0.3223189890710384 0.5993235518292682 0.47443470528455295 0.6406249999999999 0.5273437500000001
0 0.7389856557377049 0.49878329918032804 0.6417776639344263 0.48700051229508207 0.6357902151639345 0.5748164275956286 0.7329982069672132 0.5865992144808744
0 0.7660508452868853 0.5390667691256831 0.7392578125 0.5234375 0.7251600922131147 0.566401980874317 0.751953125 0.5820312500000001
0 0.7864995757918551 0.4865254996229264 0.7666015625 0.47395833333333365 0.7611531391402715 0.48929463612368057 0.7810511524321266 0.5018618024132733
0 1.000023746760132 0.7806049717247879 0.9990234375 0.6432291666666666 0.9253615398209238 0.6441827187401823 0.9263618490810558 0.7815585237983035
0 0.509765625 0.42317708333333337 0.47174488615747456 0.41906673318819554 0.46927017189767783 0.4597620343492986 0.5072909107402033 0.46387238449443646
0 0.22536226011410787 0.23601422026279398 0.17458101011410787 0.1761183869294606 0.15234374999999997 0.2096354166666667 0.203125 0.26953125000000006
0 0.0571712740384616 0.5625352564102565 5.2735593669694933e-17 0.5611979166666666 -0.0006352163461537941 0.6094743589743589 0.05653605769230775 0.6108116987179487
0 0.01562500000000005 0.5182291666666666 4.921310135245467e-17 0.5182291666666666 5.082762594117433e-17 0.5533854166666666 0.01562500000000005 0.5533854166666666
0 0.30902343750000005 0.72125 0.264453125 0.7127604166666666 0.2601171875 0.7532291666666666 0.3046875000000001 0.76171875
0 0.02418428308823537 0.8384650735294117 0.000976562500000089 0.8307291666666665 -0.005629595588235214 0.8659620098039216 0.017578125000000066 0.8736979166666667