0 0.18309036726804126 0.2742966065292097 0.10625402706185569 0.2287639604810997 0.09642799613402063 0.25824205326460486 0.17326433634020622 0.30377469931271484
0 0.1760995514577623 0.7110585259365397 0.1469917592044605 0.5259628213514411 0.08419681932157987 0.543518395942354 0.11330461157488166 0.7286141005274526
0 0.5505396262886597 0.5917230455326461 0.49936573775773185 0.5654800257731959 0.4628704896907216 0.6919968857388317 0.5140443782216495 0.7182399054982819
0 0.43621757075471707 0.9411409198113209 0.4331183667452831 0.8460986635220126 0.3544627063679246 0.8506584119496856 0.3575619103773585 0.9457006682389938
0 0.7812500000000001 0.3736979166666668 0.7254815924657535 0.37094392123287684 0.723228809931507 0.45204409246575356 0.7789972174657536 0.45479808789954357
0 0.8384271420060658 0.2471543724725593 0.7490234374999999 0.2421875000000001 0.7456503195407278 0.3501272746967072 0.8350540240467937 0.3550941471692664
0 0.4423828125 0.29687500000000006 0.3994140625 0.2395833333333334 0.34765625000000006 0.30859375000000006 0.39062500000000006 0.36588541666666674
0 0.3871122451322557 0.2630149017266716 0.31146517381520944 0.13728186994856723 0.24035836471344602 0.21333750459221162 0.3160054360304923 0.339070536370316
0 0.483984375 0.14947916666666672 0.4546300551470588 0.11593137254901963 0.4189912683823529 0.1713694852941176 0.44834558823529413 0.2049172794117647
0 0.6094154493343195 0.07565181213017759 0.5249572392751478 0.0287305843195267 0.4770536704881656 0.18202200443786987 0.5615118805473372 0.22894323224852073
0 0.5234375 0.07421875 0.5089210304054055 0.04712134009009012 0.49026076858108103 0.06489301801801807 0.5047772381756757 0.09199042792792796
0 0.6542968750000001 0.0013020833333334378 0.51968331212965 -0.000027433336991026606 0.519480884107868 0.0364096105837815 0.654094446978218 0.03773912725410596
0 1.0000000000000002 0.9674479166666665 0.9990234375000002 0.8151041666666666 0.9543051497443388 0.8156137767835403 0.9552817122443388 0.9679575267835402