0 0.6195282101167314 0.10852889915693922 0.557643786478599 0.035723694876783556 0.5204812135214006 0.0918804717898834 0.582365637159533 0.16468567607003906
0 0.37109375000000006 0.37109375 0.32915622636157343 0.1381075075642965 0.20195194307866865 0.17881287821482597 0.24388946671709527 0.41179912065052954
0 0.08984375 1.459051850546651e-17 5.979720698961719e-20 7.255394448073511e-18 2.5114826935639083e-18 0.05338541666666667 0.08984375 0.05338541666666668
0 0.24435203736469613 0.4174581078268111 0.20487484388009997 0.3669273001665279 0.15329673189009163 0.43856356681931724 0.1927739253746878 0.4890943744796004
0 0.19423658778901737 0.6374202191714836 0.020311371026011615 0.562880840558767 0.0008433435693642188 0.6436371026011561 0.17476856033236998 0.718176481213873
0 0.12566390007796266 0.6313073891198893 0.07714843750000007 0.6067708333333334 0.045234537422037466 0.7189530275467777 0.09375000000000007 0.7434895833333335
0 0.3091082317073172 0.6512258638211382 0.2822265625000001 0.6380208333333335 0.26461985518292697 0.7017403455284553 0.29150152439024407 0.7149453760162602
0 0.4676724137931035 0.786772629310345 0.4306640625000001 0.7656250000000001 0.4116716056034484 0.8247126436781611 0.44867995689655177 0.8458602729885059
0 0.4453125000000001 0.8554687500000001 0.392578125 0.78515625 0.37304687499999994 0.8111979166666667 0.42578125 0.8815104166666669
0 0.3886718750000001 0.8398437500000001 0.3360084612889273 0.8023942113610151 0.3203834612889273 0.8414567113610152 0.3730468750000001 0.8789062500000002
0 0.5390625 0.8893229166666666 0.5293719951923077 0.8247195512820513 0.46927584134615385 0.8407451923076923 0.47896634615384615 0.9053485576923077
0 0.7500000000000002 0.7773437500000002 0.7021484375000002 0.7682291666666667 0.6988281250000001 0.7992187500000002 0.7466796875000002 0.8083333333333336
0 0.7919921875000002 0.9557291666666667 0.7405574756040894 0.9467839993804215 0.7353515625000001 1.0000000000000002 0.7867862743959109 1.0089451672862455
0 0.17968750000000003 0.9986979166666669 0.17926114215176717 0.9810751256063757 0.14816950363825362 0.9824124003811504 0.14859586148648649 1.0000351914414416
0 0.025390625000000076 0.8098958333333334 0.0009765625000000742 0.8098958333333334 0.0009765625000000785 0.8997395833333334 0.025390625000000076 0.8997395833333334