0 0.8607421875 0.25677083333333334 0.8146484375 0.07239583333333334 0.6599609375 0.14114583333333333 0.7060546875 0.3255208333333333
0 0.7333984374999999 1.1842378929335003e-16 0.6406455569327497 -0.0013017948149788498 0.6403038790715709 0.041977400934337945 0.7330567596388211 0.04327919574931691
0 0.5665635370575222 0.14351032448377588 0.5222829092920354 0.04279360250737465 0.39606955199115046 0.1414431231563422 0.44035017975663726 0.2421598451327434
0 0.5471262287774551 0.00013543507531776726 0.4511938174545569 -0.0013017546074222952 0.4506980165993436 0.05753328021122619 0.5466304279222418 0.05897046989396625
0 0.3407252488938053 0.0814320612094396 0.3126555586283185 0.0486840892330384 0.28452537334070793 0.09154913348082602 0.31259506360619466 0.12429710545722722
0 0.17629102898614274 0.0885094628866281 0.07910156249999999 0.0026041666666666964 0.0460633962243466 0.06905381183125772 0.14325286271048937 0.1549591080512191
0 0.12395319893533126 0.15729084516298636 0.029685651616719256 0.0979372042586751 0.005050399250788656 0.1674955638801262 0.09931794656940067 0.22684920478443749
0 0.09486641197111471 0.11263815432601029 0.03547806270341741 0.04201417141307297 0.01554951306956876 0.07180634662327096 0.07493786233726607 0.14243032953620827
0 0.04101562500000002 0.29296875 0.014033264033264058 0.2545938366250866 -0.01721673596673594 0.2936563366250866 0.009765625000000023 0.33203125
0 0.0909875690607735 0.3323621662062615 0.057913933011049766 0.292673802946593 0.013871503798342589 0.3579218462246777 0.04694513984806632 0.3976102094843462
0 0.6224609374999999 0.5041666666666667 0.56328125 0.2674479166666666 0.35937499999999994 0.35807291666666663 0.4185546875 0.5947916666666667
0 0.5212538337201592 0.28323593611847936 0.4736328125000001 0.23958333333333343 0.43798698607427067 0.30871463306808145 0.4856080072944298 0.3523672358532274
0 0.14023437500000008 0.6221354166666668 0.02867187500000007 0.6008854166666668 0.0035546875000000643 0.8353125 0.1151171875000001 0.8565625
0 0.06250000000000008 0.8776041666666666 8.138399871286854e-17 0.8776041666666666 8.694513896290291e-17 0.9986979166666666 0.06250000000000008 0.9986979166666666
0 0.029601050204918107 0.6322575136612022 0.01269531250000006 0.6302083333333334 0.010438012295082021 0.6633154030054644 0.027343750000000066 0.6653645833333334