0 0.6414989593105066 0.21717675109443402 0.5984880687148217 0.1690045536272671 0.5761718750000001 0.2044270833333334 0.6191827655956849 0.2525992808005003
0 0.646845569349315 0.45704908675799094 0.5970141267123287 0.3108768550228311 0.4982742936643835 0.37071917808219185 0.5481057363013699 0.5168914098173517
0 0.7236328125000001 0.31770833333333354 0.6742833087395279 0.3112574178090888 0.6662543733339681 0.4204509393247019 0.7156038770944403 0.42690185484894655
0 0.796991268382353 0.3519736519607845 0.7420978860294117 0.3188633578431374 0.7029191176470587 0.4343376225490197 0.7578125 0.46744791666666685
0 0.5597239290730336 0.07116104868913856 0.510544680477528 0.031089068352060007 0.4921260533707864 0.07127516385767799 0.541305301966292 0.11134714419475653
0 1 0.10546874999999996 0.9970703125 0.06510416666666666 0.9805915753865978 0.06723045532646048 0.9835212628865978 0.10759503865979378
0 0.908885854535398 0.4095224926253689 0.8679220824115044 0.40588126843657835 0.8627281526548671 0.5097598635693217 0.9036919247787608 0.5134010877581122
0 0.9155023153541471 0.626816606477167 0.9083542054986019 0.5878269163560113 0.8472075591216216 0.6077561936936938 0.8543556689771667 0.6467458838148495
0 0.8128407276459855 0.6251178527980537 0.7701143362226278 0.6235781630170317 0.769281763229927 0.6646517639902678 0.8120081546532848 0.6661914537712897
0 0.8214613970588236 0.6037837009803922 0.7947495404411763 0.5824142156862745 0.7818244485294116 0.6111366421568628 0.8085363051470587 0.6325061274509806
0 0.7163975632173603 0.5710448051171692 0.6662804317611191 0.5462248923959829 0.6498512038199427 0.6052016080822574 0.6999683352761837 0.6300215208034435
0 0.6547481142241379 0.5853448275862071 0.5820783943965517 0.5033584770114944 0.5382947198275863 0.572350933908046 0.6109644396551724 0.6543372844827587
0 0.505859375 0.4960937500000001 0.4521484375 0.4739583333333334 0.4429609705039228 0.5135905439046471 0.4966719080039228 0.5357259605713138
0 0.4434996546961326 0.31806083103130756 0.40997820269337015 0.3157084484346224 0.40743698204419887 0.380086038213628 0.44095843404696133 0.38243842081031315
0 0.4314529706674648 0.40384303601716065 0.37949142752918286 0.28439121271076523 0.26299667015863515 0.3744804917439888 0.3149582132969171 0.49393231505038415
0 0.402391387195122 0.2909362296747967 0.39936642530487804 0.2546366869918699 0.35649294969512196 0.2609883130081301 0.35951791158536583 0.29728785569105687
0 0.33846227134146345 0.233422256097561 0.3246474847560975 0.2186864837398374 0.3106421493902439 0.24202870934959347 0.3244569359756098 0.2567644817073171
0 0.36771537162162166 0.19499577702702706 0.33657094594594594 0.13685951576576577 0.3134765625 0.15885416666666666 0.3446209881756757 0.21699042792792794
0 0.14648437500000003 0.3372395833333334 0.1337890625 0.32031250000000006 0.1220703125 0.33593750000000006 0.13476562500000006 0.3528645833333334
0 0.07892765410958906 0.46198986872146125 0.05170430222602742 0.38213470319634707 -0.0037724743150684636 0.41575699200913246 0.023450877568493178 0.49561215753424664
0 0.3348586541458853 0.48685577722360773 0.29394531249999994 0.4375 0.23643040835411466 0.5222588061097256 0.27734375 0.5716145833333335
0 0.3964843750000001 0.49348958333333337 0.3203125000000001 0.4934895833333333 0.3203125000000001 0.5638020833333334 0.3964843750000001 0.5638020833333334
0 0.3638070913461539 0.48918269230769235 0.3603515625000001 0.4661458333333334 0.3344350961538462 0.4730568910256412 0.33789062500000006 0.49609375000000006
0 0.44140625 0.5794270833333335 0.4233465325342466 0.5264519121004567 0.4006849315068493 0.5401862157534247 0.4187446489726027 0.5931613869863015
0 0.294921875 0.6679687500000001 0.2578125 0.6184895833333335 0.2275390625 0.6588541666666667 0.2646484375 0.7083333333333335
0 0.38659387807377044 0.5898522882513663 0.3642578125 0.5768229166666667 0.34130699282786886 0.6467682718579236 0.36364305840163935 0.659797643442623
0 0.17485883353960396 0.587701113861386 0.16113281250000003 0.546875 0.13544825185643564 0.5622266914191418 0.14917427289603957 0.603052805280528
0 0.2521497483221477 0.9594519015659956 0.2392578125 0.9348958333333335 0.21481097944630873 0.9577128775167787 0.22770291526845643 0.9822689457494409
0 0.30560661764705876 0.9625459558823529 0.2952665441176471 0.9395680147058824 0.24069393382352944 0.9832261029411764 0.2510340073529411 1.006204044117647
0 0.02484375000000012 0.93609375 0.004609375000000115 0.9322395833333332 1.1102230246251565e-16 0.9752604166666665 0.020234375000000117 0.9791145833333332
0 0.6865234375 0.6861979166666669 0.6662109375 0.6726562500000003 0.6515625 0.7117187500000001 0.671875 0.7252604166666667
0 0.888671875 0.7799479166666666 0.8613954741379309 0.68902658045977 0.8347925646551723 0.7032147988505746 0.8620689655172413 0.7941361350574712
0 0.8140625 0.8622395833333336 0.7958984375 0.8541666666666669 0.7884765625 0.8838541666666669 0.806640625 0.8919270833333336