0 0.529296875 0.02473958333333339 0.37163774119127513 -0.01235668344519012 0.34542785234899326 0.1856735878076063 0.5030869861577181 0.22276985458612983
0 0.40625 0.0013020833333333946 0.345703125 0.0013020833333333899 0.345703125 0.018229166666666727 0.40625 0.01822916666666673
0 0.36328125 5.333910863473823e-17 0.28515625 4.6960739889179106e-17 0.28515625 0.11588541666666673 0.36328125 0.11588541666666673
0 0.29351474554408996 0.15308640165728582 0.23176045086772978 0.0550637116948093 0.16474774272983111 0.13011794480925584 0.22650203740619138 0.22814063477173235
0 0.18201622596153846 0.19391025641025642 0.1702974759615385 0.11578525641025642 0.12109375000000003 0.12890625000000003 0.1328125 0.20703125
0 0.2850058202287912 0.5526279334215725 0.1943359375 0.3333333333333334 -0.020429766284822893 0.49119530363670755 0.07024011644396826 0.7104899037249466
0 0.08609351886094677 0.3200736563116371 0.07069965791420121 0.31152151134122286 0.03735784948224856 0.41821529832347143 0.05275171042899411 0.4267674432938856
0 0.1681640625 0.3458333333333333 0.1595703125 0.31145833333333334 0.1302734375 0.32447916666666665 0.1388671875 0.35885416666666664
0 0.2367037259615385 0.9126602564102565 0.12035757211538464 0.8703525641025642 0.09984975961538464 0.970612980769231 0.2161959134615385 1.0129206730769234
0 0.585598773453347 0.21451888945233274 0.4844621577079109 0.19276907961460452 0.4622072293356999 0.37674315415821513 0.563343845081136 0.39849296399594336
0 0.6165424311926606 0.3578101108562692 0.5696047161697246 0.3241112385321101 0.5369929042431192 0.40486429663608564 0.5839306192660552 0.4385631689602448
0 0.7499432005948447 0.4750598975545275 0.6642561343357568 0.43800603106411107 0.6125790028089888 0.6504564606741572 0.6982660690680766 0.6875103271645737