0 0.373046875 0.0013020833333333877 0.29296875 0.001302083333333381 0.29296875 0.019531250000000052 0.373046875 0.01953125000000006
0 0.2903433421696574 0.014199717917346385 0.2900358763254486 -0.00014868814573138118 0.251953125 0.0013020833333333315 0.2522605908442088 0.0156504893964111
0 0.05078125000000002 0.05598958333333335 0.02226002582209106 0.042762348931984266 0.006187091589376056 0.10437526349072512 0.03470831576728502 0.1176024978920742
0 0.10594019396551727 0.15207435344827586 0.0537109375 0.13281249999999997 0.046194116642136254 0.1690474313148304 0.0984233731076535 0.18830928476310627
0 0.3303786057692307 0.1165865384615385 0.3015324519230769 0.09094551282051286 0.27328725961538464 0.14743589743589747 0.30213341346153844 0.1730769230769231
0 0.19335937500000008 0.30338541666666674 0.14332031250000005 0.2938541666666667 0.13921875000000003 0.33213541666666674 0.18925781250000007 0.3416666666666668
0 0.20902225179173697 0.2577949339516582 0.1712442690767285 0.23342204187745924 0.1502720541736931 0.29121214516582344 0.18805003688870156 0.3155850372400224
0 0.25390625 0.27734375 0.20410156249999994 0.2734375 0.20130657327586204 0.3367905890804598 0.2511112607758621 0.3406968390804598
0 0.3574218750000001 0.40234375 0.325512035472973 0.3892525337837838 0.317699535472973 0.42310670045045046 0.3496093750000001 0.4361979166666667
0 0.5691148290094339 0.3934994103773585 0.5546690742924527 0.3260858883647799 0.48566479952830177 0.3523732311320755 0.500110554245283 0.4197867531446542
0 0.6835937499999999 0.3476562500000001 0.6240272043756027 0.3199508799421409 0.6052964154411764 0.39154411764705893 0.6648629610655737 0.41924948770491804
0 0.431640625 0.5065104166666667 0.4033203125 0.4348958333333334 0.34941487082902223 0.47279299232626326 0.3777351833290223 0.5444075756595965
0 0.7342796715380249 0.5439811530457813 0.7041015625000001 0.5182291666666669 0.6616427089245176 0.6066851116155886 0.6918208179625425 0.632437097994703
0 0.845703125 0.6315104166666667 0.8339843749999998 0.5846354166666665 0.8011718749999999 0.5992187499999999 0.812890625 0.6460937500000001
0 0.53515625 0.7265625 0.484375 0.7265625 0.484375 0.8138020833333334 0.53515625 0.8138020833333334
0 0.7996522760115607 0.8743677745664743 0.7669233200867052 0.8676541425818886 0.7621929190751445 0.9086509513487477 0.7949218750000001 0.9153645833333336
0 0.9339668188202246 0.8606917134831463 0.9220615344101123 0.83529377340824 0.8864224894662922 0.86499297752809 0.8983277738764045 0.8903909176029965
0 1.0000808189655173 0.3989673132183908 0.9989964978448276 0.3743893678160919 0.9814789870689653 0.37576329022988497 0.982563308189655 0.40034123563218393
0 0.3105468750000001 0.8411458333333334 0.2734375000000001 0.8411458333333334 0.2734375000000001 0.86328125 0.3105468750000001 0.86328125
0 0.24782399162930294 0.8614435686047632 0.14733212277625116 0.8533719325523094 0.14307784703138568 0.9475332357053323 0.24356971588443743 0.9556048717577863
0 0.19959435096153846 0.9855769230769231 0.19260817307692307 0.9390024038461539 0.14678485576923078 0.9512219551282051 0.15377103365384615 0.9977964743589743