0 0.36245492788461536 0.07191506410256411 0.35096153846153844 0.01572516025641025 0.28270733173076923 0.04054487179487179 0.2942007211538461 0.09673477564102566
0 0.42578125 0.01562500000000007 0.38671875 0.015625000000000066 0.38671875 0.0638020833333334 0.42578125 0.06380208333333341
0 0.7451171875 1.2212453270876723e-16 0.6914417496282221 -0.0013012227362854123 0.6908460013218771 0.04238698639568198 0.744521439193655 0.04368820913196751
0 0.8068076380641331 0.0026567448535234814 0.7297171912114013 -0.0008876435075216553 0.727054260688836 0.10207900336500408 0.8041447075415677 0.10562339172604922
0 0.5163133965163934 0.3108777322404372 0.5104220030737705 0.22447062841530052 0.4602330942622951 0.23055413251366116 0.466124487704918 0.31696123633879786
0 0.47919827831981754 0.5307950297769893 0.4621406566776483 0.24934427268119616 0.40896437848454126 0.25507370332826496 0.4260220001267105 0.536524460424058
0 0.583984375 0.3190104166666668 0.55859375 0.2851562500000001 0.5126953125 0.3463541666666668 0.5380859375 0.3802083333333334
0 0.4163912259615385 0.37620192307692313 0.4060246394230769 0.3070913461538462 0.31362680288461536 0.3317307692307692 0.3239933894230769 0.4008413461538461
0 0.08789062500000003 0.3229166666666667 0.06054687500000002 0.3229166666666667 0.060546875000000035 0.3658854166666667 0.08789062500000003 0.3658854166666667
0 0.4140625000000001 0.4726562500000001 0.38029501593484427 0.45146880901794156 0.3638732737252125 0.49799707861189807 0.39764075779036834 0.5191845195939566
0 0.6379583381873253 0.6254429267629699 0.5576171875 0.4583333333333333 0.4553566227865796 0.5457355253960858 0.535697773473905 0.7128451188257223
0 0.5501615572943781 0.756831023338539 0.48925781250000017 0.7421875000000001 0.4777271562662677 0.8274444733645672 0.5386309010606456 0.8420879967031062
0 0.1957329851045164 0.6371812538144646 0.07011671069194392 0.5782501621147392 0.022821225587427562 0.7574751583002747 0.14843750000000006 0.81640625
0 0.05468750000000007 0.6302083333333334 6.691307462138125e-17 0.6302083333333334 7.606204729079263e-17 0.8294270833333334 0.05468750000000007 0.8294270833333334