0 0.14266173082639713 0.042330868509710656 0.14186050832342448 -0.0014692949861276256 0.07749331153388825 0.0006239471858898134 0.07829453403686089 0.0444241106817281
0 0.36523437499999994 0.0013020833333333888 0.32714843749999994 5.3660779523549233e-17 0.32663384937582124 0.026758582457293085 0.36471978687582124 0.02806066579062642
0 0.421875 0.14973958333333331 0.4194140625 0.09067708333333332 0.39637319711538455 0.0923838141025641 0.3988341346153846 0.15144631410256407
0 0.1103515625 0.171875 0.08609350039936102 0.17058123668796593 0.08511693789936102 0.20313332002129927 0.109375 0.20442708333333334
0 0.32352554242227977 0.42773100172711576 0.2907423898963731 0.41622814119170987 0.28320312500000006 0.4544270833333333 0.31598627752590674 0.46592994386873926
0 0.027343750000000038 0.4192708333333333 4.155905885778371e-17 0.4192708333333333 4.4608716414254173e-17 0.4856770833333333 0.027343750000000045 0.4856770833333333
0 0.027343750000000038 0.4192708333333333 4.1439464443804484e-17 0.4192708333333333 4.4369527586295706e-17 0.4830729166666667 0.027343750000000045 0.4830729166666667
0 0.18735284674657543 0.6548587328767125 0.1554205907534247 0.6355058504566211 0.14110659246575344 0.6774935787671235 0.17303884845890413 0.6968464611872148
0 1 0.26171875 0.9990234375 0.16406250000000003 0.9854581407749734 0.1643036608306672 0.9864347032749734 0.26195991083066716
0 1 0.001302083333333485 0.9199841422020187 -0.00004839527929067685 0.9197410185036847 0.02556063427854335 0.9997568763016661 0.026911112891167512
0 1.0001116231691556 0.16893727264024505 0.9990234375 0.08333333333333331 0.9681133552914991 0.08403186626459887 0.9692015409606547 0.16963580557151062
0 0.008490287162162161 0.5635993806306305 0.007514780405405405 0.5076703265765766 0.0009776182432432417 0.5078730292792792 0.0019531249999999987 0.5638020833333333
0 0.4663461538461539 0.7725360576923078 0.4501953125000001 0.7682291666666667 0.44673978365384626 0.7912660256410258 0.4628906250000001 0.7955729166666667