0 0.7080078125 1.0667821726947647e-16 0.59375 9.734985297909624e-17 0.59375 0.06119791666666677 0.7080078125 0.061197916666666775
0 0.82117463537387 0.10658916221583148 0.7247676150369761 -0.018699286154478044 0.6437889983052587 0.09207665708025209 0.7401960186421528 0.21736510545056162
0 0.6990234375 0.08515625000000006 0.6111328125 0.02656250000000006 0.548828125 0.1927083333333334 0.63671875 0.25130208333333337
0 0.7569623617073976 0.1767410419418759 0.6645901275594452 0.13410770310435943 0.634960421482827 0.24823694132540744 0.7273326556307793 0.29087028016292393
0 0.544921875 0.02734375 0.5148840284533074 -0.007994892996108938 0.48245227383268485 0.04101309176394293 0.5124901203793775 0.07635173476005187
0 0.4044692095588235 0.11289828431372552 0.3473115808823529 0.06717218137254906 0.2964728860294118 0.18014705882352947 0.35363051470588236 0.22587316176470593
0 0.23848660293873256 0.0013323777605436537 0.14273241019000665 -0.000011540734175325094 0.1421710977315533 0.07108803733658323 0.2379252904802792 0.0724319558313022
0 0.125 0.12890625000000003 0.10052849264705883 0.07452512254901959 0.056870404411764705 0.10945159313725487 0.08134191176470588 0.1638327205882353
0 0.015625000000000028 0.24479166666666666 0.0009765625000000226 0.24479166666666666 0.0009765625000000308 0.42578125 0.015625000000000035 0.42578125
0 0.09056928790983612 0.2951724726775957 0.04120965676229511 0.25456454918032795 0.021264728483606575 0.29766393442622957 0.07062435963114758 0.33827185792349734
0 0.014843750000000006 0.2934895833333334 0.004792668269230782 0.24435096153846156 -0.008097956730769223 0.24903846153846157 0.001953125 0.29817708333333337
0 0.08366765202702706 0.4466849662162163 0.07377005912162163 0.367504222972973 0.016126478040540536 0.3803139076576577 0.026024070945945953 0.4594946509009009
0 0.5564247774605308 0.5872846335796663 0.49917006949109843 0.5498938038853433 0.44274529203056767 0.7034945869723437 0.5 0.7408854166666667
0 0.4270762985019646 0.20291011787819258 0.3919027811886051 0.17338173297315004 0.37683417239685657 0.20529172806155868 0.41200768971021606 0.23482011296660124
0 0.6617647058823528 0.3041513480392157 0.6201171874999999 0.2708333333333333 0.594439338235294 0.3278952205882354 0.636086856617647 0.36121323529411775
0 0.3620943509615385 0.7196915064102566 0.32844050480769243 0.7140825320512822 0.3257211538461539 0.7430889423076924 0.3593750000000001 0.7486979166666667
0 0.736328125 0.36588541666666674 0.6962890625 0.35156250000000006 0.6843188557852387 0.41105080003699607 0.7243579182852387 0.4253737167036627