0 0.587890625 0.07812500000000008 0.48828125 0.07812500000000008 0.48828125 0.21484375000000006 0.587890625 0.21484375000000008
0 0.494140625 0.09895833333333343 0.396484375 0.09895833333333341 0.396484375 0.19140625000000006 0.494140625 0.19140625000000006
0 0.5095111101274787 0.050851333805476975 0.4499712287535411 0.013492976864966977 0.42359020892351273 0.08823919971671393 0.48313009029745047 0.1255975566572239
0 0.513671875 8.363636017614411e-17 0.44921875 7.837420596105783e-17 0.44921875 0.050781250000000076 0.513671875 0.05078125000000008
0 0.39843749999999994 0.001302083333333388 0.31738281249999994 5.181040781584064e-17 0.3168430810050798 0.05973028543783267 0.3978977685050798 0.061032368771166
0 0.32851389657079644 0.10152793141592928 0.1948026133849557 -0.05446856563421824 0.10212423949115042 0.0867556231563422 0.23583552267699112 0.2427521202064897
0 0.3080922719594595 0.0586993243243243 0.2884290540540541 0.021994650900900907 0.27512668918918926 0.03466356981981982 0.2947899070945946 0.07136824324324322
0 0.14378088460467706 0.14255347531551602 0.1005859375 0.12239583333333336 0.08351893095768374 0.18741300111358578 0.1267138780623608 0.2075706430957684
0 0.6837951030927835 0.47456239261168387 0.6599951675257731 0.403162585910653 0.5739167203608246 0.4541720360824743 0.5977166559278351 0.5255718427835051
0 0.5151001477174617 0.30835654768328663 0.41559342454942805 0.18689294193826894 0.3688046352255558 0.25503661459457516 0.4683113583935895 0.37650022033959285
0 0.9660041161909131 0.41456276081013027 0.8085433726122384 0.26839666972444054 0.7292580064213252 0.4202401589143104 0.88671875 0.56640625
0 0.7695649245689655 0.6255387931034484 0.721477640086207 0.47593390804597707 0.639446390086207 0.522808908045977 0.6875336745689656 0.6724137931034483
0 0.3023115335051546 0.8560862328178696 0.2327943782216495 0.6150934278350516 0.11631161404639179 0.6748281786941581 0.18582876932989692 0.9158209836769761
0 0.291567785599988 0.8646803061005763 0.2349088175584734 0.6152383084335309 0.11725193431461985 0.6627492784291441 0.1739109023561345 0.9121912760961896
0 0.35185799632352943 0.9600343137254903 0.27153492647058824 0.8660508578431373 0.21679687500000006 0.94921875 0.29711994485294124 1.0432022058823531