0 0.32371491839171973 0.08145070329087055 0.29785156249999994 0.018229166666666696 0.2346984474522293 0.06415870488322716 0.26056180334394907 0.12738024150743102
0 0.660903858947332 0.004309078656345141 0.5693359375 9.251858538542972e-17 0.5672413364839646 0.07912937171689256 0.6588092579312966 0.08343845037323762
0 0.5727914663461537 0.27904647435897445 0.5656700721153844 0.2442307692307693 0.5253455528846154 0.25889423076923085 0.5324669471153846 0.29370993589743594
0 0.4135679768041237 0.24054768041237123 0.2911759020618557 0.14946520618556705 0.23268363402061856 0.28919673539518903 0.3550757087628867 0.38027920962199324
0 0.3312800480769231 0.42598157051282054 0.30889423076923084 0.2767427884615385 0.19320913461538464 0.30759214743589747 0.21559495192307693 0.4568309294871795
0 0.13877935309431083 0.39462164183316395 0.07255135137995258 0.33892219423749853 0.027251484189807006 0.43467801106219656 0.09347948590416526 0.4903774586578619
0 0.0961873856358646 0.47111709934431223 0.05660756661710888 0.4115345760902714 -0.0009631604528820059 0.47952286329673677 0.03861665856587371 0.5391053865507777
0 0.03785420385342293 0.4969096711815764 0.03671973435531289 0.39253847735545294 -0.0009761523519529594 0.39326690028699424 0.0001583171461570769 0.4976380941131177
0 0.1550122348820468 0.5106834574703732 0.000578214987817087 0.5063484674382546 -0.0039027889301140443 0.7901453822405583 0.15053123096411566 0.794480372272677
0 0.21289062500000008 0.5598958333333334 0.15039062500000006 0.5598958333333334 0.15039062500000006 0.6875 0.21289062500000008 0.6875
0 0.6302832900593471 0.6123786782888231 0.6181640624999999 0.5286458333333334 0.5481958225148367 0.5466493570722056 0.5603150500741839 0.6303822020276953
0 0.5567073713384867 0.9138071687686466 0.5044211503254679 0.8356419090724166 0.46405471292717654 0.8836452400325469 0.5163409339401953 0.9618104997287769