0 0.5221878535067873 0.08965756975867271 0.5213359021493214 0.036268618024132726 0.4621456094457014 0.037947775263951725 0.4629975608031674 0.09133672699849171
0 0.4624618902439024 0.03261559959349596 0.4599609374999999 0.0026041666666666813 0.38836223323170727 0.013211382113821129 0.3908631859756097 0.04322281504065041
0 0.46237184467859305 0.03249996841520112 0.45955290137962396 0.001894298312108352 0.38815842461340205 0.013584621993127148 0.3909773679123711 0.04419029209621992
0 0.40234375 0.15234375 0.3856366131756757 0.018686655405405393 0.36029877533783783 0.02431728603603604 0.3770059121621621 0.15797438063063066
0 0.357421875 0.17578125 0.34831206995412844 0.10593941131498474 0.3178970756880734 0.11299216360856272 0.32700688073394496 0.18283400229357796
0 0.6288488051470589 0.25811887254901966 0.6088579963235294 0.21369485294117646 0.5738166360294118 0.2417279411764706 0.5938074448529411 0.2861519607843138
0 0.29322946708141073 0.675707433805757 0.2319886340227423 0.630077009173808 0.1553603431938036 0.8129094223796969 0.216601176252472 0.8585398470116459
0 0.31054687499999994 0.80078125 0.3056716622081712 0.6967767104409859 0.2436580435311284 0.701944511997406 0.24853325632295714 0.8059490515564202
0 0.08812914823008859 0.5637191187315636 0.05254079092920363 0.5359029314159292 0.0159879701327434 0.6190426806784662 0.05157632743362837 0.6468588679941004
0 0.2265625 0.91015625 0.15906762295081975 0.8375811133879781 0.08687219222887776 0.9569442255149222 0.15436706927805802 1.029519362126944
0 0.2421875 0.9986979166666666 0.24005344418052257 0.9161810916468727 0.18630539266627077 0.918652266429137 0.1884394484857482 1.001169091448931
0 0.8197672269321765 0.8376914103575185 0.7746543523264985 0.7904303036277605 0.7170802937697162 0.888131736330179 0.7621931683753942 0.935392843059937
0 1.017578125 0.5976562500000001 0.970703125 0.5351562500000001 0.94921875 0.5638020833333336 0.99609375 0.6263020833333336
0 0.9983403497409327 0.7404401446459415 0.9670650501943004 0.6689537456822108 0.9448419284326425 0.6862383959412781 0.9761172279792747 0.757724794905009
0 0.5426196162564768 0.6706268890328154 0.49695899449481873 0.6351130721070815 0.46926105084196906 0.6984226575993093 0.514921672603627 0.7339364745250434