0 0.45783547794117646 0.2920496323529412 0.41848575367647056 0.2605698529411765 0.3859145220588235 0.33295036764705893 0.4252642463235293 0.36443014705882354
0 0.6591796874999999 0.3307291666666668 0.5861715005990416 0.3268353966986156 0.5854070986421726 0.3523154619275826 0.6584152855431309 0.35620923189563375
0 0.6685396634615385 0.3277043269230769 0.6628455528846154 0.26696714743589745 0.6157301682692308 0.2748197115384616 0.6214242788461538 0.335556891025641
0 0.3809946394615692 0.6900666366426476 0.3699357923839071 0.6493006905524419 0.30371562875300234 0.6812366559914599 0.3147744758306645 0.7220026020816656
0 0.03033927317415731 0.664442883895131 0.02339360955056181 0.6243123829588015 -0.004992538623595499 0.6330465823970037 0.001953125 0.6731770833333333
0 0.04492187500000009 0.8867187500000001 0.0007162743706812275 0.885408954425798 -0.0003624753208291365 0.9501339359164199 0.04384312530848973 0.9514437314906221
0 0.37439385775862066 0.8339170258620691 0.3693556241710875 0.7976417440318303 0.32424465351458887 0.8087802553050398 0.329282887102122 0.8450555371352786
0 0.5295049948770492 0.8936774248633881 0.4784035604508198 0.8368980532786886 0.4352587090163936 0.9059298155737706 0.486360143442623 0.9627091871584701
0 0.5490663109756098 0.8960873983739838 0.5395388719512194 0.8859247967479674 0.5196265243902438 0.9191120426829268 0.5291539634146342 0.929274644308943
0 0.6867532169117648 0.890701593137255 0.6486098345588236 0.8779871323529413 0.6369485294117648 0.9401807598039219 0.675091911764706 0.9528952205882355
0 0.7322716346153845 0.7854567307692307 0.7117638221153845 0.7672275641025641 0.6944861778846153 0.8017828525641025 0.7149939903846153 0.8200120192307693
0 0.7857651092603914 0.8396400010187449 0.7592618238080686 0.8343393439282804 0.7527935895476773 0.8918347595762024 0.7792968750000002 0.8971354166666669