0 0.32654005834829436 0.09959418013165772 0.28536664048473964 0.05914310293237586 0.22962368155296228 0.16001131433273494 0.27079709941651703 0.2004623915320168
0 0.24924879807692304 0.16947115384615385 0.2021484375 0.12760416666666669 0.1737530048076923 0.18439503205128208 0.22085336538461536 0.22626201923076925
0 0.2001953125 0.13281250000000006 0.1455078125 0.05989583333333336 0.123046875 0.08984375000000003 0.177734375 0.16276041666666669
0 0.25360576923076916 0.24809695512820515 0.24391526442307693 0.2007211538461539 0.16739783653846152 0.22854567307692314 0.1770883413461538 0.27592147435897435
0 0.12720549508426968 0.3187324438202247 0.12151070926966293 0.2858292368913858 0.0868482268258427 0.2964946161048689 0.09254301264044944 0.32939782303370785
0 0.042968750000000056 0.59765625 5.489383601646827e-17 0.59765625 5.848166843584529e-17 0.67578125 0.04296875000000006 0.67578125
0 0.42578125 0.5976562499999999 0.4080652573529412 0.5700980392156862 0.3745289522058824 0.6084252450980393 0.39224494485294115 0.6359834558823529
0 0.611694520612708 0.31149733673726687 0.5788563138237519 0.28466181290973286 0.5527786970499244 0.3413920669440243 0.5856169038388805 0.36822759077155837
0 0.9990234375 0.16927083333333334 0.9384765625 0.08854166666666667 0.849609375 0.20703125 0.91015625 0.2877604166666667
0 0.9944654855476674 0.26492509719405005 0.9907612829614605 0.23430368914807304 0.9426185344827586 0.2446569683908046 0.9463227370689655 0.2752783764367816
0 0.5191796875 0.7844791666666666 0.5110546874999999 0.7086458333333333 0.43421875 0.7232812499999999 0.4423437499999999 0.7991145833333333
0 0.3574218750000001 0.7083333333333334 0.2910156250000001 0.7083333333333334 0.2910156250000001 0.7747395833333334 0.3574218750000001 0.7747395833333334
0 0.8773828921787354 0.822301148436172 0.748191790699898 0.8027267391211966 0.7407592586690463 0.8899351149498554 0.8699503601478838 0.9095095242648308