0 0.7505771594101123 0.2803312265917604 0.7333984375 0.25260416666666674 0.6631890800561797 0.32993621254681665 0.6803678019662922 0.3576632724719103
0 1.005547076020033 0.5848115485051768 0.9718710154957728 0.504693339153342 0.8616077582245909 0.5870878610702692 0.8952838187488512 0.6672060704221039
0 0.930981289808917 0.6303327361995753 0.9104548168789807 0.5801569134819535 0.8514754179936306 0.6230510217622082 0.8720018909235667 0.6732268444798301
0 0.8599545338114755 0.6407189207650273 0.8352298924180328 0.5564719945355191 0.7336769979508198 0.6094561133879782 0.7584016393442624 0.6937030396174865
0 0.4504857264415377 0.4442342665509878 0.3777482439602243 0.4362848149136857 0.37381957421249334 0.500191176143442 0.44655705669380674 0.5081406277807441
0 0.31640625 0.4908854166666667 0.2672397122524752 0.41076216996699677 0.19885133044554454 0.48536767739273934 0.2480178681930693 0.5654909240924092
0 0.4183576654814004 0.7036577999635302 0.3871888676148797 0.6425425100291757 0.35716544721006566 0.6697637445295405 0.3883342450765864 0.7308790344638949
0 0.28170072115384615 0.7022235576923078 0.24676983173076925 0.6711738782051282 0.22483473557692307 0.7150440705128206 0.259765625 0.74609375
0 0.20786104588150298 0.894501144026975 0.15136718750000006 0.8411458333333334 0.1051131231936417 0.9282123073217725 0.16160698157514464 0.9815676180154143
0 0.15353146114864868 0.8733108108108109 0.12304687499999996 0.81640625 0.08424831081081079 0.8533572635135135 0.11473289695945951 0.9102618243243245
0 0.02575530299900865 0.58653819673937 0.0009765625000000527 0.5859375000000001 6.454477859074714e-7 0.657504750495704 0.02477938594679451 0.6581054472350739