0 0.21989728106162088 0.030572358506363025 0.17532861687876755 -0.055689572170127245 0.10813025891661084 0.006033364032150054 0.15269892309946415 0.09229529470864033
0 0.025463217918936243 0.14436520412795048 0.024435026834347964 0.036062409884652355 -0.0009762495994873457 0.03649129218733312 0.00005194148510092936 0.1447940864306312
0 0.26846621581094043 0.7009247040946897 0.21221996461132436 0.6198076615483045 0.19086117442418424 0.6461367362444018 0.24710742562380034 0.727253778790787
0 0.3443795605964467 0.8085607021996616 0.3198911405456853 0.770886209813875 0.21393163071065993 0.893328310067682 0.2384200507614213 0.9310028024534688
0 0.3085937500000001 0.7578125 0.2656250000000001 0.7578125 0.2656250000000001 0.8424479166666666 0.3085937500000001 0.8424479166666666
0 0.31640625 0.7643229166666666 0.2852863808744795 0.6987369559290105 0.24318497639054132 0.7342510658338292 0.2743048455160618 0.7998370265714853
0 0.32421875 0.99609375 0.315234375 0.96015625 0.27597656249999997 0.9776041666666667 0.28496093749999996 1.0135416666666666
0 0.6610428370786516 0.6399315308988764 0.6003335674157304 0.5419446395131087 0.4900983146067416 0.6633631788389514 0.5508075842696629 0.7613500702247191
0 0.6942550069060773 0.5786789249539596 0.6903433615331492 0.479583908839779 0.5834232562154696 0.4870870741252302 0.5873349015883977 0.5861820902394108
0 0.605018028846154 0.542568108974359 0.5191406250000001 0.3421875 0.4150240384615385 0.4215144230769231 0.5009014423076923 0.6218950320512822
0 0.6035156249999999 0.3710937500000001 0.5576171874999999 0.3359375000000001 0.5330987544673247 0.3928444803721353 0.5789971919673247 0.4280007303721353
0 0.5485104035308953 0.2656726171710802 0.5087028590006304 0.1998574768810424 0.4373140467370743 0.2766196406052963 0.47712159126733916 0.34243478089533413
0 0.7470703124999999 0.2265625000000001 0.7169360885673959 0.2227720315808046 0.7117293633115738 0.2963604151964245 0.7418635872441778 0.3001508836156199
0 0.8438492034599255 0.21833134319664507 0.7853100608690589 0.20125742660764226 0.7563353695829451 0.37786506873252584 0.8148745121738118 0.39493898532152855
0 0.74609375 0.11718750000000012 0.6875 0.11718750000000012 0.6875 0.1992187500000001 0.74609375 0.1992187500000001
0 0.6987074262640449 0.15026334269662925 0.6872937148876405 0.08721617509363293 0.6431267556179775 0.10143082865168536 0.654540466994382 0.16447799625468168
0 0.654296875 0.1679687500000001 0.6354195926966293 0.1267819522471911 0.5963132022471911 0.15864641853932598 0.6151904845505618 0.199833216292135
0 0.6431993827368138 0.09130000897021891 0.6396484375 0.023437500000000007 0.590198003565662 0.028037540365984936 0.5937489488024758 0.09590004933620383
0 0.6141980629388163 0.026236260865931154 0.5897840004388164 -0.02194082246740218 0.5654296875 -5.921189464667501e-17 0.58984375 0.04817708333333327