0 0.5111340914405986 0.20302877494543195 0.43143508097521044 -0.04219894956345491 0.3322258316768007 0.015121950031181827 0.41192484214218894 0.2603496745400687
0 0.5444131165091555 0.2383735417897224 0.5293764766686356 0.18033738801929516 0.45463166346721806 0.214765301978736 0.46966830330773773 0.2728014557491632
0 0.6692409690366972 0.3828005542813456 0.6156196244266054 0.2500238914373088 0.4940241542431193 0.33732320336391436 0.547645498853211 0.4700998662079511
0 0.055980785472972985 0.06387246621621623 0.01924092060810812 0.055708051801801814 0.010979729729729739 0.12179757882882884 0.04771959459459461 0.12996199324324328
0 0.28383413461538465 0.3832932692307693 0.24092548076923084 0.3506009615384616 0.22493990384615387 0.3879006410256411 0.2678485576923077 0.4205929487179488
0 0.023437500000000035 0.3567708333333333 3.6177310228718196e-17 0.3567708333333333 3.970534544110559e-17 0.43359375 0.023437500000000038 0.43359375
0 0.44600089651639346 0.7379610655737705 0.4423828125000001 0.6848958333333334 0.40769082991803274 0.6891009221311476 0.4113089139344262 0.7421661543715847
0 0.6402769183168316 0.6555151608910891 0.6305403001237624 0.5256935849834984 0.4775777382425742 0.5460885932343235 0.4873143564356435 0.6759101691419142
0 0.41328125 0.8091145833333332 0.408671875 0.7660937499999999 0.3526171875 0.7767708333333333 0.3572265625 0.8197916666666666
0 0.782496627042007 0.7926496864060678 0.7672043647899649 0.6448244846363285 0.6722305280046673 0.6622909373784521 0.6875227902567094 0.8101161391481916
0 0.8333215268782384 0.8802353195164078 0.8157889410621761 0.7914035513816927 0.7129209844559585 0.8274975712435234 0.7304535702720207 0.9163293393782386
0 0.45312500000000017 0.9817708333333334 0.43164062500000017 0.9817708333333334 0.43164062500000017 0.9986979166666666 0.45312500000000017 0.9986979166666666
0 0.50390625 0.9986979166666666 0.4928767528789004 0.9519061106983656 0.4512313684063892 0.9693575099058941 0.4622608655274888 1.0161493158741952
0 0.6577297001774849 0.9243339038201489 0.6174628391227182 0.9170126563556458 0.6093750000000001 0.9960937500000001 0.6496418610547667 1.0034149974645032