0 0.23060015818290833 0.0013333122948750674 0.1416015625 2.312964634635743e-17 0.14104585134751327 0.06594439009509385 0.23004444703042157 0.0672777023899689
0 0.12264122596153845 0.12958733974358977 0.09992487980769231 0.07658253205128207 0.05754206730769231 0.1088741987179487 0.08025841346153846 0.1618790064102564
0 0.02414606613825367 0.284514682952183 0.00004060550935553603 0.283477888946639 -0.001949064449064422 0.3657175805613306 0.022156396179833712 0.3667543745668746
0 0.09049015791814949 0.2941642571174377 0.03743257895907474 0.2571081702253855 0.021261955071174364 0.29826975830367736 0.07431953403024912 0.33532584519572955
0 0.0797784932241524 0.5760996581554346 0.007693546593763134 0.551712711036696 -0.004738515069066506 0.617041976245291 0.06734643156132276 0.6414289233640297
0 0.08496093749999996 0.7473958333333334 0.029818292751346443 0.6955677737881508 -0.031956210727109545 0.8124125710652306 0.023186434021543967 0.864240630610413
0 0.35939714884020624 0.7214830326460481 0.32812500000000006 0.7174479166666666 0.32612556378865987 0.744995704467354 0.35739771262886605 0.7490308204467354
0 0.5545325779036829 0.5863764459395658 0.49753231232294626 0.5506115734183192 0.44299973441926344 0.7051205441454204 0.5000000000000001 0.7408854166666669
0 0.4278080778301886 0.20216686320754718 0.3908276827830188 0.17477397798742142 0.37654775943396224 0.2090457940251573 0.41352815448113206 0.23643867924528308
0 0.4044692095588235 0.11289828431372552 0.3473115808823529 0.06717218137254906 0.2964728860294118 0.18014705882352947 0.35363051470588236 0.22587316176470593
0 0.544921875 0.02734375 0.5150132234922179 -0.007842898832684853 0.4825814688715953 0.041165085927367014 0.5124901203793775 0.07635173476005187
0 0.7000417720375722 0.08674735067437402 0.6117356846098265 0.02628552504816965 0.5486711976156069 0.1900319123314066 0.6369772850433526 0.25049373795761093
0 0.7001953125 1.1842378929335003e-16 0.5939111451324642 -0.003900336417157165 0.5926811199011774 0.05568755256518094 0.6989652872687132 0.059587888982338216
0 0.823284983092449 0.10636350707904949 0.7232247729858419 -0.020294986726782347 0.6432546245575594 0.09201864395471665 0.7433148346641666 0.21867713776054848
0 0.7532000607696112 0.17580957481872125 0.6643554043754121 0.14228328938694804 0.640234246250824 0.25592074544056265 0.7290789026450232 0.28944703087233586
0 0.6576643318965517 0.2911727729885058 0.617120150862069 0.26800466954023 0.5956021012931034 0.33494971264367823 0.6361462823275861 0.3581178160919541