0 0.33723182756126613 0.07266139096891315 0.2754610917290673 0.025347635863399158 0.25659661653335597 0.06913184989788972 0.3183673523655548 0.11644560500340372
0 0.0546875 0.05078125000000001 0.029402043269230772 0.04158653846153846 0.016240985576923075 0.10592948717948718 0.04152644230769231 0.11512419871794873
0 0.11036395345955592 0.1486006476341528 0.057617187500000014 0.13281250000000003 0.051807376338223646 0.16731925720327784 0.10455414229777955 0.18310740483743065
0 0.07357838114754098 0.27055584016393447 0.06944800204918032 0.20997694672131145 0.03792584528688525 0.21379781420765026 0.0420562243852459 0.2743767076502733
0 0.19824218750000003 0.1536458333333334 0.189453125 0.14192708333333337 0.14160156250000003 0.20572916666666669 0.15039062500000006 0.2174479166666667
0 0.13671875000000003 0.25390625000000006 0.08903438107976655 0.22820403696498062 0.07361305325875488 0.27906736381322966 0.12129742217898834 0.3047695768482491
0 0.11570905563456262 0.2936563153851184 0.051767007282267574 0.2817204663593566 0.03759631534425267 0.4166794371975938 0.10153836369654771 0.4286152862233556
0 0.01837108741896277 0.528029612371691 0.0009765625000000445 0.5260416666666666 -0.0019103904983792108 0.5709498244192327 0.015484134420583513 0.5729377701242571
0 0.3988281250000001 0.35130208333333346 0.37480468750000007 0.3406250000000001 0.3632812500000001 0.3867187500000001 0.3873046875000001 0.39739583333333345
0 0.5234375 0.3710937500000001 0.5096856648489932 0.33724307885906046 0.4480560507550336 0.381753355704698 0.46180788590604027 0.41560402684563763
0 0.6894926486087689 0.34229640949971896 0.6310108821669476 0.3151744308600337 0.6134755744097806 0.38239311059584036 0.671957340851602 0.4095150892355256
0 0.49752286585365846 0.7289443597560977 0.4832507621951219 0.67729293699187 0.4133765243902439 0.7116171239837399 0.42764862804878045 0.7632685467479676
0 0.5604508196721312 0.872289105191257 0.5362448770491803 0.8453936133879782 0.5040663422131147 0.8968792691256832 0.5282722848360656 0.9237747609289619
0 0.597107769691781 0.8461401255707766 0.5614966823630138 0.8245576484018268 0.5501257491438357 0.8579123858447489 0.5857368364726029 0.8794948630136987
0 0.74609375 0.8450520833333335 0.6923828125000002 0.8072916666666669 0.6595793051603727 0.8902430645369894 0.7132902426603724 0.9280034812036558
0 0.803026848032995 0.8708425867174282 0.7745032915609138 0.868126057529611 0.7721535929568528 0.9119870981387481 0.8006771494289341 0.9147036273265653
0 0.15173127783964369 0.9986712370081663 0.15136718750000003 0.9661458333333334 0.08369336372494433 0.9674925760950259 0.08405745406458798 1.000017979769859
0 0.05468750000000009 0.8515625 7.94704880892008e-17 0.8515625 8.204176798975432e-17 0.9075520833333334 0.05468750000000009 0.9075520833333334
0 0.015625000000000076 0.8177083333333334 7.528468359992763e-17 0.8177083333333334 7.797555791446038e-17 0.8763020833333334 0.015625000000000076 0.8763020833333334
0 0.5390625 0.7239583333333334 0.48828125 0.7239583333333334 0.48828125 0.8138020833333334 0.5390625 0.8138020833333334