0 0.259765625 0.2122395833333334 0.21583091450542818 0.185324625552875 0.19450321358564535 0.2472167772416567 0.23843792408021716 0.2741317350221151
0 0.09794347426470588 0.19424019607843138 0.057157628676470604 0.16161151960784315 -0.016773897058823505 0.32590379901960786 0.024011948529411777 0.3585324754901961
0 0.12573529411764714 0.5424632352941178 0.09140625000000004 0.5322916666666667 0.08076746323529416 0.5961243872549019 0.11509650735294126 0.606295955882353
0 0.339867568597561 0.46252540650406504 0.33098323170731714 0.3559133638211383 0.2576695884146341 0.36677464430894313 0.266553925304878 0.4733866869918699
0 0.47757594603428233 0.2185737156207632 0.41703474542417196 0.17267319751113702 0.39992078551714116 0.21280248281038164 0.4604619861272516 0.2587030009200078
0 0.5966796875 5.921189464667501e-17 0.5516446094494757 -0.031013167302192574 0.5018607751429933 0.09750680211312363 0.5468958531935175 0.12851996941531627
0 0.6793778582317074 0.01543445121951231 0.6011337652439024 0.0038427337398374856 0.5955363948170731 0.0710111788617887 0.6737804878048781 0.08260289634146353
0 0.6210814352143759 0.13048911044556538 0.5826383689312736 0.08915248003362759 0.5547761664564943 0.13521798812526278 0.5932192327395965 0.17655461853720056
0 0.5254434121621623 0.032129786036036036 0.5246211505977132 -0.0018570252945253015 0.470305191008316 0.00047914501039501384 0.4711274525727651 0.03446595634095635
0 0.276749366554054 0.0219115990990991 0.2763671875 -3.7007434154171884e-18 0.234375 0.0013020833333333324 0.23475717905405405 0.023213682432432433
0 0.49609375 0.9986979166666666 0.4953194997070165 0.8799795384091939 0.36912319956903067 0.88144268391804 0.36989744986201417 1.0001610621755128
0 0.79578125 0.6872916666666667 0.7255859375 0.5625000000000001 0.6357421875 0.6523437500000001 0.7059375 0.7771354166666667
0 0.8321640624999999 0.8811875 0.7978515624999998 0.8151041666666669 0.7494062499999998 0.859822916666667 0.7837187499999999 0.9259062500000002