0 0.6132739854543039 0.11682496457669149 0.5795955516073326 0.024652408784980474 0.5185609142534536 0.06429883988664545 0.552239348100425 0.15647139567835647
0 0.6886046362704916 0.07609716530054657 0.661036757172131 -0.007919228142076367 0.6116515112704917 0.02088883196721317 0.6392193903688523 0.1049052254098361
0 0.6193458546368124 0.20159518982134475 0.5646803927186177 0.1518993153502587 0.5226152040726374 0.2341601287023978 0.577280665990832 0.28385600317348386
0 0.12337027690195279 0.1449158360455655 0.08306263984947111 0.0969824298209927 0.035129233624898296 0.16864045124762683 0.07543687067737999 0.21657385747219962
0 0.1013671875 0.035677083333333345 0.06464843750000002 0.011197916666666686 0.03144531250000001 0.09973958333333337 0.0681640625 0.12421875000000003
0 0.4570312500000001 0.39713541666666685 0.383737888919214 0.3224049308588066 0.3429354871724891 0.39354758005822443 0.41622884825327516 0.46827806586608467
0 0.14971454326923078 0.40554887820512814 0.11643051960059178 0.38705775394477315 0.09869059726331367 0.4438255054240631 0.13197462093195267 0.4623166296844181
0 0.3819236098387687 0.7004344730975938 0.2893609437980945 0.598669670666911 0.10337892772077684 0.8994065477281055 0.19594159376145104 1.0011713501587882
0 0.3480535360840439 0.843734140276086 0.3082654537149817 0.8140257054405197 0.27271191763093783 0.8986769818311003 0.31249999999999994 0.9283854166666666
0 0.5064880633047211 0.7040414878397713 0.41331645654506444 0.627592989985694 0.36375905311158807 0.7349673640915595 0.45693065987124476 0.8114158619456368
0 0.8780085547802849 0.8472108818289787 0.8400130826900236 0.7929316359857483 0.7764089407660333 0.8720834570467143 0.8144044128562944 0.9263627028899447