0 0.33385363843813387 0.03199216108857335 0.32947594447261663 -0.00419677569303584 0.2882721380578094 0.00466425794455713 0.29264983202332656 0.04085319472616632
0 0.2865759851094003 0.13025898163155056 0.25195312499999994 0.12630208333333337 0.25053338989059964 0.14838685170178284 0.28515625 0.15234375000000003
0 0.417001512765252 0.3725851016799293 0.39861260775862073 0.3306663074712644 0.330792025862069 0.38355783045977015 0.3491809308687003 0.42547662466843506
0 0.41231897865853656 0.327953506097561 0.4005811737804878 0.28547383130081305 0.35786013719512194 0.30645960365853664 0.3695979420731707 0.34893927845528455
0 0.3732192095588235 0.25038296568627455 0.3401309742647059 0.23935355392156865 0.33254825367647056 0.2797947303921569 0.3656364889705882 0.2908241421568628
0 0.3911868578767124 0.469445633561644 0.3549871575342466 0.44750642123287676 0.3385327482876712 0.49577268835616445 0.37473244863013705 0.5177119006849317
0 0.4168523728542731 0.45149858473338217 0.39355468749999994 0.38802083333333337 0.3684094514700511 0.40442765400535674 0.3917071368243243 0.4679054054054055
0 0.5684618657178218 0.38691470709570974 0.550578202351485 0.3243218853135314 0.4839379641089108 0.35817089521452145 0.5018216274752475 0.42076371699669984
0 0.683633273608769 0.3449005761663857 0.6246212320826307 0.31753267284991576 0.6066906882377741 0.38626642425519964 0.6657027297639123 0.41363432757166957
0 0.7345252403846153 0.545272435897436 0.7041015625 0.5182291666666667 0.6605318509615384 0.6053685897435898 0.6909555288461537 0.632411858974359
0 0.8486007063356166 0.5949058219178084 0.8077135059931507 0.592886700913242 0.8064560145547945 0.638156392694064 0.8473432148972604 0.6401755136986302
0 0.933984375 0.8656250000000002 0.9248046875 0.8411458333333334 0.8880859375 0.865625 0.897265625 0.8901041666666669
0 0.8061857876712331 0.8859696061643838 0.7726348458904111 0.8656357020547946 0.762066566780822 0.8966359874429225 0.795617508561644 0.9169698915525117
0 0.5397989241803279 0.7326886953551914 0.4890817110655739 0.7265411543715848 0.48357453893442626 0.8073130122950821 0.5342917520491804 0.8134605532786886
0 0.37132240853658544 0.7253810975609756 0.3610184832317073 0.6612677845528455 0.3039967606707317 0.6775597052845528 0.31430068597560973 0.741673018292683
0 0.35952679727979275 0.6372517271157169 0.34054201748704666 0.5938579447322974 0.2973101522020726 0.6274827288428326 0.3162949319948187 0.6708765112262522
0 0.31115975215517244 0.861548132183908 0.3102303340517242 0.8404813218390804 0.2725619612068965 0.8434357040229885 0.2734913793103448 0.8645025143678161
0 0.2646484375 0.9114583333333334 0.216796875 0.84765625 0.1435546875 0.9453125 0.19140625 1.0091145833333333
0 0.1789362980769231 0.8474559294871794 0.07301682692307698 0.8192107371794871 0.06445312500000004 0.8763020833333334 0.17037259615384617 0.9045472756410257
0 0.4550781249999999 0.5455729166666666 0.4521484374999999 0.46614583333333337 0.38724394688337804 0.4704018655049152 0.39017363438337804 0.5498289488382485