0 0.037109375000000014 0.06510416666666667 6.517895561868238e-18 0.06510416666666667 1.1002686086089501e-17 0.16276041666666666 0.037109375000000014 0.16276041666666666
0 0.06650727370689657 0.20150862068965522 0.012526939655172436 0.1706627155172414 -0.013941271551724121 0.2530082614942529 0.04003906250000002 0.2838541666666667
0 0.3271484375 5.3660779523549233e-17 0.287156983873365 -0.001300535077288889 0.2866483817627824 0.02650304696789541 0.3266398353894174 0.027803582045184353
0 0.43646599264705876 0.13641237745098037 0.42491957720588236 0.0748314950980392 0.38172104779411764 0.08923100490196076 0.3932674632352941 0.15081188725490194
0 0.48771099452554745 0.13490343673965946 0.42325786952554745 0.10365343673965946 0.4101134808394161 0.15184952858880785 0.4745666058394161 0.18309952858880785
0 0.6145703124999999 0.2789583333333333 0.6064062499999999 0.20276041666666667 0.4896484375 0.22500000000000006 0.49781250000000005 0.3011979166666667
0 0.580078125 0.15625000000000008 0.50390625 0.15625000000000006 0.50390625 0.20703125000000008 0.580078125 0.2070312500000001
0 0.4860460273309065 0.3757045561296384 0.41674907893964297 0.35077232072960707 0.4013015940582433 0.4271010695553469 0.47059854244950683 0.45203330495537825
0 0.6341796875 0.521875 0.6259765625 0.44531250000000006 0.5636328125 0.4571875 0.5718359375 0.53375
0 0.5173598345588234 0.5436274509803922 0.49371553308823524 0.4940870098039217 0.3809857536764706 0.5897365196078432 0.4046300551470588 0.6392769607843137
0 0.4689202264908256 0.6207712155963302 0.45311604071100914 0.5816370412844037 0.4123512758027523 0.6109040519877676 0.42815546158256873 0.6500382262996941
0 0.3465912564631079 0.6906762390534751 0.2939453125 0.6354166666666666 0.27352593103689216 0.6700008442798584 0.32617187500000006 0.7252604166666667
0 0.10236557575214902 0.5948431530563515 0.061769676755014345 0.5798076349092647 0.04826849032951295 0.6446133297516714 0.08886438932664761 0.6596488478987583
0 0.4540744600492391 0.7644021840495374 0.3984375000000001 0.7565104166666666 0.3954912013205014 0.7934373601163833 0.45112816136974043 0.8013291274992541
0 0.6087173554766733 0.7907184964503042 0.5755597901876268 0.7325473292765383 0.5254441081389453 0.7833312204192022 0.5586016734279917 0.8415023875929681
0 0.5373617450842698 0.8122220271535581 0.5227023349719102 0.8000058520599251 0.504762113764045 0.8382783239700374 0.5194215238764046 0.8504944990636704
0 0.998702463794166 0.9734854320734045 0.9816587600143798 0.9022806251711862 0.8532034780710764 0.9569424472747194 0.8702471818508627 1.0281472541769376