0 0.7191773262976346 0.27091888414367066 0.7170317119743759 0.1593469393342094 0.5057823792706965 0.16656913874288215 0.5079279935939554 0.2781410835523434
0 0.6957127305327869 0.22592213114754098 0.6860271516393444 0.08386697404371586 0.535460425204918 0.10211748633879786 0.5451460040983606 0.24417264344262296
0 0.706832480641593 0.2876912794985252 0.6550487417035399 0.22727691740412984 0.5528726493362832 0.3829738200589971 0.6046563882743363 0.44338818215339243
0 0.6972656249999999 0.44921875 0.6829339104729729 0.3345650337837837 0.6116712415540541 0.3504011824324324 0.626002956081081 0.46505489864864863
0 0.7684364186851211 0.4447943699538639 0.7297152086937716 0.27515859284890426 0.6660629325259517 0.30098850201845445 0.7047841425173011 0.47062427912341404
0 0.765625 0.4856770833333333 0.7464304956896551 0.42596084770114934 0.6841998922413793 0.4615211925287356 0.7033943965517242 0.5212374281609196
0 0.7110126201923077 0.4356971153846155 0.6982421875 0.4322916666666668 0.6957632211538461 0.4488181089743591 0.7085336538461539 0.45222355769230776
0 0.9777248475609757 0.1352705792682928 0.9100228658536584 0.07686102642276431 0.8785299161585366 0.14175558943089442 0.9462318978658535 0.2001651422764229
0 0.44601562499999997 0.18234375 0.4425 0.14953124999999995 0.4003906249999999 0.15755208333333334 0.4039062499999999 0.19036458333333334
0 0.9679605544536771 0.85459984584148 0.9343721800270718 0.6345716539454554 0.7942295128966761 0.6726044721637339 0.8278178873232817 0.8926326640597584
0 0.63671875 0.7539062500000001 0.5858281067677946 0.7445470512446519 0.5780156067677946 0.8200678845779853 0.62890625 0.8294270833333335
0 0.6822103917367401 0.8412098426045712 0.5688394445342821 0.8218301935101339 0.5572103917367401 0.9427723426045712 0.6705813389391981 0.9621519916990083
0 0.6074218750000001 0.9518229166666669 0.5732421875000001 0.9348958333333336 0.5631697229196557 0.9710533984935439 0.5973494104196557 0.9879804818268773
0 0.3124815742924529 0.9380650550314467 0.2643683667452831 0.9260367531446542 0.25620946344339635 0.9840556210691823 0.3043226709905661 0.9960839229559749