0 0.07869856516812028 0.018536681872083252 0.0004139800177874733 0.016955175101369447 -0.001952228454211609 0.22518152063728866 0.07633235669612119 0.2267630274080025
0 0.2253784461605081 0.20967751635873752 0.21503996463625868 0.19014927347959973 0.17482047488452657 0.22800291089299468 0.185158956408776 0.24753115377213245
0 0.07258738258670522 0.3354708574181118 0.049895005419075156 0.31328275529865124 0.03219833815028901 0.3454585139691716 0.05489071531791907 0.3676466160886321
0 0.1015625 0.4466145833333333 0.09043694048408488 0.3665105548187445 0.053229132128647216 0.3756976679929266 0.06435469164456234 0.45580169650751545
0 0.3678296232876712 0.4124393550228311 0.3406999143835616 0.31597816780821925 0.27734374999999994 0.3476562500000001 0.30447345890410954 0.4441174372146119
0 0.44933046571011676 0.4997000648508431 0.30745607368677047 0.4232287613488976 0.2981137524319067 0.4540420314526589 0.43998814445525297 0.5305133349546044
0 0.41975129639737985 0.43188796397379925 0.36653930131004364 0.3776325964337701 0.3359375 0.4309895833333334 0.3891494950873362 0.4852449508733626
0 0.2906296472240582 0.8611788114122055 0.24706966705221411 0.8423420632297864 0.20978343935888963 0.9956298881912315 0.2533434195307337 1.0144666363736505
0 0.11495805267818815 0.9129119257191929 0.06625865446543591 0.8328788061757549 0.03414614306032635 0.8676168688278232 0.0828455412730786 0.947649988371261
0 1.0156250000000002 0.6705729166666669 0.9462890625 0.5781250000000001 0.8974609375 0.6432291666666669 0.966796875 0.7356770833333336
0 0.9304759174311927 0.41099245030581033 0.8964754157110093 0.26262662461773695 0.7991692671577277 0.30226987032462943 0.8331697688779112 0.4506356960127028
0 0.5429687499999999 0.30078125000000006 0.5372343749999999 0.25872916666666673 0.5239999999999999 0.26193750000000005 0.529734375 0.30398958333333337