0 0.125 1.570673303593936e-17 0.060546875 1.0444578820853077e-17 0.060546875 0.08723958333333333 0.125 0.08723958333333334
0 0.1533203125 0.2578125 0.12738475483425415 0.2559924608655617 0.126402796961326 0.2808687269797422 0.15233835462707185 0.2826887661141805
0 0.6190691692073171 0.6427845528455285 0.4758717606707318 0.6215701219512195 0.46505811737804886 0.7513338414634149 0.6082555259146342 0.7725482723577237
0 0.8625106052036198 0.8222791760935146 0.8107395361990948 0.7342088518099549 0.7518479567307691 0.7957532051282052 0.803619025735294 0.883823529411765
0 0.9020887425816024 0.6688110472304648 0.8635681333456973 0.5775029364490604 0.8298144241468843 0.6028182183481702 0.8683350333827894 0.6941263291295745
0 0.9053714117498834 0.32942223762081996 0.8169150498139246 0.1888614433116246 0.7304390700108543 0.2856085165012664 0.8188954319468135 0.4261693108104617
0 0.9695312499999998 0.31432291666666673 0.9640624999999998 0.29244791666666675 0.8966796875 0.3223958333333334 0.9021484375 0.3442708333333334
0 0.7892145079185519 0.20225419494720973 0.7451171874999999 0.1692708333333334 0.7311934389140271 0.20236496040723986 0.7752907593325791 0.2353483220211162
0 0.7392845676369862 0.09539098173515986 0.7261745505136986 0.05693493150684941 0.6902691566780821 0.07869577625570787 0.7033791738013697 0.11715182648401831
0 0.1933761980196273 0.7686494663701403 0.1615657984149958 0.7490134172314789 0.10811134301750917 0.9029622487762402 0.1399217426221407 0.9225982979149017
0 0.2084119073275863 0.8372844827586208 0.1737607758620691 0.8174838362068966 0.15648572198275873 0.8712284482758622 0.19113685344827594 0.8910290948275864
0 0.513671875 0.8528645833333334 0.493696990656749 0.8011648826802129 0.4537528914187228 0.8286012336719886 0.4737277757619739 0.880300934325109
0 0.5109052465596331 0.893606651376147 0.47546229931192674 0.8853879969418962 0.46651017775229364 0.9540209288990827 0.5019531250000001 0.9622395833333336
0 0.33593750000000006 0.9986979166666666 0.33567093006444154 0.9791494547257106 0.28125000000000006 0.9804687500000001 0.2815165699355585 1.0000172119409563
0 1 0.6822916666666669 0.876953125 0.6822916666666669 0.876953125 0.9700520833333336 1 0.9700520833333336