0 0.4935999530579398 0.25094442954220325 0.4775390624999999 0.21614583333333343 0.4293731558476394 0.25566657725321895 0.4454340464055793 0.2904651734620887
0 0.551453637295082 0.1502945696721312 0.5187756147540984 0.1233222336065574 0.4802318135245902 0.20633965163934428 0.5129098360655738 0.23331198770491807
0 0.638671875 0.1263020833333335 0.6103515624999999 0.08854166666666673 0.5742187499999999 0.13671875000000006 0.6025390625 0.17447916666666685
0 0.6441065436241612 0.4684056907158837 0.5357081061241612 0.4254369407158837 0.5119599412751679 0.5319438618568235 0.6203583787751679 0.5749126118568235
0 0.609446455792683 0.4266387195121952 0.604516006097561 0.36747332317073167 0.5146960746951219 0.3807799796747967 0.5196265243902439 0.4399453760162602
0 0.6975878410532995 0.43278738367174285 0.6590012293781726 0.42911246827411176 0.6547727633248732 0.508043834602369 0.693359375 0.5117187500000001
0 0.8063897197732997 0.4755031223761545 0.7759121142947103 0.34681989924433243 0.7523565412468514 0.3567380352644835 0.7828341467254407 0.48542125839630557
0 0.8408203125 0.3359375000000002 0.8232421874999998 0.3125000000000001 0.7685546874999999 0.38541666666666674 0.7861328125 0.40885416666666685
0 0.9238281250000002 0.49609375000000017 0.8665495242214533 0.4418946438869667 0.7801065095155709 0.6043027321222608 0.8373851102941178 0.6585018382352943
0 0.9593749999999999 0.5466145833333333 0.8984375 0.5195312500000002 0.873046875 0.6210937500000001 0.9339843749999999 0.6481770833333333
0 0.11873745699541285 0.5659164755351682 0.052582067087156 0.5184202981651376 -0.001980002866972397 0.653526376146789 0.06417538704128445 0.7010225535168195