0 0.4889044727943436 0.020588367148273456 0.2970833413387642 0.01161427912695978 0.2920555304718721 0.20267109206885955 0.4838766619274516 0.21164518009017325
0 0.4433593750000001 0.25130208333333337 0.36299744137519874 0.24180784644939063 0.3605152027027027 0.2791596283783785 0.4408771363275041 0.28865386526232123
0 0.3655156270510633 0.27570871072897524 0.27894947615844057 0.2381619464863919 0.263671875 0.30078125 0.35023802589262276 0.3383280142425834
0 0.10189603365384617 0.21465144230769231 0.04380709134615386 0.21034855769230767 0.0408894230769231 0.28037259615384613 0.0989783653846154 0.28467548076923077
0 0.046033820471349365 0.30235530268022187 0.0341796875 0.2578125 0.0004927940157116506 0.27375038508934074 0.012346926987061014 0.3182931877695626
0 0.042968750000000035 0.3333333333333333 3.0795561599652687e-17 0.3333333333333333 3.4562785639998543e-17 0.4153645833333333 0.042968750000000035 0.4153645833333333
0 0.2861328125 0.4375 0.22363281250000006 0.35416666666666674 0.17968750000000006 0.41276041666666674 0.2421875 0.49609375
0 0.4323456950207468 0.488551391770401 0.4199461877593361 0.42655385546334706 0.39368840767634855 0.4358899550484093 0.4060879149377593 0.4978874913554633
0 0.623046875 0.5481770833333334 0.5736755732248522 0.52074858234714 0.5399003790680474 0.6288292036489153 0.5892716808431954 0.6562577046351085
0 0.8818359375 0.8437500000000002 0.8408203125 0.7890625000000003 0.7763671875000002 0.8750000000000002 0.8173828125 0.9296875000000001
0 0.25657929078507796 0.9015520601336301 0.1614460084910913 0.8404788418708239 0.13379341244432066 0.9170552616926503 0.2289266947383073 0.9781284799554565
0 0.3623046875 0.9505208333333334 0.3388671875000001 0.9192708333333335 0.2812500000000001 0.9960937500000002 0.3046875 1.02734375