0 0.2265625 0.16796875 0.2137755529490617 0.12922042560321714 0.15722394436997317 0.16239736930294904 0.17001089142091153 0.2011456936997319
0 0.5731848703590485 0.005613027086112332 0.5399756662683414 -0.04281706221283533 0.4591389575922632 0.05572673503038394 0.4923481616829702 0.1041568243293316
0 0.564453125 0.08203125000000006 0.5419921875 0.05208333333333339 0.51171875 0.09244791666666678 0.5341796875 0.12239583333333345
0 0.6916721657191376 0.33066225511911795 0.6632751356689309 0.25283335794447725 0.5713104049763732 0.31248615623154163 0.59970743502658 0.3903150534061824
0 0.571188291510319 0.47855837632895576 0.5362793884849907 0.45448327079424644 0.521273672021576 0.4931646732332709 0.5561825750469044 0.5172397787679802
0 0.6894531250000001 0.6210937500000001 0.6888650293508288 0.6061953268876612 0.6639545925414365 0.6079434277163905 0.6645426881906078 0.6228418508287294
0 0.9453125 0.9062500000000002 0.888671875 0.9062500000000002 0.888671875 0.9570312500000002 0.9453125 0.9570312500000002
0 0.419921875 0.60546875 0.3165442181028533 0.5489782271053844 0.2996464960595951 0.6039521494861176 0.40302415295674177 0.6604426723807334
0 0.3703046057582057 0.6170876555706848 0.21688967433173292 0.5690621118197889 0.19961892087394303 0.6671429339257562 0.35303385230041584 0.715168477676652
0 0.16601562500000003 0.63671875 0.15167274926106683 0.40450076184584366 0.03767109310558152 0.4170185907570342 0.052013968844514716 0.6492365789111906
0 0.25587762218858134 0.3870963091118801 0.21634407439446365 0.33153564734717417 0.15337708153114188 0.4111862024221453 0.19291062932525954 0.46674686418685124
0 0.05359375000000004 0.38171875000000005 0.030468750000000044 0.35859375 -0.0005859374999999556 0.41380208333333335 0.02253906250000004 0.43692708333333335