0 0.6099885281133829 0.04494365706319711 0.5798566740241635 -0.007284890024783053 0.5244975604089219 0.049493688042131424 0.5546294144981412 0.1017222351301116
0 0.5672423132098913 0.10240672819056636 0.5660513044249883 -0.0008140331676920465 0.4484108790818741 0.0015991037624230912 0.4496018878667771 0.1048198651206815
0 0.554389941247974 0.23061436385737444 0.5285877988249595 0.20164353727714754 0.4685948895867099 0.2966323102377094 0.4943970320097244 0.32560313681793634
0 0.4197836538461538 0.4563181089743589 0.36035156249999994 0.38541666666666663 0.3320522836538461 0.42758814102564097 0.391484375 0.49848958333333326
0 0.3291015625000001 0.6380208333333335 0.2998046875000001 0.5989583333333335 0.2792968750000001 0.6263020833333335 0.3085937500000001 0.6653645833333335
0 0.06980468750000002 0.32114583333333335 0.04355468750000003 0.31614583333333335 0.039375000000000035 0.35515624999999995 0.06562500000000002 0.36015624999999996
0 0.544565813972877 0.7558284005854455 0.46875000000000017 0.7513020833333335 0.46706565765340163 0.801458055432044 0.5428814716262784 0.8059843726841561
0 0.6771616940045248 0.5871288178733032 0.6337890624999998 0.5546875 0.6182595093325791 0.5915983220211161 0.661632140837104 0.6240396398944194
0 0.7236328125 0.2708333333333334 0.7010967548076923 0.264823717948718 0.6923076923076923 0.323417467948718 0.71484375 0.3294270833333334
0 0.8785654362416107 0.5255785095078301 0.815501782718121 0.5107400027964207 0.8093474727348994 0.5572392337807608 0.8724111262583891 0.5720777404921702
0 1.048199890525478 0.4895667462845011 0.9580078125000002 0.37760416666666674 0.87746193272293 0.49295382165605095 0.967654010748408 0.6049164012738854
0 0.9337099736937591 0.42593999455732984 0.8828210041727141 0.39098595488630905 0.8659062046444121 0.4347654360183845 0.9167951741654571 0.46971947568940536
0 1.0108173076923075 0.24168669871794882 0.9251802884615385 0.2188501602564104 0.9143629807692308 0.290965544871795 0.9999999999999998 0.3138020833333334
0 1.0563462350571726 0.5922990297990299 0.9702666157744284 0.5487645097020099 0.9069078092515594 0.7714803144490645 0.9929874285343037 0.8150148345460847
0 0.8720462328767123 0.927429366438356 0.8655661386986301 0.8453481735159817 0.8207298801369862 0.8516409817351598 0.8272099743150685 0.9337221746575342