0 0.5529131492115187 0.15479882656267857 0.55076283692578 -0.000023658010513098275 0.4393644074605761 0.0027269204948005923 0.44151471974631484 0.15754940506799225
0 0.6942187499999999 0.0974479166666668 0.6408984375 0.08729166666666678 0.6361328125 0.13177083333333345 0.689453125 0.14192708333333345
0 0.814453125 0.18880208333333343 0.7826306573275862 0.17061781609195412 0.7709119073275862 0.2070761494252875 0.802734375 0.2252604166666668
0 0.74856462647929 0.5295411119329388 0.7387342825443788 0.3394877958579882 0.6448918269230769 0.34811698717948725 0.6547221708579881 0.5381703032544378
0 0.8886701858108109 0.44155940315315334 0.8112438766891893 0.3352426801801803 0.742141891891892 0.4247080518018019 0.8195682010135137 0.5310247747747749
0 0.939453125 0.5520833333333336 0.923828125 0.5520833333333336 0.923828125 0.6445312500000002 0.939453125 0.6445312500000002
0 0.462890625 0.7929687500000001 0.4619140625 0.7786458333333334 0.44694544057377045 0.7804602117486339 0.44792200307377045 0.7947831284153006
0 0.5086484776670951 0.7675061589545844 0.49745441034704374 0.7099366698800343 0.4478380061053985 0.7270880194944301 0.4590320734254498 0.7846575085689803
0 0.18554687500000006 0.6510416666666666 0.14453125000000006 0.6510416666666666 0.14453125000000006 0.6888020833333334 0.18554687500000006 0.6888020833333334
0 0.41921991706942013 0.4676859072934975 0.3040919513400703 0.36790833699472764 0.27713951285149385 0.42319539030462805 0.39226747858084365 0.5229729606033978
0 0.19726562500000003 0.19270833333333337 0.12890625000000003 0.19270833333333334 0.12890625000000006 0.3138020833333333 0.19726562500000006 0.3138020833333333
0 0.234375 0.20442708333333337 0.2099609375 0.17187500000000003 0.1875 0.2018229166666667 0.2119140625 0.23437500000000006
0 0.3649942366803278 0.15586577868852464 0.31656634221311475 0.149995730874317 0.31402087602459017 0.18732923497267767 0.36244877049180324 0.1931992827868853
0 0.4625000000000001 0.28411458333333334 0.4419921875000001 0.22942708333333334 0.39824218750000007 0.25859375 0.41875000000000007 0.31328125
0 0.13238376524390244 0.0038427337398374284 0.07300400152439027 -0.004954268292682921 0.06635861280487806 0.07479039634146341 0.12573837652439027 0.08358739837398375
0 0.5595703125000001 0.3645833333333334 0.5073774419625903 0.3498811162805419 0.486219824107482 0.48340919341055844 0.5384126946448918 0.49811141046335
0 0.8656850961538461 0.9821714743589747 0.7827524038461539 0.9084535256410259 0.7527043269230769 0.9685496794871798 0.8356370192307692 1.0422676282051286
0 0.9121093750000002 0.9986979166666667 0.9114728454073792 0.9554139043684345 0.857304026950423 0.956830082628747 0.857940556543044 1.0001140949269793
0 0.498046875 0.44401041666666674 0.4741083358076009 0.4142202345605701 0.4422830685866984 0.4596849020190024 0.46622160777909744 0.48947508412509905