0 0.40051879285014697 0.5183401179399283 0.3831855258325172 0.507630131815214 0.3404243312316357 0.6306623408423117 0.35775759824926545 0.641372326967026
0 0.5227066807986872 0.5424103072574766 0.4815179670404814 0.5050658734500367 0.46400822278446385 0.5393987053245809 0.5051969365426696 0.5767431391320207
0 0.5994626810622318 0.5525639306151646 0.5576515557939914 0.48602579577968535 0.5192856424356223 0.5288850143061516 0.5610967677038626 0.5954231491416309
0 0.6722750865051903 0.5253018670703575 0.6357421875000001 0.4739583333333334 0.6146038332612458 0.5006974480968859 0.6511367322664361 0.5520409818339099
0 0.7578946960975752 0.3781785526929353 0.7392578125 0.3463541666666667 0.6700962855560737 0.4183579481425352 0.6887331691536488 0.4501823341688038
0 0.12109375000000003 0.48567708333333337 0.10670036764705886 0.44009803921568635 0.06365349264705886 0.46426470588235297 0.07804687500000002 0.50984375
0 0.26462204391891897 0.7797367680180182 0.2531408361486487 0.6878871058558559 0.21703441722972974 0.6959107545045046 0.228515625 0.7877604166666667
0 0.4236444152227724 0.745939047029703 0.35093401918316836 0.7362443275577559 0.3401531559405941 0.8799891707920794 0.4128635519801982 0.8896838902640265
0 0.3565955528846154 0.7184495192307694 0.27222055288461544 0.7043870192307692 0.259375 0.84140625 0.34375000000000006 0.8554687500000001
0 0.39252112718871607 0.9336798800259404 0.3036995379377433 0.829183892671855 0.2612361685311285 0.8933507619974062 0.3500577577821013 0.9978467493514918
0 0.623197823397738 0.9985948299560163 0.6224259616517437 0.8925924835061263 0.5053443096135721 0.8941081035972352 0.5061161713595664 1.0001104500471254
0 0.8814754614093958 0.7483833193512305 0.8023673447986577 0.7297696448545862 0.7859492973993287 0.8538171140939599 0.865057414010067 0.8724307885906042
0 0.8376553428882441 0.6996156113933237 0.7941805946117563 0.6949156386066765 0.7909830256712628 0.7474978834059024 0.8344577739477506 0.7521978561925498
0 0.8822265625 0.7276041666666668 0.8376953124999998 0.7078125 0.8304687499999999 0.73671875 0.875 0.7565104166666669
0 0.9532726145488901 0.7396442243347507 0.9212633222130373 0.6950683209337114 0.8672345521374588 0.7640412189025353 0.8992438444733114 0.8086171223035746
0 1.0105162116040955 0.6822045648464168 0.9728882252559726 0.6057540529010239 0.8690912969283275 0.6965763651877135 0.9067192832764505 0.7730268771331061