0 0.512102 0.475901 0.0193211 0.0242
0 0.494903 0.472212 0.022197 0.0228235
0 0.504578 0.492418 0.0141825 0.0160236
0 0.343234 0.448748 0.0237946 0.0281226
0 0.525697 0.61389 0.00839569 0.00845681
0 0.507556 0.4742 0.013685 0.0232626
0 0.639509 0.658225 0.0085715 0.00737722
0 0.511924 0.475302 0.0254314 0.0282897
0 0.525932 0.613407 0.0107643 0.01036
0 0.343976 0.448679 0.0325191 0.0311971
0 0.507991 0.479798 0.0198112 0.0223106
0 0.667902 0.678269 0.00792381 0.00929994
0 0.495119 0.471595 0.0281926 0.0267997
0 0.360656 0.480107 0.0222544 0.018762
0 0.530248 0.490889 0.0237017 0.0181405
0 0.527547 0.460492 0.0235016 0.0181129
