0 0.521443 0.48 0.0165587 0.0133457
0 0.35617 0.313247 0.0110537 0.00841082
0 0.61271 0.352493 0.014359 0.0115299
0 0.650109 0.311168 0.0107973 0.00928899
0 0.514341 0.315309 0.0109345 0.0171608
0 0.658801 0.519915 0.0231029 0.038625
0 0.611726 0.360017 0.0154985 0.0105212
0 0.614911 0.358527 0.0181185 0.0103149
0 0.619965 0.355201 0.0146343 0.0122929
0 0.612579 0.354703 0.0151235 0.0121538
0 0.617916 0.354401 0.0167376 0.0127551
0 0.649997 0.310655 0.0123302 0.0118602
0 0.612508 0.352792 0.0176938 0.0134547
0 0.4492 0.288374 0.00798041 0.00682742
0 0.63446 0.305209 0.00596221 0.00694485
0 0.659303 0.519885 0.0328122 0.0400553
0 0.323643 0.501029 0.00726923 0.00774212
0 0.356239 0.314426 0.012003 0.012046
0 0.611931 0.360001 0.0175203 0.0135099
0 0.521583 0.479719 0.0192127 0.01766
0 0.513788 0.315648 0.0158263 0.0191558
0 0.452763 0.342789 0.00877544 0.00980736
0 0.62099 0.356027 0.0211039 0.0165461
0 0.634645 0.30575 0.00705369 0.00862868
0 0.617848 0.353956 0.020453 0.0170257
0 0.323451 0.500891 0.00934986 0.0102083
0 0.640623 0.503576 0.0293574 0.0342233
0 0.443532 0.630231 0.0094898 0.0103811
0 0.617703 0.359412 0.0194277 0.0153964
0 0.644105 0.506357 0.0243485 0.0298775
0 0.355957 0.312536 0.0134508 0.01459
0 0.443675 0.630477 0.0115728 0.0121742
0 0.63935 0.497109 0.0410317 0.046663
0 0.298321 0.663578 0.018051 0.0170254
0 0.521443 0.48 0.0165587 0.0133457
0 0.35617 0.313247 0.0110537 0.00841082
0 0.61271 0.352493 0.014359 0.0115299
0 0.650109 0.311168 0.0107973 0.00928899
0 0.514341 0.315309 0.0109345 0.0171608
0 0.658801 0.519915 0.0231029 0.038625
0 0.611726 0.360017 0.0154985 0.0105212
0 0.614911 0.358527 0.0181185 0.0103149
0 0.619965 0.355201 0.0146343 0.0122929
0 0.612579 0.354703 0.0151235 0.0121538
0 0.617916 0.354401 0.0167376 0.0127551
0 0.649997 0.310655 0.0123302 0.0118602
0 0.612508 0.352792 0.0176938 0.0134547
0 0.4492 0.288374 0.00798041 0.00682742
0 0.63446 0.305209 0.00596221 0.00694485
0 0.659303 0.519885 0.0328122 0.0400553
0 0.323643 0.501029 0.00726923 0.00774212
0 0.356239 0.314426 0.012003 0.012046
0 0.611931 0.360001 0.0175203 0.0135099
0 0.521583 0.479719 0.0192127 0.01766
0 0.513788 0.315648 0.0158263 0.0191558
0 0.452763 0.342789 0.00877544 0.00980736
0 0.62099 0.356027 0.0211039 0.0165461
0 0.634645 0.30575 0.00705369 0.00862868
0 0.617848 0.353956 0.020453 0.0170257
0 0.323451 0.500891 0.00934986 0.0102083
0 0.640623 0.503576 0.0293574 0.0342233
0 0.443532 0.630231 0.0094898 0.0103811
0 0.617703 0.359412 0.0194277 0.0153964
0 0.644105 0.506357 0.0243485 0.0298775
0 0.355957 0.312536 0.0134508 0.01459
0 0.443675 0.630477 0.0115728 0.0121742
0 0.63935 0.497109 0.0410317 0.046663
0 0.298321 0.663578 0.018051 0.0170254
2 0.514277 0.314987 0.0119325 0.0187488
2 0.521153 0.480001 0.0166635 0.0143532
2 0.649866 0.311776 0.0126773 0.0115598
2 0.356294 0.313563 0.0115546 0.0101483
0 0.66174 0.519952 0.0285726 0.0383131
2 0.613412 0.353768 0.0168102 0.0171143
2 0.612185 0.355543 0.0193983 0.0218908
2 0.617668 0.355708 0.0166677 0.0189412
0 0.663232 0.520156 0.0431033 0.0416981
0 0.42533 0.172562 0.0229439 0.0391379
2 0.521328 0.479546 0.0190579 0.0179691
2 0.634572 0.305003 0.00796918 0.00813362
2 0.241902 0.320373 0.013805 0.0119498
0 0.42523 0.172758 0.032313 0.0413142
2 0.649381 0.312181 0.0153845 0.0136953
2 0.452698 0.342996 0.00813319 0.00800905
2 0.616858 0.356117 0.0212321 0.0248888
0 0.422502 0.17088 0.0448522 0.0474018
2 0.635122 0.305026 0.00991752 0.0108332
2 0.237247 0.336701 0.0044563 0.00527298
2 0.514096 0.313552 0.0151089 0.0226951
0 0.425241 0.174738 0.0168245 0.0355507
2 0.323723 0.501104 0.00702584 0.00731766
2 0.443078 0.629955 0.00672799 0.00928638
0 0.660132 0.523211 0.0355343 0.0339302
2 0.237339 0.337982 0.00457479 0.00578469
0 0.666246 0.516669 0.0216571 0.0338528
2 0.24313 0.320574 0.017426 0.0144858
2 0.609961 0.237164 0.00934128 0.0071032
0 0.662748 0.51833 0.0637936 0.0441463
2 0.449476 0.288203 0.0110074 0.00704011
0 0.667645 0.516457 0.0354648 0.0381186
0 0.296685 0.663218 0.0178964 0.0160326
2 0.356885 0.313964 0.0167236 0.0129977
0 0.295407 0.662345 0.0217532 0.0204454
2 0.529861 0.583686 0.00749045 0.00920124
2 0.693902 0.441223 0.0100044 0.0113226
0 0.418175 0.31026 0.0208706 0.0192811
